Time,Open,High,Low,Close,Volume
20211013090018,21985,21985,21985,21985,82991
20211013090018,21980,21980,21980,21980,6000
20211013090018,21980,21980,21980,21980,6000
20211013090018,21980,21980,21980,21980,2957
20211013090018,21985,21985,21985,21985,34
20211013090018,21985,21985,21985,21985,300
20211013090018,21985,21985,21985,21985,10
20211013090018,21980,21980,21980,21980,59
20211013090018,21985,21985,21985,21985,223
20211013090019,21975,21975,21975,21975,850
20211013090019,21980,21980,21980,21980,11
20211013090019,21980,21980,21980,21980,106
20211013090020,21975,21975,21975,21975,3176
20211013090020,21975,21975,21975,21975,10
20211013090020,21970,21970,21970,21970,883
20211013090020,21975,21975,21975,21975,10
20211013090020,21975,21975,21975,21975,40
20211013090020,21970,21970,21970,21970,610
20211013090020,21965,21965,21965,21965,1000
20211013090021,21975,21975,21975,21975,10
20211013090021,21975,21975,21975,21975,250
20211013090021,21975,21975,21975,21975,15
20211013090021,21975,21975,21975,21975,100
20211013090022,21970,21970,21970,21970,50
20211013090022,21970,21970,21970,21970,404
20211013090025,21970,21970,21970,21970,11
20211013090025,21970,21970,21970,21970,6
20211013090025,21965,21965,21965,21965,2248
20211013090025,21965,21965,21965,21965,10
20211013090025,21965,21965,21965,21965,10
20211013090025,21960,21960,21960,21960,2745
20211013090025,21960,21960,21960,21960,2745
20211013090025,21960,21960,21960,21960,6000
20211013090025,21965,21965,21965,21965,10
20211013090025,21965,21965,21965,21965,10
20211013090026,21965,21965,21965,21965,10
20211013090026,21960,21960,21960,21960,227
20211013090026,21965,21965,21965,21965,3000
20211013090026,21965,21965,21965,21965,10
20211013090026,21965,21965,21965,21965,100
20211013090026,21965,21965,21965,21965,2
20211013090026,21960,21960,21960,21960,5719
20211013090027,21960,21960,21960,21960,10
20211013090027,21955,21955,21955,21955,9
20211013090027,21960,21960,21960,21960,11
20211013090027,21960,21960,21960,21960,521
20211013090027,21960,21960,21960,21960,481
20211013090027,21960,21960,21960,21960,59
20211013090027,21960,21960,21960,21960,2
20211013090028,21960,21960,21960,21960,1
20211013090028,21955,21955,21955,21955,794
20211013090028,21955,21955,21955,21955,20
20211013090029,21955,21955,21955,21955,10
20211013090029,21960,21960,21960,21960,1
20211013090029,21960,21960,21960,21960,1423
20211013090030,21960,21960,21960,21960,11
20211013090030,21955,21955,21955,21955,609
20211013090030,21950,21950,21950,21950,391
20211013090030,21955,21955,21955,21955,598
20211013090030,21955,21955,21955,21955,598
20211013090031,21955,21955,21955,21955,71
20211013090031,21955,21955,21955,21955,200
20211013090031,21960,21960,21960,21960,1800
20211013090031,21955,21955,21955,21955,20
20211013090031,21955,21955,21955,21955,324
20211013090031,21950,21950,21950,21950,26
20211013090031,21955,21955,21955,21955,3
20211013090032,21955,21955,21955,21955,1
20211013090033,21950,21950,21950,21950,14630
20211013090033,21950,21950,21950,21950,510
20211013090033,21955,21955,21955,21955,1
20211013090033,21955,21955,21955,21955,11
20211013090034,21950,21950,21950,21950,1
20211013090034,21945,21945,21945,21945,760
20211013090034,21955,21955,21955,21955,500
20211013090034,21955,21955,21955,21955,2
20211013090034,21955,21955,21955,21955,1
20211013090035,21950,21950,21950,21950,10
20211013090035,21945,21945,21945,21945,2262
20211013090035,21945,21945,21945,21945,10
20211013090035,21950,21950,21950,21950,3
20211013090035,21950,21950,21950,21950,1
20211013090036,21950,21950,21950,21950,1
20211013090036,21950,21950,21950,21950,20
20211013090037,21950,21950,21950,21950,300
20211013090037,21940,21940,21940,21940,375
20211013090037,21950,21950,21950,21950,1
20211013090037,21940,21940,21940,21940,120
20211013090037,21950,21950,21950,21950,10
20211013090037,21950,21950,21950,21950,100
20211013090038,21945,21945,21945,21945,211
20211013090038,21945,21945,21945,21945,11
20211013090038,21950,21950,21950,21950,1
20211013090039,21950,21950,21950,21950,1
20211013090039,21950,21950,21950,21950,455
20211013090039,21940,21940,21940,21940,1000
20211013090040,21945,21945,21945,21945,106
20211013090040,21945,21945,21945,21945,1
20211013090040,21940,21940,21940,21940,300
20211013090040,21945,21945,21945,21945,227
20211013090041,21945,21945,21945,21945,100
20211013090041,21940,21940,21940,21940,10
20211013090041,21940,21940,21940,21940,3673
20211013090041,21945,21945,21945,21945,200
20211013090041,21945,21945,21945,21945,11
20211013090041,21940,21940,21940,21940,10
20211013090041,21940,21940,21940,21940,1
20211013090042,21935,21935,21935,21935,4003
20211013090042,21935,21935,21935,21935,3033
20211013090042,21940,21940,21940,21940,20
20211013090042,21940,21940,21940,21940,38
20211013090042,21940,21940,21940,21940,10
20211013090042,21940,21940,21940,21940,70
20211013090043,21935,21935,21935,21935,1
20211013090043,21935,21935,21935,21935,10
20211013090043,21930,21930,21930,21930,1620
20211013090043,21930,21930,21930,21930,1
20211013090043,21930,21930,21930,21930,50
20211013090043,21930,21930,21930,21930,10
20211013090043,21930,21930,21930,21930,5
20211013090044,21930,21930,21930,21930,22
20211013090044,21930,21930,21930,21930,16
20211013090044,21930,21930,21930,21930,1
20211013090044,21930,21930,21930,21930,195
20211013090044,21935,21935,21935,21935,10
20211013090044,21935,21935,21935,21935,200
20211013090044,21930,21930,21930,21930,133
20211013090044,21935,21935,21935,21935,10
20211013090044,21925,21925,21925,21925,730
20211013090045,21930,21930,21930,21930,11
20211013090045,21930,21930,21930,21930,2
20211013090045,21935,21935,21935,21935,10
20211013090045,21935,21935,21935,21935,1
20211013090045,21935,21935,21935,21935,10
20211013090045,21930,21930,21930,21930,200
20211013090045,21930,21930,21930,21930,10
20211013090046,21930,21930,21930,21930,10
20211013090046,21925,21925,21925,21925,4914
20211013090046,21925,21925,21925,21925,1632
20211013090047,21930,21930,21930,21930,10
20211013090047,21930,21930,21930,21930,30
20211013090047,21930,21930,21930,21930,6
20211013090047,21930,21930,21930,21930,10
20211013090047,21930,21930,21930,21930,10
20211013090047,21930,21930,21930,21930,1
20211013090048,21925,21925,21925,21925,1005
20211013090048,21925,21925,21925,21925,100
20211013090048,21930,21930,21930,21930,1139
20211013090048,21930,21930,21930,21930,10
20211013090048,21930,21930,21930,21930,11
20211013090048,21930,21930,21930,21930,5
20211013090048,21930,21930,21930,21930,10
20211013090048,21925,21925,21925,21925,1215
20211013090048,21930,21930,21930,21930,10
20211013090049,21925,21925,21925,21925,5
20211013090049,21930,21930,21930,21930,10
20211013090049,21930,21930,21930,21930,5
20211013090049,21925,21925,21925,21925,50
20211013090049,21925,21925,21925,21925,10
20211013090050,21925,21925,21925,21925,10
20211013090050,21920,21920,21920,21920,4831
20211013090050,21925,21925,21925,21925,500
20211013090050,21925,21925,21925,21925,10
20211013090050,21925,21925,21925,21925,10
20211013090051,21925,21925,21925,21925,10
20211013090051,21925,21925,21925,21925,10
20211013090051,21925,21925,21925,21925,10
20211013090052,21925,21925,21925,21925,10
20211013090052,21925,21925,21925,21925,10
20211013090053,21925,21925,21925,21925,930
20211013090053,21930,21930,21930,21930,10
20211013090053,21925,21925,21925,21925,70
20211013090053,21930,21930,21930,21930,10
20211013090053,21930,21930,21930,21930,3
20211013090053,21920,21920,21920,21920,47
20211013090053,21915,21915,21915,21915,1953
20211013090053,21925,21925,21925,21925,20
20211013090054,21920,21920,21920,21920,1
20211013090054,21920,21920,21920,21920,10
20211013090054,21925,21925,21925,21925,10
20211013090054,21925,21925,21925,21925,456
20211013090054,21925,21925,21925,21925,10
20211013090055,21920,21920,21920,21920,200
20211013090055,21920,21920,21920,21920,10
20211013090055,21920,21920,21920,21920,10
20211013090055,21920,21920,21920,21920,300
20211013090055,21920,21920,21920,21920,20
20211013090055,21920,21920,21920,21920,10
20211013090056,21920,21920,21920,21920,10
20211013090056,21920,21920,21920,21920,10
20211013090056,21915,21915,21915,21915,50
20211013090057,21920,21920,21920,21920,72
20211013090057,21920,21920,21920,21920,10
20211013090057,21920,21920,21920,21920,50
20211013090057,21920,21920,21920,21920,18
20211013090057,21920,21920,21920,21920,2
20211013090057,21920,21920,21920,21920,10
20211013090057,21915,21915,21915,21915,956
20211013090057,21920,21920,21920,21920,300
20211013090057,21920,21920,21920,21920,10
20211013090058,21920,21920,21920,21920,10
20211013090058,21915,21915,21915,21915,4434
20211013090058,21920,21920,21920,21920,10
20211013090058,21915,21915,21915,21915,3
20211013090059,21915,21915,21915,21915,10
20211013090059,21915,21915,21915,21915,100
20211013090059,21920,21920,21920,21920,100
20211013090059,21920,21920,21920,21920,10
20211013090059,21915,21915,21915,21915,170
20211013090059,21920,21920,21920,21920,10
20211013090100,21915,21915,21915,21915,101
20211013090100,21915,21915,21915,21915,1
20211013090100,21915,21915,21915,21915,2
20211013090100,21920,21920,21920,21920,10
20211013090100,21915,21915,21915,21915,500
20211013090100,21920,21920,21920,21920,1500
20211013090100,21920,21920,21920,21920,10
20211013090101,21920,21920,21920,21920,7
20211013090101,21915,21915,21915,21915,1
20211013090101,21920,21920,21920,21920,10
20211013090101,21915,21915,21915,21915,19
20211013090101,21910,21910,21910,21910,1444
20211013090101,21915,21915,21915,21915,9
20211013090101,21915,21915,21915,21915,9
20211013090101,21915,21915,21915,21915,10
20211013090102,21910,21910,21910,21910,500
20211013090102,21915,21915,21915,21915,18
20211013090102,21915,21915,21915,21915,1
20211013090102,21915,21915,21915,21915,1
20211013090102,21915,21915,21915,21915,10
20211013090102,21915,21915,21915,21915,10
20211013090102,21915,21915,21915,21915,182
20211013090102,21915,21915,21915,21915,1
20211013090102,21910,21910,21910,21910,1
20211013090102,21915,21915,21915,21915,1
20211013090102,21915,21915,21915,21915,10
20211013090102,21915,21915,21915,21915,1
20211013090102,21915,21915,21915,21915,1754
20211013090102,21915,21915,21915,21915,5
20211013090102,21915,21915,21915,21915,1
20211013090102,21910,21910,21910,21910,1
20211013090102,21915,21915,21915,21915,5995
20211013090102,21915,21915,21915,21915,5
20211013090102,21920,21920,21920,21920,5
20211013090102,21915,21915,21915,21915,5995
20211013090102,21910,21910,21910,21910,1
20211013090103,21915,21915,21915,21915,1
20211013090103,21910,21910,21910,21910,1
20211013090103,21920,21920,21920,21920,10
20211013090103,21915,21915,21915,21915,50
20211013090103,21910,21910,21910,21910,496
20211013090103,21910,21910,21910,21910,300
20211013090103,21915,21915,21915,21915,500
20211013090103,21920,21920,21920,21920,500
20211013090104,21915,21915,21915,21915,20
20211013090104,21920,21920,21920,21920,49
20211013090104,21915,21915,21915,21915,10
20211013090104,21910,21910,21910,21910,850
20211013090105,21915,21915,21915,21915,40
20211013090105,21920,21920,21920,21920,1817
20211013090105,21920,21920,21920,21920,7619
20211013090105,21920,21920,21920,21920,1
20211013090105,21920,21920,21920,21920,1
20211013090105,21920,21920,21920,21920,1
20211013090106,21925,21925,21925,21925,26
20211013090106,21920,21920,21920,21920,200
20211013090106,21925,21925,21925,21925,1
20211013090106,21925,21925,21925,21925,1
20211013090106,21920,21920,21920,21920,100
20211013090107,21925,21925,21925,21925,1
20211013090107,21930,21930,21930,21930,3126
20211013090107,21925,21925,21925,21925,1
20211013090107,21930,21930,21930,21930,1
20211013090107,21935,21935,21935,21935,1
20211013090107,21940,21940,21940,21940,1
20211013090107,21940,21940,21940,21940,9
20211013090107,21935,21935,21935,21935,1
20211013090107,21935,21935,21935,21935,1
20211013090107,21935,21935,21935,21935,1
20211013090107,21935,21935,21935,21935,1
20211013090107,21940,21940,21940,21940,1
20211013090107,21935,21935,21935,21935,1
20211013090107,21940,21940,21940,21940,1
20211013090107,21935,21935,21935,21935,250
20211013090107,21935,21935,21935,21935,1
20211013090108,21940,21940,21940,21940,5523
20211013090108,21940,21940,21940,21940,3666
20211013090108,21950,21950,21950,21950,531
20211013090108,21950,21950,21950,21950,500
20211013090108,21950,21950,21950,21950,31
20211013090108,21940,21940,21940,21940,180
20211013090108,21945,21945,21945,21945,10
20211013090108,21945,21945,21945,21945,1
20211013090109,21950,21950,21950,21950,4
20211013090110,21955,21955,21955,21955,1
20211013090110,21955,21955,21955,21955,19
20211013090111,21960,21960,21960,21960,4
20211013090111,21960,21960,21960,21960,1
20211013090111,21960,21960,21960,21960,1
20211013090111,21955,21955,21955,21955,50
20211013090111,21960,21960,21960,21960,111
20211013090112,21955,21955,21955,21955,1
20211013090112,21955,21955,21955,21955,1
20211013090112,21955,21955,21955,21955,1
20211013090112,21960,21960,21960,21960,10
20211013090112,21955,21955,21955,21955,1
20211013090112,21960,21960,21960,21960,10
20211013090112,21955,21955,21955,21955,1
20211013090112,21950,21950,21950,21950,1278
20211013090112,21960,21960,21960,21960,1
20211013090113,21950,21950,21950,21950,83
20211013090113,21955,21955,21955,21955,50
20211013090114,21955,21955,21955,21955,5
20211013090114,21955,21955,21955,21955,40
20211013090114,21955,21955,21955,21955,1
20211013090115,21955,21955,21955,21955,10
20211013090115,21950,21950,21950,21950,52
20211013090115,21945,21945,21945,21945,148
20211013090115,21955,21955,21955,21955,15
20211013090115,21955,21955,21955,21955,50
20211013090116,21955,21955,21955,21955,10
20211013090116,21950,21950,21950,21950,1
20211013090116,21950,21950,21950,21950,1
20211013090116,21955,21955,21955,21955,1
20211013090116,21950,21950,21950,21950,2
20211013090116,21950,21950,21950,21950,1
20211013090116,21950,21950,21950,21950,1
20211013090116,21955,21955,21955,21955,10
20211013090117,21955,21955,21955,21955,29
20211013090117,21960,21960,21960,21960,1182
20211013090118,21965,21965,21965,21965,85
20211013090118,21960,21960,21960,21960,10
20211013090118,21970,21970,21970,21970,100
20211013090119,21960,21960,21960,21960,455
20211013090119,21960,21960,21960,21960,1
20211013090119,21970,21970,21970,21970,200
20211013090120,21965,21965,21965,21965,1
20211013090120,21970,21970,21970,21970,50
20211013090120,21970,21970,21970,21970,1
20211013090120,21970,21970,21970,21970,3749
20211013090121,21975,21975,21975,21975,1
20211013090121,21970,21970,21970,21970,1
20211013090121,21970,21970,21970,21970,1
20211013090121,21970,21970,21970,21970,1
20211013090121,21975,21975,21975,21975,30
20211013090121,21975,21975,21975,21975,1
20211013090122,21970,21970,21970,21970,1
20211013090122,21975,21975,21975,21975,1
20211013090122,21975,21975,21975,21975,14714
20211013090122,21975,21975,21975,21975,100
20211013090122,21980,21980,21980,21980,1
20211013090122,21980,21980,21980,21980,486
20211013090123,21980,21980,21980,21980,1000
20211013090123,21975,21975,21975,21975,300
20211013090123,21980,21980,21980,21980,324
20211013090123,21980,21980,21980,21980,1
20211013090123,21985,21985,21985,21985,1
20211013090123,21980,21980,21980,21980,1
20211013090124,21985,21985,21985,21985,125
20211013090124,21980,21980,21980,21980,18
20211013090124,21990,21990,21990,21990,9
20211013090124,21980,21980,21980,21980,1
20211013090124,21990,21990,21990,21990,16
20211013090125,21980,21980,21980,21980,50
20211013090125,21990,21990,21990,21990,1
20211013090125,21980,21980,21980,21980,300
20211013090126,21985,21985,21985,21985,1000
20211013090126,21985,21985,21985,21985,1
20211013090126,21985,21985,21985,21985,1
20211013090126,21985,21985,21985,21985,1
20211013090126,21985,21985,21985,21985,100
20211013090126,21985,21985,21985,21985,20
20211013090126,21990,21990,21990,21990,966
20211013090126,21990,21990,21990,21990,50
20211013090127,21995,21995,21995,21995,671
20211013090127,22000,22000,22000,22000,329
20211013090127,21990,21990,21990,21990,1
20211013090127,21995,21995,21995,21995,30
20211013090127,21995,21995,21995,21995,1
20211013090127,21995,21995,21995,21995,1
20211013090127,21995,21995,21995,21995,1
20211013090127,21995,21995,21995,21995,1
20211013090127,21995,21995,21995,21995,1
20211013090127,21995,21995,21995,21995,1
20211013090127,21995,21995,21995,21995,1
20211013090127,21995,21995,21995,21995,1
20211013090127,21995,21995,21995,21995,1
20211013090127,21995,21995,21995,21995,1
20211013090127,21995,21995,21995,21995,1
20211013090127,21995,21995,21995,21995,1
20211013090127,21995,21995,21995,21995,1
20211013090127,21995,21995,21995,21995,1
20211013090127,21995,21995,21995,21995,1
20211013090127,21995,21995,21995,21995,1
20211013090127,21995,21995,21995,21995,1
20211013090127,21995,21995,21995,21995,1
20211013090127,22000,22000,22000,22000,1
20211013090127,21995,21995,21995,21995,3000
20211013090127,22000,22000,22000,22000,775
20211013090127,22000,22000,22000,22000,805
20211013090127,22000,22000,22000,22000,200
20211013090127,22000,22000,22000,22000,1
20211013090127,22000,22000,22000,22000,1
20211013090127,22000,22000,22000,22000,1
20211013090127,22000,22000,22000,22000,1
20211013090127,22000,22000,22000,22000,1
20211013090127,22000,22000,22000,22000,1
20211013090127,22000,22000,22000,22000,1
20211013090127,22000,22000,22000,22000,1
20211013090127,22000,22000,22000,22000,1
20211013090127,22000,22000,22000,22000,1
20211013090127,22000,22000,22000,22000,1
20211013090127,22000,22000,22000,22000,1
20211013090127,22000,22000,22000,22000,1
20211013090127,22000,22000,22000,22000,1
20211013090127,22000,22000,22000,22000,1
20211013090127,22000,22000,22000,22000,1
20211013090127,22000,22000,22000,22000,1
20211013090127,22005,22005,22005,22005,1
20211013090128,22000,22000,22000,22000,1
20211013090128,22000,22000,22000,22000,1
20211013090128,22000,22000,22000,22000,1
20211013090128,22000,22000,22000,22000,1
20211013090128,21995,21995,21995,21995,50
20211013090128,22005,22005,22005,22005,444
20211013090128,22005,22005,22005,22005,1
20211013090128,21995,21995,21995,21995,3
20211013090129,22000,22000,22000,22000,1
20211013090129,22000,22000,22000,22000,1
20211013090129,22005,22005,22005,22005,1
20211013090129,22000,22000,22000,22000,1
20211013090129,22000,22000,22000,22000,1
20211013090129,22005,22005,22005,22005,1
20211013090129,22005,22005,22005,22005,6
20211013090129,22005,22005,22005,22005,1
20211013090129,22005,22005,22005,22005,1
20211013090129,22005,22005,22005,22005,1
20211013090129,22005,22005,22005,22005,1
20211013090129,22005,22005,22005,22005,1
20211013090129,22005,22005,22005,22005,1
20211013090129,22005,22005,22005,22005,1
20211013090129,22005,22005,22005,22005,1
20211013090129,22005,22005,22005,22005,1
20211013090129,22005,22005,22005,22005,1
20211013090129,22005,22005,22005,22005,1
20211013090129,22005,22005,22005,22005,1
20211013090129,22005,22005,22005,22005,1
20211013090129,22005,22005,22005,22005,1
20211013090129,22005,22005,22005,22005,1
20211013090129,22005,22005,22005,22005,500
20211013090129,22005,22005,22005,22005,1
20211013090129,22005,22005,22005,22005,1
20211013090129,22005,22005,22005,22005,477
20211013090130,22005,22005,22005,22005,1
20211013090130,22010,22010,22010,22010,100
20211013090130,22005,22005,22005,22005,1
20211013090130,22000,22000,22000,22000,1
20211013090130,22000,22000,22000,22000,500
20211013090130,22010,22010,22010,22010,193
20211013090130,22015,22015,22015,22015,807
20211013090130,22005,22005,22005,22005,1
20211013090130,22005,22005,22005,22005,1
20211013090130,22005,22005,22005,22005,1
20211013090131,22010,22010,22010,22010,100
20211013090131,22005,22005,22005,22005,1
20211013090131,22005,22005,22005,22005,6
20211013090131,22000,22000,22000,22000,1
20211013090131,22000,22000,22000,22000,603
20211013090131,22000,22000,22000,22000,500
20211013090131,22000,22000,22000,22000,3685
20211013090131,22005,22005,22005,22005,20
20211013090131,22000,22000,22000,22000,350
20211013090132,22000,22000,22000,22000,10
20211013090132,22005,22005,22005,22005,1
20211013090132,22005,22005,22005,22005,100
20211013090133,22000,22000,22000,22000,227
20211013090133,21995,21995,21995,21995,12
20211013090133,22000,22000,22000,22000,200
20211013090133,22000,22000,22000,22000,50
20211013090133,22000,22000,22000,22000,10
20211013090133,22000,22000,22000,22000,241
20211013090133,22005,22005,22005,22005,22
20211013090133,22005,22005,22005,22005,3000
20211013090133,22000,22000,22000,22000,50
20211013090133,21995,21995,21995,21995,1
20211013090134,21990,21990,21990,21990,1
20211013090134,22000,22000,22000,22000,2000
20211013090134,22000,22000,22000,22000,50
20211013090134,21995,21995,21995,21995,31
20211013090134,22000,22000,22000,22000,1
20211013090134,21995,21995,21995,21995,1
20211013090134,21995,21995,21995,21995,1
20211013090134,21995,21995,21995,21995,478
20211013090135,22000,22000,22000,22000,300
20211013090135,21995,21995,21995,21995,19
20211013090135,22000,22000,22000,22000,5
20211013090135,21990,21990,21990,21990,2
20211013090135,22000,22000,22000,22000,10
20211013090136,22000,22000,22000,22000,9
20211013090136,22000,22000,22000,22000,10
20211013090136,21995,21995,21995,21995,2
20211013090136,21995,21995,21995,21995,1
20211013090136,21995,21995,21995,21995,31
20211013090136,21990,21990,21990,21990,22
20211013090136,21990,21990,21990,21990,10
20211013090137,21990,21990,21990,21990,829
20211013090137,21995,21995,21995,21995,171
20211013090137,21985,21985,21985,21985,25
20211013090137,21990,21990,21990,21990,5
20211013090137,21980,21980,21980,21980,100
20211013090137,21980,21980,21980,21980,1418
20211013090137,21975,21975,21975,21975,300
20211013090137,21975,21975,21975,21975,47
20211013090137,21980,21980,21980,21980,100
20211013090137,21980,21980,21980,21980,10
20211013090137,21980,21980,21980,21980,1
20211013090138,21970,21970,21970,21970,138
20211013090138,21965,21965,21965,21965,62
20211013090138,21975,21975,21975,21975,10
20211013090138,21980,21980,21980,21980,100
20211013090138,21980,21980,21980,21980,450
20211013090138,21980,21980,21980,21980,10
20211013090139,21970,21970,21970,21970,1
20211013090139,21975,21975,21975,21975,1
20211013090139,21975,21975,21975,21975,1
20211013090139,21980,21980,21980,21980,1
20211013090139,21985,21985,21985,21985,1
20211013090139,21980,21980,21980,21980,1
20211013090139,21980,21980,21980,21980,500
20211013090139,21980,21980,21980,21980,113
20211013090140,21985,21985,21985,21985,253
20211013090140,21990,21990,21990,21990,35
20211013090140,21985,21985,21985,21985,201
20211013090141,21980,21980,21980,21980,2
20211013090141,21985,21985,21985,21985,300
20211013090142,21985,21985,21985,21985,10
20211013090143,21985,21985,21985,21985,5
20211013090144,21980,21980,21980,21980,1
20211013090144,21980,21980,21980,21980,1
20211013090145,21980,21980,21980,21980,1
20211013090145,21980,21980,21980,21980,191
20211013090145,21985,21985,21985,21985,9
20211013090145,21990,21990,21990,21990,491
20211013090146,21985,21985,21985,21985,1
20211013090146,21990,21990,21990,21990,1
20211013090146,21985,21985,21985,21985,2
20211013090146,21990,21990,21990,21990,1
20211013090146,21990,21990,21990,21990,9
20211013090146,21995,21995,21995,21995,967
20211013090146,21990,21990,21990,21990,30
20211013090147,21990,21990,21990,21990,12
20211013090149,21995,21995,21995,21995,500
20211013090149,22000,22000,22000,22000,10
20211013090150,21995,21995,21995,21995,455
20211013090150,21995,21995,21995,21995,2
20211013090150,22000,22000,22000,22000,500
20211013090150,22000,22000,22000,22000,100
20211013090151,21995,21995,21995,21995,1
20211013090151,21995,21995,21995,21995,1
20211013090151,21995,21995,21995,21995,141
20211013090151,21990,21990,21990,21990,50
20211013090151,22000,22000,22000,22000,100
20211013090152,21995,21995,21995,21995,1
20211013090152,21995,21995,21995,21995,12
20211013090152,22000,22000,22000,22000,646
20211013090152,21990,21990,21990,21990,2
20211013090152,21995,21995,21995,21995,1
20211013090153,21990,21990,21990,21990,4010
20211013090153,21985,21985,21985,21985,19
20211013090153,21990,21990,21990,21990,1000
20211013090153,21990,21990,21990,21990,5
20211013090154,21990,21990,21990,21990,1
20211013090155,21995,21995,21995,21995,1
20211013090156,21995,21995,21995,21995,100
20211013090157,21990,21990,21990,21990,7784
20211013090157,21985,21985,21985,21985,1946
20211013090157,21990,21990,21990,21990,10
20211013090158,21990,21990,21990,21990,200
20211013090158,21985,21985,21985,21985,1
20211013090158,21985,21985,21985,21985,1
20211013090158,21985,21985,21985,21985,609
20211013090158,21990,21990,21990,21990,1
20211013090159,21990,21990,21990,21990,200
20211013090159,21990,21990,21990,21990,2000
20211013090159,21990,21990,21990,21990,5
20211013090159,21985,21985,21985,21985,3
20211013090159,21980,21980,21980,21980,397
20211013090159,21990,21990,21990,21990,5
20211013090200,21990,21990,21990,21990,500
20211013090200,21995,21995,21995,21995,2
20211013090200,22000,22000,22000,22000,1
20211013090200,22000,22000,22000,22000,1
20211013090200,21995,21995,21995,21995,2
20211013090200,21995,21995,21995,21995,1
20211013090200,21995,21995,21995,21995,1
20211013090200,21995,21995,21995,21995,8894
20211013090200,21990,21990,21990,21990,3589
20211013090201,21995,21995,21995,21995,1000
20211013090201,21985,21985,21985,21985,1
20211013090201,21990,21990,21990,21990,1
20211013090201,21985,21985,21985,21985,1
20211013090201,21985,21985,21985,21985,1
20211013090201,21990,21990,21990,21990,2274
20211013090202,21985,21985,21985,21985,2007
20211013090203,21995,21995,21995,21995,55
20211013090203,21990,21990,21990,21990,2
20211013090203,21990,21990,21990,21990,100
20211013090204,21990,21990,21990,21990,1325
20211013090204,21985,21985,21985,21985,1
20211013090204,21990,21990,21990,21990,3
20211013090205,21985,21985,21985,21985,1
20211013090205,21985,21985,21985,21985,1692
20211013090205,21990,21990,21990,21990,1
20211013090205,21990,21990,21990,21990,1
20211013090206,21990,21990,21990,21990,3
20211013090208,21990,21990,21990,21990,50
20211013090208,21990,21990,21990,21990,78
20211013090208,21990,21990,21990,21990,5
20211013090209,21990,21990,21990,21990,2
20211013090209,21990,21990,21990,21990,200
20211013090209,21990,21990,21990,21990,91
20211013090210,21985,21985,21985,21985,100
20211013090210,21990,21990,21990,21990,1
20211013090210,21995,21995,21995,21995,1
20211013090210,21990,21990,21990,21990,100
20211013090211,21995,21995,21995,21995,1
20211013090211,21990,21990,21990,21990,1
20211013090211,21995,21995,21995,21995,1
20211013090211,21990,21990,21990,21990,1
20211013090212,21995,21995,21995,21995,54
20211013090213,21995,21995,21995,21995,1
20211013090213,21995,21995,21995,21995,1
20211013090214,21995,21995,21995,21995,1
20211013090214,21995,21995,21995,21995,67
20211013090214,22000,22000,22000,22000,200
20211013090214,22000,22000,22000,22000,1
20211013090214,22000,22000,22000,22000,1
20211013090214,22000,22000,22000,22000,3589
20211013090214,21995,21995,21995,21995,25
20211013090214,22000,22000,22000,22000,1000
20211013090215,22005,22005,22005,22005,50
20211013090215,22005,22005,22005,22005,3
20211013090215,22000,22000,22000,22000,1
20211013090215,22000,22000,22000,22000,1
20211013090215,22000,22000,22000,22000,1
20211013090215,22000,22000,22000,22000,1
20211013090215,22000,22000,22000,22000,1
20211013090215,22000,22000,22000,22000,1
20211013090215,22000,22000,22000,22000,1
20211013090215,22000,22000,22000,22000,902
20211013090216,21995,21995,21995,21995,2000
20211013090217,22000,22000,22000,22000,1
20211013090217,22000,22000,22000,22000,1
20211013090218,22005,22005,22005,22005,1
20211013090218,22000,22000,22000,22000,1
20211013090218,22000,22000,22000,22000,1
20211013090218,22005,22005,22005,22005,1
20211013090218,22005,22005,22005,22005,33
20211013090219,22005,22005,22005,22005,20
20211013090219,22000,22000,22000,22000,46
20211013090219,21995,21995,21995,21995,50
20211013090219,22000,22000,22000,22000,1
20211013090219,22000,22000,22000,22000,11
20211013090219,22000,22000,22000,22000,1
20211013090219,22000,22000,22000,22000,141
20211013090219,22005,22005,22005,22005,859
20211013090220,22005,22005,22005,22005,1
20211013090221,22010,22010,22010,22010,1
20211013090222,22000,22000,22000,22000,300
20211013090222,22000,22000,22000,22000,10
20211013090222,22005,22005,22005,22005,1
20211013090222,22010,22010,22010,22010,50
20211013090223,22010,22010,22010,22010,1
20211013090223,22010,22010,22010,22010,1
20211013090223,22005,22005,22005,22005,1
20211013090224,22010,22010,22010,22010,1
20211013090224,22005,22005,22005,22005,1
20211013090224,22005,22005,22005,22005,1
20211013090225,22010,22010,22010,22010,50
20211013090225,22005,22005,22005,22005,50
20211013090225,22010,22010,22010,22010,1
20211013090225,22010,22010,22010,22010,1
20211013090226,22010,22010,22010,22010,400
20211013090226,22005,22005,22005,22005,1
20211013090226,22005,22005,22005,22005,100
20211013090226,22005,22005,22005,22005,1
20211013090227,22010,22010,22010,22010,1
20211013090227,22010,22010,22010,22010,3000
20211013090228,22010,22010,22010,22010,447
20211013090228,22010,22010,22010,22010,100
20211013090229,22010,22010,22010,22010,200
20211013090229,22010,22010,22010,22010,2274
20211013090229,22005,22005,22005,22005,878
20211013090229,22005,22005,22005,22005,818
20211013090229,22005,22005,22005,22005,1
20211013090229,22005,22005,22005,22005,193
20211013090229,22000,22000,22000,22000,1
20211013090229,22005,22005,22005,22005,1000
20211013090229,22005,22005,22005,22005,1
20211013090229,22005,22005,22005,22005,1
20211013090230,22010,22010,22010,22010,10
20211013090231,22010,22010,22010,22010,333
20211013090231,22010,22010,22010,22010,100
20211013090231,22015,22015,22015,22015,900
20211013090232,22005,22005,22005,22005,1
20211013090232,22005,22005,22005,22005,49
20211013090233,22010,22010,22010,22010,200
20211013090233,22010,22010,22010,22010,1
20211013090234,22010,22010,22010,22010,100
20211013090234,22010,22010,22010,22010,1
20211013090234,22010,22010,22010,22010,1
20211013090234,22010,22010,22010,22010,1
20211013090234,22010,22010,22010,22010,1
20211013090234,22010,22010,22010,22010,1
20211013090234,22010,22010,22010,22010,1
20211013090234,22010,22010,22010,22010,1
20211013090234,22010,22010,22010,22010,1
20211013090234,22010,22010,22010,22010,1
20211013090234,22010,22010,22010,22010,1
20211013090234,22010,22010,22010,22010,1
20211013090234,22010,22010,22010,22010,1
20211013090234,22010,22010,22010,22010,1
20211013090234,22010,22010,22010,22010,1
20211013090234,22010,22010,22010,22010,1
20211013090234,22010,22010,22010,22010,1
20211013090234,22010,22010,22010,22010,1
20211013090234,22010,22010,22010,22010,1893
20211013090235,22010,22010,22010,22010,12
20211013090235,22010,22010,22010,22010,10
20211013090236,22005,22005,22005,22005,1
20211013090236,22010,22010,22010,22010,25
20211013090236,22010,22010,22010,22010,1
20211013090236,22005,22005,22005,22005,10
20211013090238,22010,22010,22010,22010,182
20211013090238,22010,22010,22010,22010,10
20211013090238,22010,22010,22010,22010,90
20211013090238,22010,22010,22010,22010,1
20211013090239,22010,22010,22010,22010,20
20211013090239,22005,22005,22005,22005,1297
20211013090240,22000,22000,22000,22000,1
20211013090240,22000,22000,22000,22000,1909
20211013090240,22000,22000,22000,22000,21149
20211013090240,22000,22000,22000,22000,1
20211013090240,21995,21995,21995,21995,1
20211013090241,22000,22000,22000,22000,5
20211013090241,22000,22000,22000,22000,100
20211013090241,22000,22000,22000,22000,1
20211013090242,21995,21995,21995,21995,9510
20211013090242,21995,21995,21995,21995,100
20211013090242,21995,21995,21995,21995,5
20211013090242,21995,21995,21995,21995,1
20211013090243,21995,21995,21995,21995,5994
20211013090243,21995,21995,21995,21995,5
20211013090243,21995,21995,21995,21995,10
20211013090244,22000,22000,22000,22000,500
20211013090244,21990,21990,21990,21990,500
20211013090244,21995,21995,21995,21995,46
20211013090245,21995,21995,21995,21995,10
20211013090246,21990,21990,21990,21990,4581
20211013090246,21990,21990,21990,21990,500
20211013090246,21990,21990,21990,21990,2917
20211013090246,21990,21990,21990,21990,1
20211013090248,21995,21995,21995,21995,1
20211013090248,21995,21995,21995,21995,1
20211013090248,21995,21995,21995,21995,1
20211013090248,21995,21995,21995,21995,1
20211013090248,21995,21995,21995,21995,2
20211013090249,21990,21990,21990,21990,30
20211013090250,22000,22000,22000,22000,273
20211013090251,21995,21995,21995,21995,500
20211013090251,21995,21995,21995,21995,1
20211013090251,21995,21995,21995,21995,44
20211013090252,21995,21995,21995,21995,100
20211013090252,22000,22000,22000,22000,1
20211013090252,21995,21995,21995,21995,300
20211013090253,22000,22000,22000,22000,1
20211013090253,22000,22000,22000,22000,1
20211013090254,21995,21995,21995,21995,1
20211013090254,22000,22000,22000,22000,50
20211013090254,22000,22000,22000,22000,1
20211013090254,22000,22000,22000,22000,1
20211013090255,22000,22000,22000,22000,5
20211013090256,22000,22000,22000,22000,1
20211013090256,21995,21995,21995,21995,1
20211013090256,22000,22000,22000,22000,1900
20211013090256,22000,22000,22000,22000,1953
20211013090256,22000,22000,22000,22000,1100
20211013090256,22000,22000,22000,22000,354
20211013090257,22005,22005,22005,22005,2672
20211013090257,22005,22005,22005,22005,2005
20211013090257,22000,22000,22000,22000,995
20211013090258,22005,22005,22005,22005,70
20211013090259,22000,22000,22000,22000,10
20211013090301,22000,22000,22000,22000,900
20211013090301,22000,22000,22000,22000,178
20211013090301,22000,22000,22000,22000,2811
20211013090301,21995,21995,21995,21995,1
20211013090302,22010,22010,22010,22010,10
20211013090302,22005,22005,22005,22005,1
20211013090303,22000,22000,22000,22000,1
20211013090303,22005,22005,22005,22005,908
20211013090304,22000,22000,22000,22000,219
20211013090304,22005,22005,22005,22005,2
20211013090304,22005,22005,22005,22005,400
20211013090304,22005,22005,22005,22005,50
20211013090306,22010,22010,22010,22010,2300
20211013090306,22010,22010,22010,22010,500
20211013090306,22010,22010,22010,22010,500
20211013090306,22010,22010,22010,22010,13
20211013090307,22015,22015,22015,22015,10
20211013090307,22010,22010,22010,22010,19
20211013090308,22015,22015,22015,22015,1856
20211013090308,22020,22020,22020,22020,1317
20211013090308,22010,22010,22010,22010,19
20211013090308,22020,22020,22020,22020,100
20211013090308,22020,22020,22020,22020,5944
20211013090309,22020,22020,22020,22020,10
20211013090309,22025,22025,22025,22025,1
20211013090309,22025,22025,22025,22025,8486
20211013090309,22025,22025,22025,22025,45
20211013090310,22025,22025,22025,22025,1
20211013090310,22025,22025,22025,22025,3
20211013090311,22025,22025,22025,22025,45
20211013090311,22030,22030,22030,22030,1
20211013090311,22030,22030,22030,22030,397
20211013090311,22035,22035,22035,22035,22
20211013090311,22030,22030,22030,22030,100
20211013090311,22035,22035,22035,22035,3
20211013090311,22030,22030,22030,22030,45
20211013090312,22035,22035,22035,22035,1
20211013090312,22035,22035,22035,22035,150
20211013090312,22040,22040,22040,22040,324
20211013090312,22040,22040,22040,22040,1
20211013090312,22040,22040,22040,22040,3514
20211013090312,22035,22035,22035,22035,45
20211013090312,22045,22045,22045,22045,1
20211013090313,22045,22045,22045,22045,50
20211013090313,22045,22045,22045,22045,1088
20211013090313,22050,22050,22050,22050,128
20211013090313,22045,22045,22045,22045,45
20211013090313,22050,22050,22050,22050,155
20211013090314,22045,22045,22045,22045,45
20211013090314,22045,22045,22045,22045,1
20211013090314,22050,22050,22050,22050,1
20211013090314,22050,22050,22050,22050,1
20211013090314,22050,22050,22050,22050,1
20211013090314,22045,22045,22045,22045,1
20211013090314,22045,22045,22045,22045,9
20211013090315,22050,22050,22050,22050,1
20211013090315,22045,22045,22045,22045,1
20211013090315,22045,22045,22045,22045,160
20211013090315,22050,22050,22050,22050,10
20211013090316,22050,22050,22050,22050,1
20211013090316,22050,22050,22050,22050,1
20211013090316,22050,22050,22050,22050,100
20211013090316,22050,22050,22050,22050,4076
20211013090316,22050,22050,22050,22050,501
20211013090316,22050,22050,22050,22050,1
20211013090317,22045,22045,22045,22045,45
20211013090317,22050,22050,22050,22050,11
20211013090317,22050,22050,22050,22050,1
20211013090317,22050,22050,22050,22050,1
20211013090317,22050,22050,22050,22050,1
20211013090317,22045,22045,22045,22045,1280
20211013090317,22050,22050,22050,22050,30
20211013090317,22050,22050,22050,22050,192
20211013090317,22050,22050,22050,22050,10
20211013090317,22045,22045,22045,22045,90
20211013090317,22045,22045,22045,22045,616
20211013090317,22050,22050,22050,22050,100
20211013090318,22050,22050,22050,22050,45
20211013090318,22050,22050,22050,22050,15
20211013090319,22050,22050,22050,22050,45
20211013090319,22055,22055,22055,22055,100
20211013090320,22050,22050,22050,22050,500
20211013090320,22055,22055,22055,22055,1
20211013090321,22055,22055,22055,22055,1
20211013090321,22055,22055,22055,22055,3602
20211013090321,22050,22050,22050,22050,45
20211013090321,22050,22050,22050,22050,200
20211013090321,22055,22055,22055,22055,50
20211013090322,22050,22050,22050,22050,1
20211013090322,22055,22055,22055,22055,1000
20211013090322,22050,22050,22050,22050,100
20211013090322,22055,22055,22055,22055,1027
20211013090322,22060,22060,22060,22060,1
20211013090322,22055,22055,22055,22055,1
20211013090322,22055,22055,22055,22055,45
20211013090322,22055,22055,22055,22055,1000
20211013090322,22060,22060,22060,22060,77
20211013090322,22060,22060,22060,22060,1
20211013090322,22055,22055,22055,22055,1
20211013090322,22055,22055,22055,22055,1
20211013090323,22055,22055,22055,22055,5657
20211013090323,22055,22055,22055,22055,45
20211013090323,22055,22055,22055,22055,90
20211013090323,22060,22060,22060,22060,1500
20211013090323,22055,22055,22055,22055,1300
20211013090323,22055,22055,22055,22055,1
20211013090324,22055,22055,22055,22055,1
20211013090324,22060,22060,22060,22060,10
20211013090324,22055,22055,22055,22055,1
20211013090324,22055,22055,22055,22055,100
20211013090324,22055,22055,22055,22055,1
20211013090324,22060,22060,22060,22060,325
20211013090324,22060,22060,22060,22060,882
20211013090325,22065,22065,22065,22065,584
20211013090325,22060,22060,22060,22060,1515
20211013090325,22060,22060,22060,22060,2
20211013090325,22060,22060,22060,22060,30
20211013090325,22060,22060,22060,22060,189
20211013090326,22060,22060,22060,22060,362
20211013090326,22065,22065,22065,22065,10
20211013090326,22060,22060,22060,22060,131
20211013090326,22055,22055,22055,22055,1
20211013090326,22060,22060,22060,22060,50
20211013090326,22055,22055,22055,22055,10
20211013090326,22060,22060,22060,22060,10
20211013090326,22055,22055,22055,22055,10
20211013090326,22065,22065,22065,22065,30
20211013090326,22065,22065,22065,22065,136
20211013090326,22060,22060,22060,22060,1
20211013090326,22060,22060,22060,22060,1
20211013090326,22060,22060,22060,22060,1
20211013090326,22060,22060,22060,22060,1
20211013090326,22060,22060,22060,22060,1
20211013090326,22060,22060,22060,22060,1
20211013090326,22060,22060,22060,22060,1
20211013090326,22060,22060,22060,22060,1
20211013090326,22060,22060,22060,22060,1
20211013090326,22060,22060,22060,22060,1
20211013090326,22060,22060,22060,22060,1
20211013090326,22060,22060,22060,22060,1
20211013090326,22060,22060,22060,22060,1
20211013090326,22060,22060,22060,22060,1
20211013090326,22060,22060,22060,22060,1
20211013090326,22060,22060,22060,22060,1
20211013090326,22060,22060,22060,22060,1
20211013090326,22060,22060,22060,22060,1
20211013090326,22060,22060,22060,22060,1
20211013090326,22060,22060,22060,22060,1
20211013090326,22060,22060,22060,22060,1
20211013090326,22060,22060,22060,22060,1
20211013090326,22060,22060,22060,22060,1
20211013090326,22060,22060,22060,22060,1
20211013090326,22060,22060,22060,22060,1
20211013090326,22060,22060,22060,22060,1
20211013090326,22060,22060,22060,22060,1
20211013090326,22060,22060,22060,22060,1
20211013090326,22060,22060,22060,22060,1
20211013090326,22060,22060,22060,22060,1
20211013090326,22060,22060,22060,22060,1
20211013090326,22060,22060,22060,22060,1
20211013090326,22060,22060,22060,22060,1
20211013090326,22060,22060,22060,22060,1
20211013090326,22060,22060,22060,22060,1
20211013090326,22060,22060,22060,22060,1
20211013090326,22060,22060,22060,22060,1
20211013090326,22060,22060,22060,22060,1
20211013090326,22060,22060,22060,22060,1
20211013090326,22060,22060,22060,22060,1
20211013090326,22060,22060,22060,22060,1
20211013090326,22060,22060,22060,22060,1
20211013090326,22060,22060,22060,22060,1
20211013090326,22060,22060,22060,22060,1
20211013090326,22060,22060,22060,22060,1
20211013090326,22060,22060,22060,22060,1
20211013090326,22060,22060,22060,22060,1
20211013090326,22060,22060,22060,22060,1
20211013090326,22060,22060,22060,22060,1
20211013090326,22060,22060,22060,22060,1
20211013090326,22060,22060,22060,22060,1
20211013090326,22060,22060,22060,22060,1
20211013090326,22060,22060,22060,22060,1
20211013090326,22060,22060,22060,22060,1
20211013090326,22060,22060,22060,22060,1
20211013090326,22060,22060,22060,22060,1
20211013090326,22060,22060,22060,22060,1
20211013090326,22060,22060,22060,22060,1
20211013090326,22060,22060,22060,22060,1
20211013090326,22060,22060,22060,22060,1
20211013090326,22060,22060,22060,22060,1
20211013090326,22060,22060,22060,22060,1
20211013090326,22060,22060,22060,22060,1
20211013090326,22060,22060,22060,22060,1
20211013090326,22060,22060,22060,22060,1
20211013090326,22060,22060,22060,22060,1
20211013090326,22060,22060,22060,22060,1
20211013090326,22060,22060,22060,22060,1
20211013090326,22060,22060,22060,22060,1
20211013090326,22060,22060,22060,22060,1
20211013090326,22060,22060,22060,22060,1
20211013090326,22060,22060,22060,22060,1
20211013090326,22060,22060,22060,22060,1
20211013090326,22060,22060,22060,22060,1
20211013090326,22060,22060,22060,22060,1
20211013090326,22060,22060,22060,22060,1
20211013090326,22060,22060,22060,22060,1
20211013090326,22060,22060,22060,22060,1
20211013090326,22060,22060,22060,22060,1
20211013090326,22060,22060,22060,22060,1
20211013090326,22060,22060,22060,22060,1
20211013090326,22060,22060,22060,22060,1
20211013090326,22060,22060,22060,22060,1
20211013090326,22060,22060,22060,22060,1
20211013090326,22060,22060,22060,22060,1
20211013090326,22060,22060,22060,22060,1
20211013090326,22060,22060,22060,22060,1
20211013090326,22065,22065,22065,22065,52
20211013090326,22065,22065,22065,22065,1477
20211013090327,22060,22060,22060,22060,2
20211013090327,22060,22060,22060,22060,109
20211013090327,22060,22060,22060,22060,30
20211013090327,22060,22060,22060,22060,160
20211013090327,22055,22055,22055,22055,1
20211013090327,22055,22055,22055,22055,1
20211013090327,22060,22060,22060,22060,1
20211013090327,22060,22060,22060,22060,1
20211013090327,22060,22060,22060,22060,5
20211013090328,22060,22060,22060,22060,921
20211013090328,22065,22065,22065,22065,5
20211013090328,22060,22060,22060,22060,1
20211013090328,22060,22060,22060,22060,1
20211013090328,22060,22060,22060,22060,1
20211013090328,22060,22060,22060,22060,1
20211013090328,22060,22060,22060,22060,1
20211013090328,22060,22060,22060,22060,45
20211013090328,22060,22060,22060,22060,1
20211013090328,22060,22060,22060,22060,1
20211013090328,22060,22060,22060,22060,1
20211013090328,22060,22060,22060,22060,1
20211013090328,22060,22060,22060,22060,1
20211013090328,22060,22060,22060,22060,1
20211013090328,22060,22060,22060,22060,1
20211013090328,22060,22060,22060,22060,1
20211013090328,22060,22060,22060,22060,1
20211013090328,22060,22060,22060,22060,1
20211013090328,22060,22060,22060,22060,1
20211013090328,22060,22060,22060,22060,1
20211013090328,22060,22060,22060,22060,1
20211013090328,22060,22060,22060,22060,1
20211013090328,22060,22060,22060,22060,1
20211013090328,22060,22060,22060,22060,1
20211013090328,22060,22060,22060,22060,1
20211013090328,22060,22060,22060,22060,1
20211013090328,22060,22060,22060,22060,1
20211013090328,22060,22060,22060,22060,1
20211013090328,22060,22060,22060,22060,1
20211013090328,22060,22060,22060,22060,1
20211013090328,22060,22060,22060,22060,1
20211013090328,22060,22060,22060,22060,1
20211013090328,22060,22060,22060,22060,1
20211013090328,22060,22060,22060,22060,1
20211013090328,22060,22060,22060,22060,1
20211013090328,22060,22060,22060,22060,1
20211013090328,22060,22060,22060,22060,1
20211013090328,22060,22060,22060,22060,1
20211013090328,22060,22060,22060,22060,1
20211013090328,22060,22060,22060,22060,1
20211013090328,22060,22060,22060,22060,1
20211013090328,22060,22060,22060,22060,1
20211013090328,22060,22060,22060,22060,1
20211013090328,22060,22060,22060,22060,1
20211013090328,22060,22060,22060,22060,1
20211013090328,22060,22060,22060,22060,1
20211013090328,22060,22060,22060,22060,1
20211013090328,22060,22060,22060,22060,1
20211013090328,22060,22060,22060,22060,1
20211013090328,22060,22060,22060,22060,1
20211013090328,22060,22060,22060,22060,1
20211013090328,22060,22060,22060,22060,1
20211013090328,22060,22060,22060,22060,1
20211013090328,22060,22060,22060,22060,1
20211013090328,22060,22060,22060,22060,1
20211013090328,22060,22060,22060,22060,1
20211013090328,22060,22060,22060,22060,1
20211013090328,22060,22060,22060,22060,1
20211013090328,22060,22060,22060,22060,1
20211013090328,22060,22060,22060,22060,1
20211013090328,22060,22060,22060,22060,1
20211013090328,22060,22060,22060,22060,1
20211013090328,22060,22060,22060,22060,1
20211013090328,22060,22060,22060,22060,1
20211013090328,22060,22060,22060,22060,1
20211013090328,22060,22060,22060,22060,1
20211013090328,22060,22060,22060,22060,1
20211013090328,22060,22060,22060,22060,1
20211013090328,22060,22060,22060,22060,1
20211013090328,22060,22060,22060,22060,1
20211013090328,22060,22060,22060,22060,1
20211013090328,22060,22060,22060,22060,1
20211013090328,22060,22060,22060,22060,1
20211013090328,22060,22060,22060,22060,1
20211013090328,22060,22060,22060,22060,1
20211013090328,22060,22060,22060,22060,1
20211013090328,22060,22060,22060,22060,1
20211013090328,22060,22060,22060,22060,1
20211013090328,22060,22060,22060,22060,1
20211013090328,22060,22060,22060,22060,1
20211013090328,22060,22060,22060,22060,1
20211013090328,22060,22060,22060,22060,1
20211013090328,22060,22060,22060,22060,1
20211013090328,22060,22060,22060,22060,1
20211013090328,22060,22060,22060,22060,1
20211013090328,22060,22060,22060,22060,1
20211013090328,22060,22060,22060,22060,1
20211013090328,22060,22060,22060,22060,1
20211013090328,22060,22060,22060,22060,1
20211013090328,22060,22060,22060,22060,1
20211013090328,22060,22060,22060,22060,1
20211013090328,22060,22060,22060,22060,1
20211013090328,22060,22060,22060,22060,1
20211013090328,22060,22060,22060,22060,248
20211013090328,22060,22060,22060,22060,319
20211013090328,22060,22060,22060,22060,386
20211013090328,22060,22060,22060,22060,500
20211013090328,22060,22060,22060,22060,705
20211013090328,22060,22060,22060,22060,500
20211013090328,22060,22060,22060,22060,227
20211013090328,22060,22060,22060,22060,500
20211013090328,22060,22060,22060,22060,1
20211013090328,22060,22060,22060,22060,11
20211013090328,22060,22060,22060,22060,4725
20211013090329,22060,22060,22060,22060,1
20211013090329,22060,22060,22060,22060,1
20211013090329,22055,22055,22055,22055,5580
20211013090330,22060,22060,22060,22060,40
20211013090330,22055,22055,22055,22055,500
20211013090330,22055,22055,22055,22055,1
20211013090330,22055,22055,22055,22055,1
20211013090330,22055,22055,22055,22055,1
20211013090330,22055,22055,22055,22055,1
20211013090330,22055,22055,22055,22055,1
20211013090330,22055,22055,22055,22055,1
20211013090330,22055,22055,22055,22055,1
20211013090330,22055,22055,22055,22055,1
20211013090330,22055,22055,22055,22055,1
20211013090330,22060,22060,22060,22060,581
20211013090330,22055,22055,22055,22055,1
20211013090330,22055,22055,22055,22055,1
20211013090330,22055,22055,22055,22055,1
20211013090330,22055,22055,22055,22055,1
20211013090330,22055,22055,22055,22055,1
20211013090330,22055,22055,22055,22055,1
20211013090330,22055,22055,22055,22055,1
20211013090330,22055,22055,22055,22055,1
20211013090330,22055,22055,22055,22055,1
20211013090330,22055,22055,22055,22055,1
20211013090330,22055,22055,22055,22055,1
20211013090330,22055,22055,22055,22055,1
20211013090330,22055,22055,22055,22055,1
20211013090330,22055,22055,22055,22055,1
20211013090330,22055,22055,22055,22055,1
20211013090330,22055,22055,22055,22055,1
20211013090330,22055,22055,22055,22055,1
20211013090330,22055,22055,22055,22055,1
20211013090330,22055,22055,22055,22055,1
20211013090330,22055,22055,22055,22055,1
20211013090330,22055,22055,22055,22055,1
20211013090330,22055,22055,22055,22055,1
20211013090330,22055,22055,22055,22055,1
20211013090330,22055,22055,22055,22055,1
20211013090330,22055,22055,22055,22055,1
20211013090330,22055,22055,22055,22055,1
20211013090330,22055,22055,22055,22055,1
20211013090330,22055,22055,22055,22055,1
20211013090330,22055,22055,22055,22055,1
20211013090330,22055,22055,22055,22055,1
20211013090330,22055,22055,22055,22055,1
20211013090330,22055,22055,22055,22055,1
20211013090330,22055,22055,22055,22055,1
20211013090330,22055,22055,22055,22055,1
20211013090330,22055,22055,22055,22055,1
20211013090330,22055,22055,22055,22055,1
20211013090330,22055,22055,22055,22055,1
20211013090330,22055,22055,22055,22055,1
20211013090330,22055,22055,22055,22055,1
20211013090330,22055,22055,22055,22055,1
20211013090330,22055,22055,22055,22055,1
20211013090330,22055,22055,22055,22055,1
20211013090330,22055,22055,22055,22055,1
20211013090330,22055,22055,22055,22055,1
20211013090330,22055,22055,22055,22055,1
20211013090330,22060,22060,22060,22060,4
20211013090330,22060,22060,22060,22060,50
20211013090330,22055,22055,22055,22055,1
20211013090330,22060,22060,22060,22060,200
20211013090330,22055,22055,22055,22055,45
20211013090330,22055,22055,22055,22055,1
20211013090330,22055,22055,22055,22055,1
20211013090330,22055,22055,22055,22055,1
20211013090330,22055,22055,22055,22055,1
20211013090330,22055,22055,22055,22055,1
20211013090331,22060,22060,22060,22060,1
20211013090331,22055,22055,22055,22055,1
20211013090331,22060,22060,22060,22060,906
20211013090331,22055,22055,22055,22055,7897
20211013090331,22055,22055,22055,22055,6000
20211013090331,22055,22055,22055,22055,500
20211013090331,22055,22055,22055,22055,103
20211013090332,22055,22055,22055,22055,1
20211013090332,22060,22060,22060,22060,5
20211013090332,22055,22055,22055,22055,499
20211013090333,22055,22055,22055,22055,2
20211013090333,22055,22055,22055,22055,10
20211013090333,22055,22055,22055,22055,226
20211013090333,22055,22055,22055,22055,9
20211013090333,22055,22055,22055,22055,55
20211013090333,22055,22055,22055,22055,1
20211013090333,22055,22055,22055,22055,1
20211013090333,22055,22055,22055,22055,1
20211013090333,22055,22055,22055,22055,1
20211013090333,22055,22055,22055,22055,1
20211013090333,22055,22055,22055,22055,1
20211013090333,22055,22055,22055,22055,1
20211013090333,22055,22055,22055,22055,1
20211013090333,22055,22055,22055,22055,1
20211013090334,22055,22055,22055,22055,1
20211013090334,22055,22055,22055,22055,1
20211013090334,22055,22055,22055,22055,1
20211013090334,22055,22055,22055,22055,1
20211013090334,22055,22055,22055,22055,1
20211013090334,22055,22055,22055,22055,1
20211013090334,22055,22055,22055,22055,1
20211013090334,22055,22055,22055,22055,1
20211013090334,22055,22055,22055,22055,1
20211013090334,22055,22055,22055,22055,1
20211013090334,22055,22055,22055,22055,1
20211013090334,22055,22055,22055,22055,1
20211013090334,22055,22055,22055,22055,1
20211013090334,22055,22055,22055,22055,1
20211013090334,22055,22055,22055,22055,1
20211013090334,22055,22055,22055,22055,1
20211013090334,22055,22055,22055,22055,1
20211013090334,22055,22055,22055,22055,1
20211013090334,22055,22055,22055,22055,1
20211013090334,22055,22055,22055,22055,1
20211013090334,22055,22055,22055,22055,1
20211013090334,22055,22055,22055,22055,1
20211013090334,22055,22055,22055,22055,1
20211013090334,22055,22055,22055,22055,1
20211013090334,22055,22055,22055,22055,1
20211013090334,22055,22055,22055,22055,1
20211013090334,22055,22055,22055,22055,1
20211013090334,22055,22055,22055,22055,1
20211013090334,22055,22055,22055,22055,1
20211013090334,22055,22055,22055,22055,1
20211013090334,22055,22055,22055,22055,1
20211013090334,22055,22055,22055,22055,1
20211013090334,22055,22055,22055,22055,1
20211013090334,22055,22055,22055,22055,1
20211013090334,22055,22055,22055,22055,1
20211013090334,22055,22055,22055,22055,1
20211013090334,22055,22055,22055,22055,1
20211013090334,22055,22055,22055,22055,1
20211013090334,22055,22055,22055,22055,1
20211013090334,22055,22055,22055,22055,1
20211013090334,22055,22055,22055,22055,1
20211013090334,22055,22055,22055,22055,1
20211013090334,22055,22055,22055,22055,1
20211013090334,22055,22055,22055,22055,1
20211013090334,22055,22055,22055,22055,1
20211013090334,22055,22055,22055,22055,1
20211013090334,22055,22055,22055,22055,1
20211013090334,22055,22055,22055,22055,1
20211013090334,22055,22055,22055,22055,1
20211013090334,22055,22055,22055,22055,1
20211013090334,22055,22055,22055,22055,1
20211013090334,22055,22055,22055,22055,1
20211013090334,22055,22055,22055,22055,1
20211013090334,22055,22055,22055,22055,1
20211013090334,22055,22055,22055,22055,1
20211013090334,22055,22055,22055,22055,1
20211013090334,22055,22055,22055,22055,1
20211013090334,22055,22055,22055,22055,1
20211013090334,22055,22055,22055,22055,1
20211013090334,22055,22055,22055,22055,1
20211013090334,22055,22055,22055,22055,1
20211013090334,22055,22055,22055,22055,1
20211013090334,22055,22055,22055,22055,1
20211013090334,22055,22055,22055,22055,1
20211013090334,22055,22055,22055,22055,1
20211013090334,22055,22055,22055,22055,1
20211013090334,22050,22050,22050,22050,45
20211013090334,22060,22060,22060,22060,1
20211013090334,22055,22055,22055,22055,10
20211013090334,22060,22060,22060,22060,290
20211013090335,22050,22050,22050,22050,45
20211013090335,22055,22055,22055,22055,400
20211013090335,22060,22060,22060,22060,504
20211013090335,22060,22060,22060,22060,4
20211013090336,22050,22050,22050,22050,5710
20211013090336,22050,22050,22050,22050,154
20211013090336,22055,22055,22055,22055,1
20211013090336,22055,22055,22055,22055,1
20211013090336,22050,22050,22050,22050,1
20211013090336,22055,22055,22055,22055,10
20211013090337,22050,22050,22050,22050,1
20211013090337,22050,22050,22050,22050,9
20211013090337,22050,22050,22050,22050,10
20211013090338,22050,22050,22050,22050,10
20211013090338,22050,22050,22050,22050,200
20211013090338,22055,22055,22055,22055,250
20211013090338,22055,22055,22055,22055,2
20211013090339,22055,22055,22055,22055,2070
20211013090339,22050,22050,22050,22050,1
20211013090340,22050,22050,22050,22050,30
20211013090340,22050,22050,22050,22050,399
20211013090341,22045,22045,22045,22045,500
20211013090341,22045,22045,22045,22045,12
20211013090341,22055,22055,22055,22055,1
20211013090341,22055,22055,22055,22055,179
20211013090341,22050,22050,22050,22050,200
20211013090341,22050,22050,22050,22050,100
20211013090342,22055,22055,22055,22055,1
20211013090342,22050,22050,22050,22050,1
20211013090342,22050,22050,22050,22050,1
20211013090343,22055,22055,22055,22055,100
20211013090343,22050,22050,22050,22050,300
20211013090343,22055,22055,22055,22055,119
20211013090343,22055,22055,22055,22055,30
20211013090343,22055,22055,22055,22055,100
20211013090343,22060,22060,22060,22060,5
20211013090343,22060,22060,22060,22060,1
20211013090343,22060,22060,22060,22060,1
20211013090343,22055,22055,22055,22055,1
20211013090343,22060,22060,22060,22060,1
20211013090343,22055,22055,22055,22055,9
20211013090343,22060,22060,22060,22060,1
20211013090344,22050,22050,22050,22050,2000
20211013090344,22050,22050,22050,22050,23
20211013090344,22055,22055,22055,22055,5
20211013090344,22060,22060,22060,22060,1
20211013090344,22055,22055,22055,22055,1
20211013090344,22050,22050,22050,22050,500
20211013090345,22050,22050,22050,22050,1101
20211013090345,22050,22050,22050,22050,10
20211013090345,22050,22050,22050,22050,206
20211013090345,22050,22050,22050,22050,2784
20211013090346,22050,22050,22050,22050,30
20211013090346,22050,22050,22050,22050,37
20211013090346,22045,22045,22045,22045,66
20211013090347,22055,22055,22055,22055,1
20211013090348,22050,22050,22050,22050,998
20211013090348,22055,22055,22055,22055,59
20211013090348,22060,22060,22060,22060,441
20211013090349,22055,22055,22055,22055,100
20211013090349,22060,22060,22060,22060,1000
20211013090349,22060,22060,22060,22060,227
20211013090350,22055,22055,22055,22055,55
20211013090350,22060,22060,22060,22060,1
20211013090350,22060,22060,22060,22060,10500
20211013090350,22055,22055,22055,22055,1000
20211013090351,22060,22060,22060,22060,1
20211013090351,22060,22060,22060,22060,45
20211013090351,22055,22055,22055,22055,500
20211013090351,22055,22055,22055,22055,1260
20211013090351,22055,22055,22055,22055,705
20211013090351,22055,22055,22055,22055,1
20211013090351,22055,22055,22055,22055,705
20211013090351,22055,22055,22055,22055,1
20211013090351,22055,22055,22055,22055,705
20211013090351,22055,22055,22055,22055,1
20211013090351,22055,22055,22055,22055,610
20211013090351,22055,22055,22055,22055,1
20211013090351,22055,22055,22055,22055,288
20211013090351,22055,22055,22055,22055,1
20211013090351,22055,22055,22055,22055,1
20211013090351,22055,22055,22055,22055,396
20211013090351,22055,22055,22055,22055,1
20211013090351,22055,22055,22055,22055,282
20211013090351,22055,22055,22055,22055,1
20211013090351,22055,22055,22055,22055,1
20211013090351,22055,22055,22055,22055,1
20211013090351,22055,22055,22055,22055,1
20211013090351,22055,22055,22055,22055,1
20211013090352,22055,22055,22055,22055,1
20211013090352,22055,22055,22055,22055,1
20211013090352,22055,22055,22055,22055,1
20211013090352,22055,22055,22055,22055,1
20211013090352,22055,22055,22055,22055,1
20211013090352,22055,22055,22055,22055,1
20211013090352,22055,22055,22055,22055,1
20211013090352,22055,22055,22055,22055,1
20211013090352,22055,22055,22055,22055,1
20211013090352,22055,22055,22055,22055,1
20211013090352,22055,22055,22055,22055,1
20211013090352,22055,22055,22055,22055,1
20211013090352,22055,22055,22055,22055,1
20211013090352,22055,22055,22055,22055,1
20211013090352,22055,22055,22055,22055,1
20211013090352,22055,22055,22055,22055,1
20211013090352,22055,22055,22055,22055,1
20211013090352,22055,22055,22055,22055,1
20211013090352,22055,22055,22055,22055,1
20211013090352,22055,22055,22055,22055,1
20211013090352,22055,22055,22055,22055,1
20211013090352,22055,22055,22055,22055,1
20211013090352,22055,22055,22055,22055,1
20211013090352,22055,22055,22055,22055,1
20211013090352,22055,22055,22055,22055,1
20211013090352,22055,22055,22055,22055,1
20211013090352,22055,22055,22055,22055,1
20211013090352,22055,22055,22055,22055,1
20211013090352,22055,22055,22055,22055,1
20211013090352,22055,22055,22055,22055,1
20211013090352,22055,22055,22055,22055,1
20211013090352,22055,22055,22055,22055,1
20211013090352,22055,22055,22055,22055,1
20211013090352,22055,22055,22055,22055,1
20211013090352,22055,22055,22055,22055,1
20211013090352,22055,22055,22055,22055,1
20211013090352,22055,22055,22055,22055,1
20211013090352,22055,22055,22055,22055,1
20211013090352,22055,22055,22055,22055,1
20211013090352,22055,22055,22055,22055,1
20211013090352,22055,22055,22055,22055,1
20211013090352,22055,22055,22055,22055,1
20211013090352,22055,22055,22055,22055,1
20211013090352,22055,22055,22055,22055,1
20211013090352,22055,22055,22055,22055,1
20211013090352,22055,22055,22055,22055,1
20211013090352,22055,22055,22055,22055,1
20211013090352,22055,22055,22055,22055,1
20211013090352,22055,22055,22055,22055,1
20211013090352,22055,22055,22055,22055,1
20211013090352,22055,22055,22055,22055,1
20211013090352,22055,22055,22055,22055,1
20211013090352,22055,22055,22055,22055,1
20211013090352,22055,22055,22055,22055,1
20211013090352,22055,22055,22055,22055,1
20211013090352,22055,22055,22055,22055,1
20211013090352,22055,22055,22055,22055,1
20211013090352,22055,22055,22055,22055,1
20211013090352,22055,22055,22055,22055,1
20211013090352,22055,22055,22055,22055,1
20211013090352,22055,22055,22055,22055,1
20211013090352,22055,22055,22055,22055,1
20211013090352,22055,22055,22055,22055,1
20211013090352,22055,22055,22055,22055,1
20211013090352,22055,22055,22055,22055,1
20211013090352,22055,22055,22055,22055,1
20211013090352,22055,22055,22055,22055,1
20211013090352,22055,22055,22055,22055,1
20211013090352,22055,22055,22055,22055,1
20211013090352,22055,22055,22055,22055,1
20211013090352,22055,22055,22055,22055,1
20211013090352,22055,22055,22055,22055,1
20211013090352,22055,22055,22055,22055,1
20211013090352,22055,22055,22055,22055,1
20211013090352,22055,22055,22055,22055,1
20211013090352,22055,22055,22055,22055,1
20211013090352,22055,22055,22055,22055,1
20211013090352,22055,22055,22055,22055,315
20211013090352,22055,22055,22055,22055,6000
20211013090352,22055,22055,22055,22055,500
20211013090352,22055,22055,22055,22055,100
20211013090352,22055,22055,22055,22055,1545
20211013090352,22055,22055,22055,22055,100
20211013090352,22060,22060,22060,22060,1
20211013090352,22060,22060,22060,22060,1
20211013090352,22060,22060,22060,22060,1
20211013090352,22055,22055,22055,22055,10
20211013090352,22060,22060,22060,22060,779
20211013090353,22060,22060,22060,22060,1
20211013090353,22060,22060,22060,22060,4
20211013090353,22060,22060,22060,22060,5
20211013090353,22060,22060,22060,22060,50
20211013090353,22060,22060,22060,22060,1
20211013090354,22055,22055,22055,22055,474
20211013090354,22060,22060,22060,22060,468
20211013090354,22060,22060,22060,22060,1021
20211013090355,22060,22060,22060,22060,67
20211013090355,22055,22055,22055,22055,33
20211013090355,22060,22060,22060,22060,50
20211013090356,22060,22060,22060,22060,56
20211013090356,22065,22065,22065,22065,1740
20211013090357,22065,22065,22065,22065,1
20211013090358,22065,22065,22065,22065,20
20211013090358,22070,22070,22070,22070,1
20211013090358,22065,22065,22065,22065,10
20211013090358,22065,22065,22065,22065,2
20211013090358,22060,22060,22060,22060,1
20211013090358,22060,22060,22060,22060,5433
20211013090359,22060,22060,22060,22060,9
20211013090359,22060,22060,22060,22060,50
20211013090359,22060,22060,22060,22060,5
20211013090400,22055,22055,22055,22055,1
20211013090400,22055,22055,22055,22055,2608
20211013090400,22055,22055,22055,22055,500
20211013090400,22055,22055,22055,22055,194
20211013090401,22055,22055,22055,22055,46
20211013090401,22050,22050,22050,22050,2400
20211013090401,22050,22050,22050,22050,942
20211013090401,22050,22050,22050,22050,1
20211013090401,22050,22050,22050,22050,637
20211013090401,22050,22050,22050,22050,8453
20211013090401,22050,22050,22050,22050,8318
20211013090401,22045,22045,22045,22045,1
20211013090401,22050,22050,22050,22050,2
20211013090401,22050,22050,22050,22050,1
20211013090401,22050,22050,22050,22050,1
20211013090401,22055,22055,22055,22055,705
20211013090402,22055,22055,22055,22055,8700
20211013090402,22060,22060,22060,22060,500
20211013090402,22060,22060,22060,22060,60
20211013090402,22060,22060,22060,22060,1
20211013090402,22060,22060,22060,22060,1
20211013090402,22060,22060,22060,22060,1
20211013090402,22060,22060,22060,22060,1
20211013090402,22060,22060,22060,22060,1
20211013090402,22060,22060,22060,22060,1
20211013090402,22065,22065,22065,22065,10
20211013090402,22065,22065,22065,22065,1
20211013090402,22060,22060,22060,22060,1
20211013090402,22060,22060,22060,22060,1
20211013090402,22060,22060,22060,22060,1
20211013090402,22060,22060,22060,22060,1
20211013090402,22060,22060,22060,22060,1
20211013090402,22060,22060,22060,22060,1
20211013090402,22060,22060,22060,22060,1
20211013090402,22060,22060,22060,22060,1
20211013090402,22060,22060,22060,22060,1
20211013090402,22060,22060,22060,22060,1
20211013090402,22060,22060,22060,22060,1
20211013090402,22060,22060,22060,22060,1
20211013090402,22060,22060,22060,22060,1
20211013090402,22060,22060,22060,22060,1
20211013090402,22060,22060,22060,22060,1
20211013090402,22060,22060,22060,22060,1
20211013090402,22060,22060,22060,22060,1
20211013090402,22060,22060,22060,22060,1
20211013090402,22060,22060,22060,22060,1
20211013090402,22060,22060,22060,22060,1
20211013090402,22060,22060,22060,22060,1
20211013090402,22060,22060,22060,22060,1
20211013090402,22060,22060,22060,22060,1
20211013090402,22060,22060,22060,22060,1
20211013090402,22060,22060,22060,22060,1
20211013090402,22060,22060,22060,22060,1
20211013090402,22060,22060,22060,22060,1
20211013090402,22060,22060,22060,22060,1
20211013090402,22060,22060,22060,22060,1
20211013090402,22060,22060,22060,22060,1
20211013090402,22060,22060,22060,22060,1
20211013090402,22060,22060,22060,22060,1
20211013090402,22060,22060,22060,22060,1
20211013090402,22060,22060,22060,22060,1
20211013090402,22060,22060,22060,22060,1
20211013090402,22060,22060,22060,22060,1
20211013090402,22060,22060,22060,22060,1
20211013090402,22060,22060,22060,22060,1
20211013090402,22060,22060,22060,22060,1
20211013090402,22060,22060,22060,22060,1
20211013090402,22060,22060,22060,22060,1
20211013090402,22060,22060,22060,22060,1
20211013090402,22060,22060,22060,22060,1
20211013090402,22060,22060,22060,22060,1
20211013090402,22060,22060,22060,22060,1
20211013090402,22060,22060,22060,22060,1
20211013090402,22060,22060,22060,22060,1
20211013090402,22060,22060,22060,22060,1
20211013090402,22060,22060,22060,22060,1
20211013090402,22060,22060,22060,22060,1
20211013090402,22060,22060,22060,22060,1
20211013090402,22060,22060,22060,22060,1
20211013090402,22060,22060,22060,22060,1
20211013090402,22060,22060,22060,22060,1
20211013090402,22060,22060,22060,22060,1
20211013090402,22060,22060,22060,22060,1
20211013090402,22060,22060,22060,22060,1
20211013090402,22060,22060,22060,22060,1
20211013090402,22060,22060,22060,22060,1
20211013090402,22060,22060,22060,22060,1
20211013090402,22060,22060,22060,22060,1
20211013090402,22060,22060,22060,22060,1
20211013090402,22060,22060,22060,22060,1
20211013090402,22060,22060,22060,22060,1
20211013090402,22060,22060,22060,22060,1
20211013090402,22060,22060,22060,22060,1
20211013090402,22060,22060,22060,22060,1
20211013090402,22060,22060,22060,22060,1
20211013090402,22060,22060,22060,22060,1
20211013090402,22060,22060,22060,22060,1
20211013090402,22060,22060,22060,22060,1
20211013090402,22060,22060,22060,22060,1
20211013090402,22060,22060,22060,22060,1
20211013090402,22060,22060,22060,22060,1
20211013090402,22060,22060,22060,22060,15
20211013090402,22060,22060,22060,22060,411
20211013090402,22055,22055,22055,22055,50
20211013090402,22055,22055,22055,22055,500
20211013090403,22055,22055,22055,22055,4
20211013090403,22055,22055,22055,22055,1
20211013090403,22055,22055,22055,22055,1
20211013090403,22055,22055,22055,22055,1
20211013090403,22055,22055,22055,22055,1
20211013090403,22055,22055,22055,22055,1
20211013090403,22060,22060,22060,22060,1
20211013090403,22055,22055,22055,22055,1
20211013090403,22055,22055,22055,22055,1
20211013090403,22055,22055,22055,22055,1
20211013090403,22055,22055,22055,22055,1
20211013090403,22055,22055,22055,22055,1
20211013090403,22055,22055,22055,22055,1
20211013090403,22055,22055,22055,22055,1
20211013090403,22055,22055,22055,22055,1
20211013090403,22055,22055,22055,22055,1
20211013090403,22055,22055,22055,22055,1
20211013090403,22055,22055,22055,22055,1
20211013090403,22055,22055,22055,22055,1
20211013090403,22055,22055,22055,22055,1
20211013090403,22055,22055,22055,22055,1
20211013090404,22055,22055,22055,22055,1
20211013090404,22055,22055,22055,22055,1
20211013090404,22055,22055,22055,22055,1
20211013090404,22055,22055,22055,22055,1
20211013090404,22055,22055,22055,22055,1
20211013090404,22055,22055,22055,22055,1
20211013090404,22055,22055,22055,22055,1
20211013090404,22055,22055,22055,22055,1
20211013090404,22055,22055,22055,22055,1
20211013090404,22055,22055,22055,22055,1
20211013090404,22055,22055,22055,22055,1
20211013090404,22055,22055,22055,22055,1
20211013090404,22055,22055,22055,22055,1
20211013090404,22055,22055,22055,22055,1
20211013090404,22055,22055,22055,22055,1
20211013090404,22055,22055,22055,22055,1
20211013090404,22055,22055,22055,22055,1
20211013090404,22055,22055,22055,22055,1
20211013090404,22055,22055,22055,22055,1
20211013090404,22055,22055,22055,22055,1
20211013090404,22055,22055,22055,22055,1
20211013090404,22055,22055,22055,22055,1
20211013090404,22055,22055,22055,22055,1
20211013090404,22055,22055,22055,22055,1
20211013090404,22055,22055,22055,22055,1
20211013090404,22055,22055,22055,22055,1
20211013090404,22055,22055,22055,22055,1
20211013090404,22055,22055,22055,22055,1
20211013090404,22055,22055,22055,22055,1
20211013090404,22055,22055,22055,22055,1
20211013090404,22055,22055,22055,22055,1
20211013090404,22055,22055,22055,22055,1
20211013090404,22055,22055,22055,22055,1
20211013090404,22055,22055,22055,22055,1
20211013090404,22055,22055,22055,22055,1
20211013090404,22055,22055,22055,22055,1
20211013090404,22055,22055,22055,22055,1
20211013090404,22055,22055,22055,22055,1
20211013090404,22055,22055,22055,22055,1
20211013090404,22055,22055,22055,22055,1
20211013090404,22055,22055,22055,22055,1
20211013090404,22055,22055,22055,22055,1
20211013090404,22055,22055,22055,22055,1
20211013090404,22055,22055,22055,22055,1
20211013090404,22055,22055,22055,22055,1
20211013090404,22055,22055,22055,22055,1
20211013090404,22055,22055,22055,22055,1
20211013090404,22055,22055,22055,22055,1
20211013090404,22055,22055,22055,22055,1
20211013090404,22055,22055,22055,22055,1
20211013090404,22055,22055,22055,22055,1
20211013090404,22055,22055,22055,22055,1
20211013090404,22055,22055,22055,22055,1
20211013090404,22055,22055,22055,22055,1
20211013090404,22055,22055,22055,22055,1
20211013090404,22055,22055,22055,22055,1
20211013090404,22055,22055,22055,22055,1
20211013090404,22055,22055,22055,22055,1
20211013090404,22055,22055,22055,22055,1
20211013090404,22055,22055,22055,22055,219
20211013090404,22060,22060,22060,22060,854
20211013090405,22055,22055,22055,22055,1400
20211013090406,22055,22055,22055,22055,10
20211013090406,22055,22055,22055,22055,1
20211013090406,22055,22055,22055,22055,1
20211013090406,22050,22050,22050,22050,1
20211013090407,22055,22055,22055,22055,150
20211013090407,22055,22055,22055,22055,1
20211013090407,22055,22055,22055,22055,1039
20211013090407,22055,22055,22055,22055,11
20211013090408,22055,22055,22055,22055,20
20211013090408,22055,22055,22055,22055,219
20211013090409,22060,22060,22060,22060,1
20211013090409,22060,22060,22060,22060,397
20211013090409,22060,22060,22060,22060,100
20211013090409,22065,22065,22065,22065,6700
20211013090409,22065,22065,22065,22065,1762
20211013090409,22065,22065,22065,22065,1962
20211013090409,22065,22065,22065,22065,3600
20211013090409,22065,22065,22065,22065,2200
20211013090409,22065,22065,22065,22065,355
20211013090409,22060,22060,22060,22060,150
20211013090410,22060,22060,22060,22060,111
20211013090410,22060,22060,22060,22060,10
20211013090410,22060,22060,22060,22060,38
20211013090410,22060,22060,22060,22060,44
20211013090410,22070,22070,22070,22070,3243
20211013090411,22065,22065,22065,22065,1
20211013090411,22065,22065,22065,22065,200
20211013090411,22075,22075,22075,22075,200
20211013090411,22065,22065,22065,22065,1
20211013090412,22070,22070,22070,22070,40
20211013090412,22070,22070,22070,22070,5
20211013090412,22070,22070,22070,22070,30
20211013090412,22075,22075,22075,22075,1697
20211013090412,22075,22075,22075,22075,150
20211013090412,22080,22080,22080,22080,1
20211013090413,22075,22075,22075,22075,10
20211013090413,22075,22075,22075,22075,1
20211013090414,22080,22080,22080,22080,100
20211013090414,22075,22075,22075,22075,14
20211013090414,22070,22070,22070,22070,1700
20211013090415,22075,22075,22075,22075,236
20211013090415,22080,22080,22080,22080,200
20211013090415,22075,22075,22075,22075,425
20211013090416,22080,22080,22080,22080,6
20211013090416,22075,22075,22075,22075,1
20211013090416,22080,22080,22080,22080,1
20211013090416,22080,22080,22080,22080,334
20211013090416,22080,22080,22080,22080,1441
20211013090416,22080,22080,22080,22080,1
20211013090416,22080,22080,22080,22080,1
20211013090416,22080,22080,22080,22080,1
20211013090416,22080,22080,22080,22080,1
20211013090416,22080,22080,22080,22080,1
20211013090416,22080,22080,22080,22080,1
20211013090416,22080,22080,22080,22080,1
20211013090416,22080,22080,22080,22080,1
20211013090416,22080,22080,22080,22080,1
20211013090416,22080,22080,22080,22080,657
20211013090416,22080,22080,22080,22080,500
20211013090416,22080,22080,22080,22080,158
20211013090417,22075,22075,22075,22075,1
20211013090417,22075,22075,22075,22075,233
20211013090417,22075,22075,22075,22075,100
20211013090417,22075,22075,22075,22075,226
20211013090417,22070,22070,22070,22070,111
20211013090417,22070,22070,22070,22070,1
20211013090417,22070,22070,22070,22070,1
20211013090417,22070,22070,22070,22070,3000
20211013090417,22075,22075,22075,22075,100
20211013090417,22075,22075,22075,22075,3
20211013090418,22075,22075,22075,22075,839
20211013090418,22080,22080,22080,22080,161
20211013090418,22075,22075,22075,22075,5
20211013090418,22080,22080,22080,22080,1
20211013090418,22075,22075,22075,22075,5
20211013090418,22080,22080,22080,22080,300
20211013090419,22070,22070,22070,22070,4631
20211013090419,22065,22065,22065,22065,4269
20211013090419,22070,22070,22070,22070,821
20211013090419,22070,22070,22070,22070,1
20211013090419,22070,22070,22070,22070,205
20211013090419,22070,22070,22070,22070,1
20211013090419,22070,22070,22070,22070,1
20211013090419,22070,22070,22070,22070,1
20211013090419,22070,22070,22070,22070,1
20211013090419,22070,22070,22070,22070,1
20211013090419,22070,22070,22070,22070,1
20211013090419,22070,22070,22070,22070,1
20211013090419,22070,22070,22070,22070,1
20211013090419,22070,22070,22070,22070,1
20211013090419,22070,22070,22070,22070,1
20211013090419,22070,22070,22070,22070,1
20211013090419,22070,22070,22070,22070,1
20211013090419,22070,22070,22070,22070,1
20211013090419,22070,22070,22070,22070,1
20211013090419,22070,22070,22070,22070,1
20211013090419,22070,22070,22070,22070,1
20211013090419,22070,22070,22070,22070,1
20211013090419,22070,22070,22070,22070,1
20211013090419,22070,22070,22070,22070,1
20211013090419,22070,22070,22070,22070,1
20211013090419,22070,22070,22070,22070,1
20211013090419,22070,22070,22070,22070,1
20211013090419,22070,22070,22070,22070,1
20211013090419,22070,22070,22070,22070,1
20211013090419,22070,22070,22070,22070,1
20211013090419,22070,22070,22070,22070,1
20211013090419,22070,22070,22070,22070,1
20211013090419,22070,22070,22070,22070,1
20211013090419,22070,22070,22070,22070,1
20211013090419,22070,22070,22070,22070,1
20211013090419,22070,22070,22070,22070,100
20211013090419,22075,22075,22075,22075,1
20211013090419,22070,22070,22070,22070,20
20211013090419,22070,22070,22070,22070,526
20211013090419,22070,22070,22070,22070,1626
20211013090420,22070,22070,22070,22070,100
20211013090420,22070,22070,22070,22070,500
20211013090420,22070,22070,22070,22070,500
20211013090420,22070,22070,22070,22070,1000
20211013090420,22065,22065,22065,22065,1
20211013090420,22065,22065,22065,22065,952
20211013090420,22065,22065,22065,22065,1015
20211013090420,22070,22070,22070,22070,1000
20211013090421,22060,22060,22060,22060,2375
20211013090421,22065,22065,22065,22065,400
20211013090421,22065,22065,22065,22065,1626
20211013090421,22070,22070,22070,22070,2477
20211013090421,22065,22065,22065,22065,705
20211013090421,22070,22070,22070,22070,295
20211013090421,22065,22065,22065,22065,129
20211013090421,22065,22065,22065,22065,1
20211013090421,22065,22065,22065,22065,1
20211013090422,22060,22060,22060,22060,3
20211013090422,22065,22065,22065,22065,581
20211013090422,22055,22055,22055,22055,67
20211013090423,22055,22055,22055,22055,500
20211013090424,22065,22065,22065,22065,200
20211013090424,22055,22055,22055,22055,3
20211013090424,22065,22065,22065,22065,5
20211013090424,22065,22065,22065,22065,13
20211013090425,22065,22065,22065,22065,100
20211013090425,22055,22055,22055,22055,890
20211013090425,22055,22055,22055,22055,839
20211013090425,22055,22055,22055,22055,596
20211013090425,22060,22060,22060,22060,13
20211013090425,22060,22060,22060,22060,100
20211013090426,22055,22055,22055,22055,100
20211013090426,22055,22055,22055,22055,1
20211013090426,22055,22055,22055,22055,249
20211013090426,22055,22055,22055,22055,1
20211013090426,22055,22055,22055,22055,1
20211013090426,22055,22055,22055,22055,1
20211013090426,22055,22055,22055,22055,1
20211013090426,22055,22055,22055,22055,1
20211013090426,22055,22055,22055,22055,1
20211013090426,22055,22055,22055,22055,1
20211013090426,22055,22055,22055,22055,1
20211013090426,22055,22055,22055,22055,1
20211013090426,22055,22055,22055,22055,1
20211013090426,22055,22055,22055,22055,1
20211013090426,22055,22055,22055,22055,1
20211013090426,22055,22055,22055,22055,1
20211013090426,22055,22055,22055,22055,1
20211013090426,22055,22055,22055,22055,1
20211013090426,22055,22055,22055,22055,1
20211013090426,22055,22055,22055,22055,1
20211013090426,22055,22055,22055,22055,1
20211013090426,22055,22055,22055,22055,1
20211013090426,22055,22055,22055,22055,1
20211013090426,22055,22055,22055,22055,1
20211013090426,22055,22055,22055,22055,1
20211013090426,22055,22055,22055,22055,1
20211013090426,22055,22055,22055,22055,1
20211013090426,22055,22055,22055,22055,1
20211013090426,22055,22055,22055,22055,1
20211013090426,22055,22055,22055,22055,1
20211013090426,22055,22055,22055,22055,1
20211013090426,22055,22055,22055,22055,1
20211013090426,22055,22055,22055,22055,1
20211013090426,22055,22055,22055,22055,1
20211013090426,22055,22055,22055,22055,1
20211013090426,22055,22055,22055,22055,1
20211013090426,22055,22055,22055,22055,1
20211013090426,22055,22055,22055,22055,1
20211013090426,22055,22055,22055,22055,1
20211013090426,22055,22055,22055,22055,1
20211013090426,22055,22055,22055,22055,1
20211013090426,22055,22055,22055,22055,1
20211013090426,22055,22055,22055,22055,1
20211013090426,22055,22055,22055,22055,1
20211013090426,22055,22055,22055,22055,1
20211013090426,22055,22055,22055,22055,1
20211013090426,22055,22055,22055,22055,1
20211013090426,22055,22055,22055,22055,1
20211013090426,22055,22055,22055,22055,1
20211013090426,22055,22055,22055,22055,1
20211013090426,22055,22055,22055,22055,1
20211013090426,22055,22055,22055,22055,1
20211013090426,22055,22055,22055,22055,1
20211013090426,22055,22055,22055,22055,1
20211013090426,22055,22055,22055,22055,1
20211013090426,22055,22055,22055,22055,1
20211013090426,22055,22055,22055,22055,1
20211013090426,22055,22055,22055,22055,1
20211013090426,22055,22055,22055,22055,1
20211013090426,22055,22055,22055,22055,1
20211013090426,22055,22055,22055,22055,1
20211013090426,22055,22055,22055,22055,1
20211013090426,22055,22055,22055,22055,1
20211013090426,22055,22055,22055,22055,1
20211013090426,22055,22055,22055,22055,1
20211013090426,22055,22055,22055,22055,1
20211013090426,22055,22055,22055,22055,1
20211013090426,22055,22055,22055,22055,1
20211013090426,22055,22055,22055,22055,1
20211013090426,22055,22055,22055,22055,1
20211013090426,22055,22055,22055,22055,1
20211013090426,22055,22055,22055,22055,1
20211013090426,22055,22055,22055,22055,1
20211013090426,22055,22055,22055,22055,1
20211013090426,22055,22055,22055,22055,1
20211013090426,22055,22055,22055,22055,1
20211013090426,22055,22055,22055,22055,1
20211013090426,22055,22055,22055,22055,1
20211013090426,22055,22055,22055,22055,1
20211013090426,22055,22055,22055,22055,1
20211013090426,22055,22055,22055,22055,1
20211013090426,22055,22055,22055,22055,1
20211013090426,22055,22055,22055,22055,1
20211013090426,22055,22055,22055,22055,1
20211013090426,22055,22055,22055,22055,1
20211013090426,22055,22055,22055,22055,1
20211013090426,22055,22055,22055,22055,1
20211013090426,22055,22055,22055,22055,1
20211013090426,22055,22055,22055,22055,1
20211013090426,22060,22060,22060,22060,200
20211013090426,22055,22055,22055,22055,67
20211013090427,22060,22060,22060,22060,200
20211013090427,22055,22055,22055,22055,1
20211013090427,22055,22055,22055,22055,481
20211013090427,22055,22055,22055,22055,1
20211013090427,22055,22055,22055,22055,1
20211013090427,22055,22055,22055,22055,1
20211013090427,22055,22055,22055,22055,1
20211013090427,22055,22055,22055,22055,1
20211013090427,22055,22055,22055,22055,1
20211013090427,22055,22055,22055,22055,1
20211013090427,22055,22055,22055,22055,1
20211013090427,22055,22055,22055,22055,1
20211013090427,22055,22055,22055,22055,1
20211013090427,22055,22055,22055,22055,1
20211013090427,22055,22055,22055,22055,1
20211013090427,22055,22055,22055,22055,1
20211013090427,22055,22055,22055,22055,1
20211013090427,22055,22055,22055,22055,1
20211013090427,22055,22055,22055,22055,1
20211013090427,22055,22055,22055,22055,1
20211013090427,22055,22055,22055,22055,1
20211013090427,22055,22055,22055,22055,1
20211013090427,22055,22055,22055,22055,1
20211013090427,22055,22055,22055,22055,1
20211013090427,22055,22055,22055,22055,1
20211013090427,22055,22055,22055,22055,1
20211013090427,22055,22055,22055,22055,1
20211013090427,22055,22055,22055,22055,1
20211013090427,22055,22055,22055,22055,1
20211013090427,22055,22055,22055,22055,1
20211013090427,22055,22055,22055,22055,1
20211013090427,22055,22055,22055,22055,1
20211013090427,22055,22055,22055,22055,1
20211013090427,22055,22055,22055,22055,1
20211013090427,22055,22055,22055,22055,1
20211013090427,22055,22055,22055,22055,1
20211013090427,22055,22055,22055,22055,1
20211013090427,22055,22055,22055,22055,1
20211013090427,22055,22055,22055,22055,1
20211013090427,22055,22055,22055,22055,1
20211013090427,22055,22055,22055,22055,1
20211013090427,22055,22055,22055,22055,1
20211013090427,22055,22055,22055,22055,1
20211013090427,22055,22055,22055,22055,1
20211013090427,22055,22055,22055,22055,1
20211013090427,22055,22055,22055,22055,1
20211013090427,22055,22055,22055,22055,1
20211013090427,22055,22055,22055,22055,1
20211013090427,22055,22055,22055,22055,1
20211013090427,22055,22055,22055,22055,1
20211013090427,22055,22055,22055,22055,1
20211013090427,22055,22055,22055,22055,1
20211013090427,22055,22055,22055,22055,1
20211013090427,22055,22055,22055,22055,1
20211013090427,22055,22055,22055,22055,1
20211013090427,22055,22055,22055,22055,1
20211013090427,22055,22055,22055,22055,1
20211013090427,22055,22055,22055,22055,1
20211013090427,22055,22055,22055,22055,1
20211013090427,22055,22055,22055,22055,1
20211013090427,22055,22055,22055,22055,1
20211013090427,22055,22055,22055,22055,1
20211013090427,22055,22055,22055,22055,1
20211013090427,22055,22055,22055,22055,1
20211013090427,22055,22055,22055,22055,1
20211013090427,22055,22055,22055,22055,1
20211013090427,22055,22055,22055,22055,1
20211013090427,22055,22055,22055,22055,1
20211013090427,22055,22055,22055,22055,1
20211013090427,22055,22055,22055,22055,1
20211013090427,22055,22055,22055,22055,1
20211013090427,22055,22055,22055,22055,1
20211013090427,22055,22055,22055,22055,1
20211013090427,22055,22055,22055,22055,1
20211013090427,22055,22055,22055,22055,1
20211013090427,22055,22055,22055,22055,1
20211013090427,22055,22055,22055,22055,1
20211013090427,22055,22055,22055,22055,1
20211013090427,22055,22055,22055,22055,1
20211013090427,22055,22055,22055,22055,1
20211013090427,22055,22055,22055,22055,1
20211013090427,22055,22055,22055,22055,1
20211013090427,22055,22055,22055,22055,1
20211013090427,22055,22055,22055,22055,1
20211013090427,22055,22055,22055,22055,1
20211013090427,22055,22055,22055,22055,1
20211013090427,22055,22055,22055,22055,1
20211013090427,22055,22055,22055,22055,1
20211013090427,22055,22055,22055,22055,1
20211013090427,22055,22055,22055,22055,1
20211013090427,22055,22055,22055,22055,1
20211013090427,22055,22055,22055,22055,1
20211013090428,22055,22055,22055,22055,1002
20211013090428,22060,22060,22060,22060,1
20211013090428,22055,22055,22055,22055,1
20211013090428,22055,22055,22055,22055,308
20211013090429,22055,22055,22055,22055,10
20211013090429,22055,22055,22055,22055,10
20211013090429,22060,22060,22060,22060,16
20211013090430,22055,22055,22055,22055,30
20211013090430,22055,22055,22055,22055,1
20211013090430,22050,22050,22050,22050,2
20211013090430,22055,22055,22055,22055,74
20211013090430,22055,22055,22055,22055,2
20211013090431,22060,22060,22060,22060,1
20211013090431,22060,22060,22060,22060,1
20211013090431,22060,22060,22060,22060,330
20211013090431,22060,22060,22060,22060,50
20211013090431,22060,22060,22060,22060,2
20211013090431,22065,22065,22065,22065,235
20211013090432,22060,22060,22060,22060,2
20211013090432,22070,22070,22070,22070,300
20211013090433,22065,22065,22065,22065,1
20211013090433,22065,22065,22065,22065,500
20211013090433,22065,22065,22065,22065,500
20211013090433,22070,22070,22070,22070,300
20211013090434,22060,22060,22060,22060,30
20211013090435,22055,22055,22055,22055,3169
20211013090435,22055,22055,22055,22055,1
20211013090435,22060,22060,22060,22060,350
20211013090436,22055,22055,22055,22055,9
20211013090436,22060,22060,22060,22060,1
20211013090436,22060,22060,22060,22060,10
20211013090437,22055,22055,22055,22055,55
20211013090438,22055,22055,22055,22055,67
20211013090440,22055,22055,22055,22055,1000
20211013090440,22055,22055,22055,22055,1
20211013090440,22055,22055,22055,22055,1
20211013090440,22055,22055,22055,22055,1
20211013090440,22055,22055,22055,22055,1
20211013090440,22055,22055,22055,22055,1
20211013090440,22055,22055,22055,22055,1
20211013090440,22055,22055,22055,22055,92
20211013090440,22055,22055,22055,22055,1
20211013090440,22060,22060,22060,22060,6999
20211013090441,22060,22060,22060,22060,100
20211013090441,22055,22055,22055,22055,1
20211013090441,22055,22055,22055,22055,10
20211013090443,22055,22055,22055,22055,1
20211013090444,22060,22060,22060,22060,1
20211013090444,22060,22060,22060,22060,1055
20211013090444,22060,22060,22060,22060,100
20211013090444,22060,22060,22060,22060,1249
20211013090444,22065,22065,22065,22065,1464
20211013090444,22060,22060,22060,22060,500
20211013090444,22055,22055,22055,22055,497
20211013090444,22060,22060,22060,22060,500
20211013090444,22060,22060,22060,22060,500
20211013090444,22060,22060,22060,22060,1
20211013090444,22060,22060,22060,22060,1
20211013090444,22060,22060,22060,22060,1
20211013090444,22060,22060,22060,22060,1
20211013090444,22060,22060,22060,22060,1
20211013090444,22060,22060,22060,22060,1
20211013090444,22060,22060,22060,22060,1
20211013090444,22060,22060,22060,22060,1
20211013090444,22060,22060,22060,22060,1
20211013090444,22060,22060,22060,22060,1
20211013090445,22060,22060,22060,22060,1
20211013090445,22060,22060,22060,22060,1
20211013090445,22060,22060,22060,22060,1
20211013090445,22060,22060,22060,22060,1
20211013090445,22060,22060,22060,22060,1
20211013090445,22060,22060,22060,22060,1
20211013090445,22060,22060,22060,22060,1
20211013090445,22060,22060,22060,22060,1
20211013090445,22060,22060,22060,22060,1
20211013090445,22060,22060,22060,22060,1
20211013090445,22060,22060,22060,22060,1
20211013090445,22060,22060,22060,22060,1
20211013090445,22060,22060,22060,22060,1
20211013090445,22060,22060,22060,22060,1
20211013090445,22060,22060,22060,22060,1
20211013090445,22060,22060,22060,22060,1
20211013090445,22060,22060,22060,22060,1
20211013090445,22060,22060,22060,22060,1
20211013090445,22060,22060,22060,22060,1
20211013090445,22060,22060,22060,22060,1
20211013090445,22060,22060,22060,22060,125
20211013090445,22060,22060,22060,22060,1
20211013090445,22060,22060,22060,22060,1
20211013090445,22060,22060,22060,22060,1
20211013090445,22060,22060,22060,22060,1
20211013090445,22060,22060,22060,22060,1
20211013090445,22060,22060,22060,22060,1
20211013090445,22060,22060,22060,22060,1
20211013090445,22060,22060,22060,22060,1
20211013090445,22060,22060,22060,22060,1
20211013090445,22060,22060,22060,22060,1
20211013090445,22060,22060,22060,22060,1
20211013090445,22060,22060,22060,22060,1
20211013090445,22060,22060,22060,22060,1
20211013090445,22060,22060,22060,22060,1
20211013090445,22060,22060,22060,22060,1
20211013090445,22060,22060,22060,22060,1
20211013090445,22060,22060,22060,22060,1
20211013090445,22060,22060,22060,22060,1
20211013090445,22060,22060,22060,22060,1
20211013090445,22060,22060,22060,22060,1
20211013090445,22060,22060,22060,22060,1
20211013090445,22060,22060,22060,22060,1
20211013090445,22060,22060,22060,22060,1
20211013090445,22060,22060,22060,22060,1
20211013090445,22060,22060,22060,22060,1
20211013090445,22060,22060,22060,22060,1
20211013090445,22060,22060,22060,22060,1
20211013090445,22060,22060,22060,22060,1
20211013090445,22060,22060,22060,22060,1
20211013090445,22060,22060,22060,22060,1
20211013090445,22060,22060,22060,22060,1
20211013090445,22060,22060,22060,22060,1
20211013090445,22060,22060,22060,22060,1
20211013090445,22060,22060,22060,22060,1
20211013090445,22060,22060,22060,22060,1
20211013090445,22060,22060,22060,22060,1
20211013090445,22060,22060,22060,22060,1
20211013090445,22060,22060,22060,22060,1
20211013090445,22060,22060,22060,22060,1
20211013090445,22060,22060,22060,22060,1
20211013090445,22060,22060,22060,22060,1
20211013090445,22060,22060,22060,22060,1
20211013090445,22060,22060,22060,22060,1
20211013090445,22060,22060,22060,22060,1
20211013090445,22060,22060,22060,22060,1
20211013090445,22060,22060,22060,22060,1
20211013090445,22060,22060,22060,22060,1
20211013090445,22060,22060,22060,22060,1
20211013090445,22060,22060,22060,22060,1
20211013090445,22060,22060,22060,22060,1
20211013090445,22060,22060,22060,22060,1
20211013090445,22060,22060,22060,22060,1
20211013090445,22060,22060,22060,22060,1
20211013090445,22055,22055,22055,22055,1
20211013090445,22055,22055,22055,22055,1
20211013090445,22060,22060,22060,22060,5
20211013090445,22060,22060,22060,22060,1
20211013090445,22060,22060,22060,22060,368
20211013090445,22060,22060,22060,22060,206
20211013090445,22060,22060,22060,22060,1
20211013090445,22060,22060,22060,22060,29
20211013090446,22065,22065,22065,22065,100
20211013090446,22060,22060,22060,22060,1
20211013090447,22060,22060,22060,22060,1
20211013090447,22060,22060,22060,22060,57
20211013090447,22060,22060,22060,22060,2
20211013090447,22060,22060,22060,22060,1
20211013090447,22060,22060,22060,22060,1
20211013090447,22065,22065,22065,22065,1
20211013090447,22065,22065,22065,22065,1
20211013090447,22060,22060,22060,22060,797
20211013090448,22065,22065,22065,22065,64
20211013090448,22060,22060,22060,22060,1575
20211013090448,22060,22060,22060,22060,1
20211013090448,22060,22060,22060,22060,1
20211013090448,22060,22060,22060,22060,1
20211013090448,22060,22060,22060,22060,1
20211013090448,22060,22060,22060,22060,1
20211013090448,22060,22060,22060,22060,1
20211013090448,22060,22060,22060,22060,1
20211013090448,22060,22060,22060,22060,1
20211013090448,22060,22060,22060,22060,1
20211013090448,22060,22060,22060,22060,1
20211013090448,22060,22060,22060,22060,1
20211013090448,22060,22060,22060,22060,1
20211013090448,22060,22060,22060,22060,1
20211013090448,22060,22060,22060,22060,7
20211013090449,22055,22055,22055,22055,1
20211013090449,22055,22055,22055,22055,1
20211013090449,22060,22060,22060,22060,1
20211013090449,22060,22060,22060,22060,500
20211013090449,22060,22060,22060,22060,62
20211013090449,22060,22060,22060,22060,100
20211013090451,22060,22060,22060,22060,500
20211013090451,22065,22065,22065,22065,500
20211013090451,22060,22060,22060,22060,1
20211013090451,22060,22060,22060,22060,1
20211013090451,22060,22060,22060,22060,1
20211013090451,22060,22060,22060,22060,1
20211013090451,22060,22060,22060,22060,1
20211013090451,22060,22060,22060,22060,1
20211013090451,22060,22060,22060,22060,1
20211013090451,22060,22060,22060,22060,1
20211013090451,22060,22060,22060,22060,1
20211013090451,22060,22060,22060,22060,1
20211013090451,22060,22060,22060,22060,1
20211013090451,22060,22060,22060,22060,1
20211013090451,22060,22060,22060,22060,1
20211013090451,22060,22060,22060,22060,1
20211013090451,22060,22060,22060,22060,1
20211013090451,22060,22060,22060,22060,1
20211013090451,22060,22060,22060,22060,1
20211013090451,22060,22060,22060,22060,1
20211013090451,22060,22060,22060,22060,1
20211013090451,22060,22060,22060,22060,125
20211013090451,22060,22060,22060,22060,1
20211013090451,22060,22060,22060,22060,1
20211013090451,22060,22060,22060,22060,1
20211013090451,22060,22060,22060,22060,1
20211013090451,22060,22060,22060,22060,1
20211013090451,22060,22060,22060,22060,1
20211013090451,22060,22060,22060,22060,1
20211013090451,22060,22060,22060,22060,1
20211013090451,22060,22060,22060,22060,1
20211013090451,22060,22060,22060,22060,1
20211013090451,22060,22060,22060,22060,1
20211013090451,22060,22060,22060,22060,1
20211013090451,22060,22060,22060,22060,1
20211013090451,22060,22060,22060,22060,1
20211013090451,22060,22060,22060,22060,1
20211013090451,22060,22060,22060,22060,1
20211013090451,22060,22060,22060,22060,1
20211013090451,22060,22060,22060,22060,1
20211013090451,22060,22060,22060,22060,1
20211013090451,22060,22060,22060,22060,1
20211013090451,22060,22060,22060,22060,1
20211013090451,22060,22060,22060,22060,1
20211013090451,22060,22060,22060,22060,1
20211013090451,22060,22060,22060,22060,1
20211013090451,22060,22060,22060,22060,1
20211013090451,22060,22060,22060,22060,1
20211013090451,22060,22060,22060,22060,1
20211013090451,22060,22060,22060,22060,1
20211013090451,22060,22060,22060,22060,1
20211013090451,22060,22060,22060,22060,1
20211013090451,22060,22060,22060,22060,1
20211013090451,22060,22060,22060,22060,1
20211013090451,22060,22060,22060,22060,1
20211013090451,22060,22060,22060,22060,1
20211013090451,22060,22060,22060,22060,1
20211013090451,22060,22060,22060,22060,1
20211013090451,22060,22060,22060,22060,1
20211013090451,22060,22060,22060,22060,1
20211013090451,22060,22060,22060,22060,1
20211013090451,22060,22060,22060,22060,1
20211013090451,22060,22060,22060,22060,1
20211013090451,22060,22060,22060,22060,1
20211013090451,22060,22060,22060,22060,1
20211013090452,22060,22060,22060,22060,1
20211013090452,22060,22060,22060,22060,1
20211013090452,22060,22060,22060,22060,1
20211013090452,22060,22060,22060,22060,1
20211013090452,22060,22060,22060,22060,1
20211013090452,22060,22060,22060,22060,1
20211013090452,22060,22060,22060,22060,1
20211013090452,22060,22060,22060,22060,1
20211013090452,22060,22060,22060,22060,1
20211013090452,22060,22060,22060,22060,1
20211013090452,22060,22060,22060,22060,1
20211013090452,22060,22060,22060,22060,1
20211013090452,22060,22060,22060,22060,1
20211013090452,22060,22060,22060,22060,1
20211013090452,22060,22060,22060,22060,1
20211013090452,22060,22060,22060,22060,1
20211013090452,22060,22060,22060,22060,2
20211013090452,22060,22060,22060,22060,100
20211013090453,22055,22055,22055,22055,1
20211013090453,22060,22060,22060,22060,50
20211013090453,22055,22055,22055,22055,1
20211013090453,22055,22055,22055,22055,1
20211013090453,22055,22055,22055,22055,1
20211013090453,22055,22055,22055,22055,734
20211013090454,22050,22050,22050,22050,207
20211013090454,22050,22050,22050,22050,705
20211013090454,22050,22050,22050,22050,1
20211013090454,22050,22050,22050,22050,3808
20211013090454,22050,22050,22050,22050,700
20211013090454,22055,22055,22055,22055,4
20211013090454,22050,22050,22050,22050,1300
20211013090454,22050,22050,22050,22050,758
20211013090454,22050,22050,22050,22050,1300
20211013090454,22050,22050,22050,22050,600
20211013090454,22055,22055,22055,22055,1
20211013090454,22055,22055,22055,22055,1
20211013090455,22050,22050,22050,22050,1773
20211013090455,22050,22050,22050,22050,500
20211013090455,22050,22050,22050,22050,917
20211013090455,22045,22045,22045,22045,1466
20211013090455,22050,22050,22050,22050,500
20211013090455,22055,22055,22055,22055,815
20211013090456,22045,22045,22045,22045,500
20211013090457,22050,22050,22050,22050,3
20211013090457,22045,22045,22045,22045,350
20211013090459,22055,22055,22055,22055,50
20211013090459,22050,22050,22050,22050,1
20211013090459,22050,22050,22050,22050,5
20211013090500,22055,22055,22055,22055,500
20211013090501,22040,22040,22040,22040,10
20211013090501,22045,22045,22045,22045,11
20211013090501,22050,22050,22050,22050,25
20211013090504,22050,22050,22050,22050,1
20211013090504,22055,22055,22055,22055,120
20211013090505,22050,22050,22050,22050,229
20211013090505,22055,22055,22055,22055,500
20211013090505,22050,22050,22050,22050,500
20211013090506,22055,22055,22055,22055,10
20211013090506,22060,22060,22060,22060,1
20211013090506,22060,22060,22060,22060,765
20211013090506,22055,22055,22055,22055,5
20211013090507,22060,22060,22060,22060,500
20211013090507,22060,22060,22060,22060,10
20211013090507,22060,22060,22060,22060,40
20211013090508,22065,22065,22065,22065,10
20211013090508,22060,22060,22060,22060,100
20211013090509,22060,22060,22060,22060,5
20211013090510,22060,22060,22060,22060,100
20211013090512,22055,22055,22055,22055,1
20211013090512,22060,22060,22060,22060,1
20211013090512,22055,22055,22055,22055,1
20211013090512,22055,22055,22055,22055,1
20211013090512,22055,22055,22055,22055,1
20211013090512,22060,22060,22060,22060,1
20211013090512,22060,22060,22060,22060,1071
20211013090512,22060,22060,22060,22060,8056
20211013090513,22060,22060,22060,22060,10
20211013090513,22060,22060,22060,22060,100
20211013090513,22060,22060,22060,22060,1
20211013090513,22065,22065,22065,22065,10
20211013090514,22060,22060,22060,22060,1
20211013090514,22060,22060,22060,22060,2
20211013090514,22060,22060,22060,22060,1
20211013090514,22060,22060,22060,22060,596
20211013090514,22065,22065,22065,22065,2
20211013090516,22060,22060,22060,22060,1
20211013090516,22060,22060,22060,22060,60
20211013090516,22065,22065,22065,22065,1
20211013090516,22060,22060,22060,22060,100
20211013090518,22055,22055,22055,22055,188
20211013090519,22055,22055,22055,22055,444
20211013090519,22050,22050,22050,22050,10
20211013090520,22060,22060,22060,22060,40
20211013090521,22060,22060,22060,22060,220
20211013090522,22055,22055,22055,22055,109
20211013090522,22065,22065,22065,22065,7
20211013090522,22060,22060,22060,22060,500
20211013090522,22060,22060,22060,22060,55
20211013090523,22055,22055,22055,22055,150
20211013090523,22060,22060,22060,22060,10
20211013090523,22060,22060,22060,22060,10
20211013090523,22060,22060,22060,22060,1
20211013090523,22060,22060,22060,22060,1
20211013090523,22055,22055,22055,22055,50
20211013090524,22060,22060,22060,22060,1
20211013090524,22060,22060,22060,22060,87
20211013090524,22060,22060,22060,22060,100
20211013090524,22060,22060,22060,22060,13
20211013090525,22060,22060,22060,22060,40
20211013090525,22060,22060,22060,22060,35
20211013090525,22055,22055,22055,22055,100
20211013090525,22060,22060,22060,22060,888
20211013090526,22055,22055,22055,22055,1
20211013090526,22060,22060,22060,22060,5
20211013090526,22055,22055,22055,22055,100
20211013090527,22055,22055,22055,22055,1
20211013090527,22055,22055,22055,22055,6
20211013090527,22060,22060,22060,22060,13
20211013090529,22060,22060,22060,22060,450
20211013090529,22055,22055,22055,22055,1
20211013090529,22055,22055,22055,22055,170
20211013090529,22050,22050,22050,22050,188
20211013090530,22055,22055,22055,22055,15
20211013090531,22055,22055,22055,22055,10
20211013090531,22060,22060,22060,22060,177
20211013090531,22060,22060,22060,22060,50
20211013090531,22060,22060,22060,22060,1
20211013090531,22060,22060,22060,22060,1
20211013090531,22055,22055,22055,22055,100
20211013090531,22055,22055,22055,22055,5
20211013090531,22055,22055,22055,22055,2
20211013090532,22055,22055,22055,22055,100
20211013090533,22055,22055,22055,22055,1
20211013090534,22055,22055,22055,22055,91
20211013090534,22055,22055,22055,22055,500
20211013090534,22055,22055,22055,22055,500
20211013090534,22050,22050,22050,22050,780
20211013090534,22055,22055,22055,22055,1
20211013090535,22050,22050,22050,22050,1
20211013090535,22055,22055,22055,22055,10
20211013090535,22055,22055,22055,22055,1
20211013090535,22055,22055,22055,22055,1
20211013090535,22055,22055,22055,22055,2987
20211013090536,22060,22060,22060,22060,1
20211013090537,22055,22055,22055,22055,500
20211013090537,22060,22060,22060,22060,1
20211013090537,22060,22060,22060,22060,3356
20211013090537,22060,22060,22060,22060,918
20211013090537,22065,22065,22065,22065,50
20211013090537,22065,22065,22065,22065,4675
20211013090538,22070,22070,22070,22070,1
20211013090538,22065,22065,22065,22065,10
20211013090539,22070,22070,22070,22070,1
20211013090539,22070,22070,22070,22070,100
20211013090539,22070,22070,22070,22070,5063
20211013090539,22065,22065,22065,22065,20
20211013090540,22075,22075,22075,22075,19727
20211013090540,22075,22075,22075,22075,22
20211013090540,22075,22075,22075,22075,10
20211013090541,22075,22075,22075,22075,4
20211013090541,22080,22080,22080,22080,1137
20211013090541,22080,22080,22080,22080,541
20211013090541,22075,22075,22075,22075,4000
20211013090541,22085,22085,22085,22085,1
20211013090541,22085,22085,22085,22085,1562
20211013090541,22080,22080,22080,22080,10
20211013090541,22080,22080,22080,22080,43
20211013090543,22085,22085,22085,22085,250
20211013090543,22085,22085,22085,22085,1
20211013090544,22085,22085,22085,22085,1
20211013090544,22080,22080,22080,22080,1
20211013090544,22085,22085,22085,22085,1
20211013090544,22085,22085,22085,22085,9
20211013090545,22085,22085,22085,22085,13
20211013090545,22080,22080,22080,22080,10
20211013090545,22080,22080,22080,22080,1
20211013090545,22080,22080,22080,22080,1
20211013090546,22080,22080,22080,22080,38
20211013090546,22075,22075,22075,22075,1
20211013090546,22080,22080,22080,22080,1205
20211013090546,22085,22085,22085,22085,95
20211013090546,22085,22085,22085,22085,500
20211013090547,22085,22085,22085,22085,300
20211013090547,22090,22090,22090,22090,200
20211013090547,22085,22085,22085,22085,10
20211013090547,22090,22090,22090,22090,1
20211013090547,22085,22085,22085,22085,1100
20211013090547,22080,22080,22080,22080,1084
20211013090548,22085,22085,22085,22085,100
20211013090548,22085,22085,22085,22085,100
20211013090548,22090,22090,22090,22090,1
20211013090549,22090,22090,22090,22090,1
20211013090549,22090,22090,22090,22090,1
20211013090549,22090,22090,22090,22090,46
20211013090549,22085,22085,22085,22085,3
20211013090549,22085,22085,22085,22085,52
20211013090550,22085,22085,22085,22085,11
20211013090550,22090,22090,22090,22090,1
20211013090550,22090,22090,22090,22090,21
20211013090551,22090,22090,22090,22090,4240
20211013090551,22095,22095,22095,22095,1
20211013090551,22090,22090,22090,22090,3
20211013090551,22090,22090,22090,22090,1
20211013090551,22090,22090,22090,22090,416
20211013090551,22090,22090,22090,22090,1
20211013090551,22095,22095,22095,22095,299
20211013090552,22095,22095,22095,22095,5
20211013090552,22090,22090,22090,22090,1
20211013090552,22095,22095,22095,22095,1
20211013090552,22090,22090,22090,22090,10
20211013090553,22090,22090,22090,22090,500
20211013090553,22090,22090,22090,22090,22
20211013090553,22095,22095,22095,22095,200
20211013090554,22095,22095,22095,22095,200
20211013090554,22095,22095,22095,22095,1
20211013090554,22095,22095,22095,22095,4709
20211013090554,22095,22095,22095,22095,1
20211013090554,22095,22095,22095,22095,8656
20211013090554,22095,22095,22095,22095,2
20211013090554,22095,22095,22095,22095,1
20211013090555,22100,22100,22100,22100,50
20211013090555,22095,22095,22095,22095,1045
20211013090555,22095,22095,22095,22095,5
20211013090555,22095,22095,22095,22095,258
20211013090555,22090,22090,22090,22090,30
20211013090555,22095,22095,22095,22095,1000
20211013090556,22100,22100,22100,22100,3
20211013090557,22095,22095,22095,22095,50
20211013090558,22090,22090,22090,22090,1
20211013090558,22095,22095,22095,22095,1
20211013090558,22095,22095,22095,22095,1
20211013090558,22095,22095,22095,22095,1
20211013090558,22095,22095,22095,22095,48
20211013090559,22100,22100,22100,22100,204
20211013090600,22095,22095,22095,22095,15
20211013090600,22100,22100,22100,22100,8682
20211013090601,22100,22100,22100,22100,6000
20211013090601,22100,22100,22100,22100,4000
20211013090601,22105,22105,22105,22105,631
20211013090601,22105,22105,22105,22105,1
20211013090601,22105,22105,22105,22105,590
20211013090601,22105,22105,22105,22105,100
20211013090602,22110,22110,22110,22110,1
20211013090602,22100,22100,22100,22100,15
20211013090602,22105,22105,22105,22105,10
20211013090602,22105,22105,22105,22105,15
20211013090603,22100,22100,22100,22100,100
20211013090603,22100,22100,22100,22100,52
20211013090603,22105,22105,22105,22105,10
20211013090603,22105,22105,22105,22105,1000
20211013090604,22105,22105,22105,22105,10
20211013090604,22105,22105,22105,22105,500
20211013090604,22105,22105,22105,22105,50
20211013090604,22105,22105,22105,22105,50
20211013090604,22105,22105,22105,22105,1
20211013090605,22100,22100,22100,22100,100
20211013090605,22105,22105,22105,22105,15
20211013090605,22105,22105,22105,22105,40
20211013090606,22110,22110,22110,22110,1
20211013090606,22110,22110,22110,22110,848
20211013090606,22110,22110,22110,22110,15
20211013090606,22105,22105,22105,22105,500
20211013090607,22110,22110,22110,22110,500
20211013090607,22110,22110,22110,22110,1
20211013090607,22110,22110,22110,22110,1
20211013090607,22110,22110,22110,22110,1
20211013090607,22110,22110,22110,22110,1
20211013090607,22110,22110,22110,22110,1
20211013090607,22110,22110,22110,22110,1
20211013090607,22110,22110,22110,22110,1
20211013090607,22110,22110,22110,22110,1
20211013090607,22110,22110,22110,22110,1
20211013090607,22110,22110,22110,22110,1
20211013090607,22110,22110,22110,22110,1
20211013090607,22110,22110,22110,22110,1
20211013090607,22110,22110,22110,22110,1
20211013090607,22110,22110,22110,22110,1
20211013090607,22110,22110,22110,22110,1
20211013090607,22110,22110,22110,22110,1
20211013090607,22110,22110,22110,22110,1
20211013090607,22110,22110,22110,22110,1
20211013090607,22110,22110,22110,22110,1
20211013090607,22110,22110,22110,22110,1
20211013090607,22110,22110,22110,22110,1
20211013090607,22110,22110,22110,22110,1
20211013090607,22110,22110,22110,22110,1
20211013090607,22110,22110,22110,22110,1
20211013090607,22110,22110,22110,22110,1
20211013090607,22110,22110,22110,22110,1
20211013090607,22115,22115,22115,22115,2
20211013090607,22110,22110,22110,22110,454
20211013090607,22105,22105,22105,22105,46
20211013090608,22110,22110,22110,22110,25
20211013090608,22110,22110,22110,22110,200
20211013090608,22115,22115,22115,22115,1
20211013090608,22115,22115,22115,22115,1
20211013090608,22115,22115,22115,22115,1
20211013090608,22110,22110,22110,22110,1
20211013090609,22110,22110,22110,22110,1
20211013090609,22110,22110,22110,22110,5998
20211013090609,22110,22110,22110,22110,50
20211013090609,22110,22110,22110,22110,200
20211013090609,22110,22110,22110,22110,1
20211013090609,22110,22110,22110,22110,5
20211013090609,22110,22110,22110,22110,44
20211013090609,22115,22115,22115,22115,11
20211013090609,22110,22110,22110,22110,1
20211013090610,22115,22115,22115,22115,400
20211013090610,22110,22110,22110,22110,15
20211013090610,22115,22115,22115,22115,1
20211013090610,22115,22115,22115,22115,1
20211013090611,22115,22115,22115,22115,1
20211013090611,22115,22115,22115,22115,1
20211013090611,22110,22110,22110,22110,2
20211013090611,22110,22110,22110,22110,1
20211013090612,22110,22110,22110,22110,10
20211013090613,22110,22110,22110,22110,1
20211013090613,22115,22115,22115,22115,300
20211013090613,22110,22110,22110,22110,1
20211013090613,22110,22110,22110,22110,50
20211013090614,22115,22115,22115,22115,1
20211013090614,22115,22115,22115,22115,100
20211013090614,22110,22110,22110,22110,1
20211013090614,22110,22110,22110,22110,909
20211013090614,22110,22110,22110,22110,566
20211013090614,22110,22110,22110,22110,984
20211013090614,22110,22110,22110,22110,16
20211013090615,22110,22110,22110,22110,90
20211013090615,22105,22105,22105,22105,100
20211013090616,22105,22105,22105,22105,100
20211013090616,22105,22105,22105,22105,2
20211013090616,22110,22110,22110,22110,200
20211013090616,22110,22110,22110,22110,391
20211013090616,22110,22110,22110,22110,200
20211013090616,22110,22110,22110,22110,100
20211013090616,22110,22110,22110,22110,1
20211013090617,22110,22110,22110,22110,270
20211013090617,22105,22105,22105,22105,2
20211013090617,22105,22105,22105,22105,45
20211013090617,22110,22110,22110,22110,30
20211013090619,22105,22105,22105,22105,45
20211013090620,22110,22110,22110,22110,50
20211013090620,22110,22110,22110,22110,10
20211013090620,22110,22110,22110,22110,30
20211013090620,22110,22110,22110,22110,3
20211013090620,22110,22110,22110,22110,20
20211013090621,22105,22105,22105,22105,50
20211013090622,22105,22105,22105,22105,4
20211013090622,22110,22110,22110,22110,453
20211013090622,22110,22110,22110,22110,50
20211013090623,22110,22110,22110,22110,230
20211013090623,22110,22110,22110,22110,150
20211013090624,22110,22110,22110,22110,90
20211013090624,22105,22105,22105,22105,831
20211013090624,22105,22105,22105,22105,1
20211013090624,22105,22105,22105,22105,2047
20211013090624,22105,22105,22105,22105,109
20211013090624,22105,22105,22105,22105,59
20211013090624,22105,22105,22105,22105,500
20211013090624,22105,22105,22105,22105,100
20211013090624,22100,22100,22100,22100,20
20211013090624,22110,22110,22110,22110,10
20211013090624,22105,22105,22105,22105,50
20211013090626,22110,22110,22110,22110,1
20211013090626,22110,22110,22110,22110,1
20211013090626,22110,22110,22110,22110,1
20211013090626,22110,22110,22110,22110,1
20211013090626,22105,22105,22105,22105,60
20211013090626,22110,22110,22110,22110,1007
20211013090626,22110,22110,22110,22110,400
20211013090626,22110,22110,22110,22110,2600
20211013090626,22110,22110,22110,22110,400
20211013090626,22110,22110,22110,22110,1946
20211013090626,22110,22110,22110,22110,2
20211013090627,22105,22105,22105,22105,2
20211013090628,22105,22105,22105,22105,2
20211013090628,22110,22110,22110,22110,202
20211013090628,22115,22115,22115,22115,1
20211013090628,22110,22110,22110,22110,2
20211013090628,22110,22110,22110,22110,1
20211013090628,22110,22110,22110,22110,7
20211013090629,22110,22110,22110,22110,10
20211013090629,22110,22110,22110,22110,2
20211013090629,22110,22110,22110,22110,688
20211013090630,22110,22110,22110,22110,1
20211013090630,22110,22110,22110,22110,4
20211013090630,22110,22110,22110,22110,7
20211013090630,22110,22110,22110,22110,15
20211013090630,22110,22110,22110,22110,1
20211013090631,22110,22110,22110,22110,1
20211013090631,22110,22110,22110,22110,250
20211013090631,22105,22105,22105,22105,25
20211013090631,22110,22110,22110,22110,20
20211013090631,22105,22105,22105,22105,1
20211013090631,22110,22110,22110,22110,30
20211013090632,22110,22110,22110,22110,1
20211013090632,22110,22110,22110,22110,21
20211013090632,22115,22115,22115,22115,22
20211013090632,22110,22110,22110,22110,29
20211013090632,22105,22105,22105,22105,57
20211013090633,22110,22110,22110,22110,41
20211013090633,22110,22110,22110,22110,9
20211013090633,22110,22110,22110,22110,1
20211013090633,22110,22110,22110,22110,1
20211013090633,22110,22110,22110,22110,1
20211013090633,22110,22110,22110,22110,1
20211013090633,22110,22110,22110,22110,1
20211013090633,22110,22110,22110,22110,1
20211013090633,22110,22110,22110,22110,1
20211013090633,22110,22110,22110,22110,1
20211013090633,22110,22110,22110,22110,1
20211013090633,22110,22110,22110,22110,1
20211013090633,22110,22110,22110,22110,1
20211013090633,22110,22110,22110,22110,1
20211013090633,22110,22110,22110,22110,1
20211013090633,22110,22110,22110,22110,1
20211013090633,22110,22110,22110,22110,801
20211013090633,22115,22115,22115,22115,1
20211013090634,22110,22110,22110,22110,1
20211013090634,22115,22115,22115,22115,999
20211013090634,22110,22110,22110,22110,49
20211013090634,22105,22105,22105,22105,251
20211013090635,22110,22110,22110,22110,100
20211013090636,22115,22115,22115,22115,50
20211013090636,22115,22115,22115,22115,100
20211013090638,22110,22110,22110,22110,1
20211013090638,22110,22110,22110,22110,1352
20211013090639,22110,22110,22110,22110,500
20211013090639,22110,22110,22110,22110,1
20211013090639,22110,22110,22110,22110,200
20211013090639,22105,22105,22105,22105,2350
20211013090640,22100,22100,22100,22100,242
20211013090640,22105,22105,22105,22105,1
20211013090640,22100,22100,22100,22100,1
20211013090640,22105,22105,22105,22105,1
20211013090640,22105,22105,22105,22105,500
20211013090640,22105,22105,22105,22105,20
20211013090640,22105,22105,22105,22105,1
20211013090641,22100,22100,22100,22100,6
20211013090641,22105,22105,22105,22105,500
20211013090642,22105,22105,22105,22105,1
20211013090642,22105,22105,22105,22105,1
20211013090643,22105,22105,22105,22105,13
20211013090643,22105,22105,22105,22105,3182
20211013090643,22105,22105,22105,22105,10
20211013090644,22100,22100,22100,22100,904
20211013090644,22100,22100,22100,22100,10
20211013090645,22110,22110,22110,22110,22
20211013090645,22110,22110,22110,22110,1
20211013090645,22100,22100,22100,22100,10
20211013090646,22110,22110,22110,22110,1
20211013090646,22110,22110,22110,22110,500
20211013090646,22110,22110,22110,22110,395
20211013090646,22115,22115,22115,22115,275
20211013090646,22115,22115,22115,22115,700
20211013090646,22115,22115,22115,22115,1397
20211013090647,22120,22120,22120,22120,1
20211013090647,22120,22120,22120,22120,3000
20211013090647,22120,22120,22120,22120,50
20211013090648,22125,22125,22125,22125,1
20211013090648,22120,22120,22120,22120,1
20211013090648,22120,22120,22120,22120,1
20211013090648,22120,22120,22120,22120,12
20211013090648,22125,22125,22125,22125,1
20211013090648,22125,22125,22125,22125,3
20211013090648,22125,22125,22125,22125,1
20211013090648,22115,22115,22115,22115,1
20211013090648,22120,22120,22120,22120,22
20211013090649,22120,22120,22120,22120,100
20211013090649,22120,22120,22120,22120,1
20211013090649,22115,22115,22115,22115,1
20211013090650,22115,22115,22115,22115,1
20211013090650,22115,22115,22115,22115,20
20211013090650,22120,22120,22120,22120,2
20211013090650,22115,22115,22115,22115,1
20211013090651,22120,22120,22120,22120,1
20211013090651,22120,22120,22120,22120,300
20211013090651,22115,22115,22115,22115,1
20211013090651,22120,22120,22120,22120,1
20211013090651,22120,22120,22120,22120,238
20211013090651,22115,22115,22115,22115,1
20211013090652,22120,22120,22120,22120,2
20211013090652,22120,22120,22120,22120,200
20211013090652,22120,22120,22120,22120,1
20211013090652,22125,22125,22125,22125,1
20211013090653,22120,22120,22120,22120,2
20211013090653,22120,22120,22120,22120,350
20211013090654,22125,22125,22125,22125,1000
20211013090654,22120,22120,22120,22120,50
20211013090654,22125,22125,22125,22125,174
20211013090654,22120,22120,22120,22120,10
20211013090654,22120,22120,22120,22120,40
20211013090654,22120,22120,22120,22120,2
20211013090655,22120,22120,22120,22120,10
20211013090655,22120,22120,22120,22120,148
20211013090655,22125,22125,22125,22125,50
20211013090655,22120,22120,22120,22120,2
20211013090655,22125,22125,22125,22125,1
20211013090655,22125,22125,22125,22125,1
20211013090655,22125,22125,22125,22125,70
20211013090656,22120,22120,22120,22120,5
20211013090656,22125,22125,22125,22125,16
20211013090656,22125,22125,22125,22125,10
20211013090656,22130,22130,22130,22130,1
20211013090656,22125,22125,22125,22125,1
20211013090656,22130,22130,22130,22130,1
20211013090657,22130,22130,22130,22130,1
20211013090657,22130,22130,22130,22130,1
20211013090657,22125,22125,22125,22125,1
20211013090658,22130,22130,22130,22130,1
20211013090658,22130,22130,22130,22130,1
20211013090658,22125,22125,22125,22125,1
20211013090659,22125,22125,22125,22125,1
20211013090659,22125,22125,22125,22125,4
20211013090659,22125,22125,22125,22125,1
20211013090659,22125,22125,22125,22125,201
20211013090659,22130,22130,22130,22130,1
20211013090659,22130,22130,22130,22130,1
20211013090659,22130,22130,22130,22130,100
20211013090659,22130,22130,22130,22130,100
20211013090659,22130,22130,22130,22130,1
20211013090700,22130,22130,22130,22130,100
20211013090700,22130,22130,22130,22130,4877
20211013090700,22135,22135,22135,22135,12
20211013090700,22135,22135,22135,22135,1
20211013090700,22135,22135,22135,22135,1
20211013090700,22135,22135,22135,22135,3363
20211013090700,22140,22140,22140,22140,10
20211013090700,22140,22140,22140,22140,1
20211013090700,22140,22140,22140,22140,1
20211013090700,22135,22135,22135,22135,5
20211013090701,22135,22135,22135,22135,10
20211013090701,22135,22135,22135,22135,10
20211013090701,22135,22135,22135,22135,1
20211013090701,22130,22130,22130,22130,1
20211013090701,22130,22130,22130,22130,1
20211013090701,22130,22130,22130,22130,1
20211013090701,22135,22135,22135,22135,25
20211013090701,22135,22135,22135,22135,150
20211013090701,22130,22130,22130,22130,50
20211013090702,22130,22130,22130,22130,40
20211013090702,22135,22135,22135,22135,442
20211013090702,22135,22135,22135,22135,226
20211013090703,22130,22130,22130,22130,1
20211013090703,22130,22130,22130,22130,2
20211013090703,22135,22135,22135,22135,1
20211013090703,22135,22135,22135,22135,1
20211013090703,22135,22135,22135,22135,1
20211013090703,22135,22135,22135,22135,1
20211013090703,22135,22135,22135,22135,1
20211013090703,22135,22135,22135,22135,1
20211013090703,22135,22135,22135,22135,1
20211013090703,22135,22135,22135,22135,1
20211013090703,22135,22135,22135,22135,1
20211013090703,22135,22135,22135,22135,1
20211013090703,22135,22135,22135,22135,1
20211013090703,22135,22135,22135,22135,1
20211013090703,22135,22135,22135,22135,1
20211013090703,22135,22135,22135,22135,1
20211013090703,22135,22135,22135,22135,1
20211013090703,22135,22135,22135,22135,1
20211013090703,22135,22135,22135,22135,1
20211013090703,22135,22135,22135,22135,1
20211013090703,22135,22135,22135,22135,1
20211013090703,22135,22135,22135,22135,1
20211013090703,22135,22135,22135,22135,1
20211013090703,22135,22135,22135,22135,1
20211013090703,22135,22135,22135,22135,1
20211013090703,22135,22135,22135,22135,1
20211013090703,22135,22135,22135,22135,1
20211013090703,22135,22135,22135,22135,1
20211013090703,22135,22135,22135,22135,1
20211013090703,22135,22135,22135,22135,1
20211013090703,22135,22135,22135,22135,1
20211013090703,22135,22135,22135,22135,1
20211013090703,22135,22135,22135,22135,1
20211013090703,22135,22135,22135,22135,1
20211013090703,22135,22135,22135,22135,1
20211013090703,22135,22135,22135,22135,1
20211013090703,22135,22135,22135,22135,1
20211013090703,22135,22135,22135,22135,1
20211013090703,22135,22135,22135,22135,1
20211013090703,22135,22135,22135,22135,1
20211013090703,22135,22135,22135,22135,1
20211013090703,22135,22135,22135,22135,1
20211013090703,22135,22135,22135,22135,1
20211013090703,22135,22135,22135,22135,1
20211013090703,22135,22135,22135,22135,1
20211013090703,22135,22135,22135,22135,1
20211013090703,22135,22135,22135,22135,1
20211013090703,22135,22135,22135,22135,1
20211013090703,22135,22135,22135,22135,1
20211013090703,22135,22135,22135,22135,1
20211013090703,22135,22135,22135,22135,1
20211013090703,22135,22135,22135,22135,1
20211013090703,22135,22135,22135,22135,1
20211013090703,22135,22135,22135,22135,1
20211013090703,22135,22135,22135,22135,1
20211013090703,22135,22135,22135,22135,1
20211013090703,22135,22135,22135,22135,1
20211013090703,22135,22135,22135,22135,1
20211013090703,22135,22135,22135,22135,1
20211013090703,22135,22135,22135,22135,1
20211013090703,22135,22135,22135,22135,1
20211013090703,22135,22135,22135,22135,1
20211013090703,22135,22135,22135,22135,1
20211013090703,22135,22135,22135,22135,1
20211013090703,22135,22135,22135,22135,1
20211013090703,22135,22135,22135,22135,1
20211013090703,22135,22135,22135,22135,1
20211013090703,22135,22135,22135,22135,1
20211013090703,22135,22135,22135,22135,1
20211013090703,22135,22135,22135,22135,1
20211013090703,22135,22135,22135,22135,1
20211013090703,22135,22135,22135,22135,1
20211013090703,22135,22135,22135,22135,1
20211013090703,22135,22135,22135,22135,1
20211013090703,22135,22135,22135,22135,1
20211013090703,22135,22135,22135,22135,1
20211013090703,22135,22135,22135,22135,1
20211013090703,22135,22135,22135,22135,1
20211013090703,22135,22135,22135,22135,1
20211013090703,22135,22135,22135,22135,1
20211013090703,22135,22135,22135,22135,1
20211013090703,22135,22135,22135,22135,1
20211013090703,22135,22135,22135,22135,1
20211013090703,22135,22135,22135,22135,1
20211013090703,22135,22135,22135,22135,1
20211013090703,22135,22135,22135,22135,1
20211013090703,22135,22135,22135,22135,1
20211013090703,22135,22135,22135,22135,1
20211013090703,22140,22140,22140,22140,1000
20211013090703,22135,22135,22135,22135,1
20211013090703,22135,22135,22135,22135,1
20211013090703,22135,22135,22135,22135,1
20211013090703,22135,22135,22135,22135,1
20211013090704,22140,22140,22140,22140,1
20211013090704,22140,22140,22140,22140,1
20211013090704,22135,22135,22135,22135,1
20211013090704,22140,22140,22140,22140,1
20211013090705,22135,22135,22135,22135,1
20211013090705,22135,22135,22135,22135,4
20211013090705,22135,22135,22135,22135,1
20211013090705,22140,22140,22140,22140,1
20211013090706,22135,22135,22135,22135,1
20211013090706,22135,22135,22135,22135,353
20211013090706,22135,22135,22135,22135,1
20211013090706,22135,22135,22135,22135,1
20211013090706,22135,22135,22135,22135,1
20211013090706,22135,22135,22135,22135,1
20211013090706,22130,22130,22130,22130,350
20211013090707,22135,22135,22135,22135,1
20211013090707,22130,22130,22130,22130,2
20211013090707,22135,22135,22135,22135,10
20211013090707,22130,22130,22130,22130,1
20211013090707,22130,22130,22130,22130,1
20211013090707,22130,22130,22130,22130,1640
20211013090707,22130,22130,22130,22130,1
20211013090708,22130,22130,22130,22130,1
20211013090708,22135,22135,22135,22135,1000
20211013090708,22135,22135,22135,22135,200
20211013090708,22135,22135,22135,22135,900
20211013090708,22135,22135,22135,22135,50
20211013090708,22140,22140,22140,22140,10
20211013090709,22135,22135,22135,22135,2
20211013090709,22135,22135,22135,22135,2
20211013090709,22140,22140,22140,22140,998
20211013090710,22135,22135,22135,22135,100
20211013090710,22135,22135,22135,22135,10
20211013090710,22135,22135,22135,22135,3
20211013090711,22140,22140,22140,22140,220
20211013090712,22140,22140,22140,22140,657
20211013090712,22140,22140,22140,22140,1
20211013090712,22140,22140,22140,22140,1
20211013090712,22140,22140,22140,22140,1
20211013090712,22140,22140,22140,22140,1
20211013090712,22140,22140,22140,22140,1
20211013090712,22140,22140,22140,22140,1
20211013090712,22140,22140,22140,22140,1
20211013090712,22140,22140,22140,22140,1
20211013090712,22140,22140,22140,22140,1
20211013090712,22140,22140,22140,22140,1
20211013090712,22140,22140,22140,22140,1
20211013090712,22140,22140,22140,22140,1
20211013090712,22140,22140,22140,22140,1
20211013090712,22140,22140,22140,22140,1
20211013090712,22140,22140,22140,22140,1
20211013090712,22140,22140,22140,22140,1
20211013090712,22140,22140,22140,22140,1
20211013090712,22140,22140,22140,22140,1
20211013090712,22140,22140,22140,22140,1
20211013090712,22140,22140,22140,22140,1
20211013090712,22140,22140,22140,22140,1
20211013090712,22140,22140,22140,22140,1
20211013090712,22140,22140,22140,22140,1
20211013090712,22140,22140,22140,22140,1
20211013090712,22140,22140,22140,22140,1
20211013090712,22140,22140,22140,22140,1
20211013090712,22140,22140,22140,22140,1
20211013090712,22140,22140,22140,22140,1
20211013090712,22140,22140,22140,22140,1
20211013090712,22140,22140,22140,22140,1
20211013090712,22140,22140,22140,22140,1
20211013090712,22140,22140,22140,22140,1
20211013090712,22140,22140,22140,22140,1
20211013090712,22140,22140,22140,22140,310
20211013090712,22140,22140,22140,22140,1
20211013090712,22140,22140,22140,22140,1
20211013090712,22140,22140,22140,22140,1
20211013090712,22140,22140,22140,22140,1
20211013090712,22140,22140,22140,22140,1
20211013090712,22140,22140,22140,22140,1
20211013090712,22140,22140,22140,22140,1
20211013090712,22140,22140,22140,22140,1
20211013090712,22140,22140,22140,22140,1
20211013090712,22140,22140,22140,22140,1
20211013090712,22140,22140,22140,22140,1
20211013090712,22140,22140,22140,22140,1
20211013090712,22140,22140,22140,22140,1
20211013090712,22140,22140,22140,22140,1
20211013090712,22140,22140,22140,22140,1
20211013090712,22140,22140,22140,22140,1
20211013090712,22140,22140,22140,22140,1
20211013090712,22140,22140,22140,22140,1
20211013090712,22140,22140,22140,22140,1
20211013090712,22140,22140,22140,22140,1
20211013090712,22140,22140,22140,22140,1
20211013090712,22140,22140,22140,22140,1
20211013090712,22140,22140,22140,22140,1
20211013090712,22140,22140,22140,22140,1
20211013090712,22140,22140,22140,22140,1
20211013090712,22140,22140,22140,22140,1
20211013090712,22140,22140,22140,22140,1
20211013090712,22140,22140,22140,22140,1
20211013090712,22140,22140,22140,22140,1
20211013090712,22140,22140,22140,22140,1
20211013090712,22140,22140,22140,22140,1
20211013090712,22140,22140,22140,22140,1
20211013090712,22140,22140,22140,22140,1
20211013090712,22140,22140,22140,22140,1
20211013090712,22140,22140,22140,22140,1
20211013090712,22140,22140,22140,22140,1
20211013090712,22140,22140,22140,22140,1
20211013090712,22140,22140,22140,22140,1
20211013090712,22140,22140,22140,22140,1
20211013090712,22140,22140,22140,22140,1
20211013090712,22140,22140,22140,22140,1
20211013090712,22140,22140,22140,22140,1
20211013090712,22140,22140,22140,22140,1
20211013090712,22140,22140,22140,22140,1
20211013090712,22140,22140,22140,22140,1
20211013090712,22140,22140,22140,22140,1
20211013090712,22140,22140,22140,22140,1
20211013090712,22140,22140,22140,22140,1
20211013090712,22140,22140,22140,22140,1
20211013090712,22140,22140,22140,22140,1
20211013090712,22140,22140,22140,22140,1
20211013090712,22140,22140,22140,22140,1
20211013090712,22140,22140,22140,22140,1
20211013090712,22140,22140,22140,22140,1
20211013090712,22140,22140,22140,22140,1
20211013090712,22140,22140,22140,22140,1
20211013090712,22140,22140,22140,22140,1
20211013090712,22140,22140,22140,22140,1500
20211013090712,22140,22140,22140,22140,3159
20211013090713,22135,22135,22135,22135,246
20211013090713,22140,22140,22140,22140,20
20211013090713,22140,22140,22140,22140,500
20211013090713,22140,22140,22140,22140,41
20211013090714,22140,22140,22140,22140,4
20211013090714,22145,22145,22145,22145,5719
20211013090715,22145,22145,22145,22145,1
20211013090716,22150,22150,22150,22150,1
20211013090716,22150,22150,22150,22150,1
20211013090716,22150,22150,22150,22150,1
20211013090716,22150,22150,22150,22150,1
20211013090716,22150,22150,22150,22150,3
20211013090717,22140,22140,22140,22140,1028
20211013090717,22145,22145,22145,22145,500
20211013090717,22140,22140,22140,22140,10
20211013090718,22145,22145,22145,22145,50
20211013090718,22140,22140,22140,22140,5
20211013090718,22145,22145,22145,22145,120
20211013090718,22140,22140,22140,22140,500
20211013090718,22140,22140,22140,22140,500
20211013090719,22140,22140,22140,22140,10
20211013090719,22140,22140,22140,22140,500
20211013090719,22140,22140,22140,22140,4484
20211013090720,22140,22140,22140,22140,30
20211013090720,22140,22140,22140,22140,37
20211013090720,22140,22140,22140,22140,33
20211013090721,22140,22140,22140,22140,200
20211013090721,22145,22145,22145,22145,1480
20211013090721,22145,22145,22145,22145,500
20211013090721,22140,22140,22140,22140,10
20211013090721,22140,22140,22140,22140,6
20211013090722,22150,22150,22150,22150,100
20211013090722,22140,22140,22140,22140,468
20211013090723,22140,22140,22140,22140,150
20211013090723,22140,22140,22140,22140,13
20211013090723,22140,22140,22140,22140,1
20211013090724,22145,22145,22145,22145,1
20211013090724,22140,22140,22140,22140,1
20211013090724,22145,22145,22145,22145,1
20211013090724,22145,22145,22145,22145,1
20211013090724,22140,22140,22140,22140,100
20211013090725,22145,22145,22145,22145,500
20211013090725,22140,22140,22140,22140,7
20211013090725,22145,22145,22145,22145,50
20211013090726,22140,22140,22140,22140,1299
20211013090726,22135,22135,22135,22135,701
20211013090726,22140,22140,22140,22140,1
20211013090727,22145,22145,22145,22145,1
20211013090727,22145,22145,22145,22145,30
20211013090727,22140,22140,22140,22140,2
20211013090728,22140,22140,22140,22140,100
20211013090728,22140,22140,22140,22140,1
20211013090728,22140,22140,22140,22140,1
20211013090728,22140,22140,22140,22140,1
20211013090728,22140,22140,22140,22140,1
20211013090728,22140,22140,22140,22140,1
20211013090728,22140,22140,22140,22140,1
20211013090728,22140,22140,22140,22140,1
20211013090728,22140,22140,22140,22140,1
20211013090728,22140,22140,22140,22140,1
20211013090728,22140,22140,22140,22140,1
20211013090728,22140,22140,22140,22140,1
20211013090728,22140,22140,22140,22140,1
20211013090728,22140,22140,22140,22140,1
20211013090728,22140,22140,22140,22140,1
20211013090728,22140,22140,22140,22140,1
20211013090728,22140,22140,22140,22140,1
20211013090728,22140,22140,22140,22140,1
20211013090728,22140,22140,22140,22140,1
20211013090728,22140,22140,22140,22140,1
20211013090728,22140,22140,22140,22140,1
20211013090728,22140,22140,22140,22140,1
20211013090728,22140,22140,22140,22140,1
20211013090728,22140,22140,22140,22140,1
20211013090728,22140,22140,22140,22140,1
20211013090728,22140,22140,22140,22140,1
20211013090728,22140,22140,22140,22140,1
20211013090728,22140,22140,22140,22140,1
20211013090728,22140,22140,22140,22140,1
20211013090728,22140,22140,22140,22140,1
20211013090728,22140,22140,22140,22140,1
20211013090728,22140,22140,22140,22140,1
20211013090728,22140,22140,22140,22140,1
20211013090728,22140,22140,22140,22140,1
20211013090728,22140,22140,22140,22140,1
20211013090728,22140,22140,22140,22140,1
20211013090728,22140,22140,22140,22140,1
20211013090728,22140,22140,22140,22140,1
20211013090728,22140,22140,22140,22140,1
20211013090728,22140,22140,22140,22140,1
20211013090728,22140,22140,22140,22140,1
20211013090728,22140,22140,22140,22140,1
20211013090728,22140,22140,22140,22140,1
20211013090728,22140,22140,22140,22140,1
20211013090728,22140,22140,22140,22140,1
20211013090728,22140,22140,22140,22140,1
20211013090728,22140,22140,22140,22140,1
20211013090728,22145,22145,22145,22145,12
20211013090728,22140,22140,22140,22140,1
20211013090728,22140,22140,22140,22140,1
20211013090728,22140,22140,22140,22140,1
20211013090728,22140,22140,22140,22140,1
20211013090728,22140,22140,22140,22140,1
20211013090728,22140,22140,22140,22140,1
20211013090728,22140,22140,22140,22140,1
20211013090728,22140,22140,22140,22140,1
20211013090728,22140,22140,22140,22140,1
20211013090728,22140,22140,22140,22140,1
20211013090728,22140,22140,22140,22140,1
20211013090728,22140,22140,22140,22140,1
20211013090728,22140,22140,22140,22140,1
20211013090728,22140,22140,22140,22140,1
20211013090728,22140,22140,22140,22140,1
20211013090728,22140,22140,22140,22140,1
20211013090728,22140,22140,22140,22140,1
20211013090728,22140,22140,22140,22140,1
20211013090728,22140,22140,22140,22140,1
20211013090728,22140,22140,22140,22140,1
20211013090728,22140,22140,22140,22140,1
20211013090728,22140,22140,22140,22140,1
20211013090728,22140,22140,22140,22140,1
20211013090728,22140,22140,22140,22140,1
20211013090728,22140,22140,22140,22140,1
20211013090728,22140,22140,22140,22140,1
20211013090728,22140,22140,22140,22140,1
20211013090728,22140,22140,22140,22140,1
20211013090728,22140,22140,22140,22140,1
20211013090728,22140,22140,22140,22140,1
20211013090728,22140,22140,22140,22140,1
20211013090728,22140,22140,22140,22140,1
20211013090728,22140,22140,22140,22140,1
20211013090728,22140,22140,22140,22140,1
20211013090728,22140,22140,22140,22140,1
20211013090728,22140,22140,22140,22140,1
20211013090728,22140,22140,22140,22140,1
20211013090728,22140,22140,22140,22140,1
20211013090728,22140,22140,22140,22140,1
20211013090728,22140,22140,22140,22140,1
20211013090728,22140,22140,22140,22140,1
20211013090728,22140,22140,22140,22140,1
20211013090728,22140,22140,22140,22140,1
20211013090728,22140,22140,22140,22140,211
20211013090728,22135,22135,22135,22135,1
20211013090728,22140,22140,22140,22140,1
20211013090728,22135,22135,22135,22135,1
20211013090728,22140,22140,22140,22140,1
20211013090728,22135,22135,22135,22135,1
20211013090728,22140,22140,22140,22140,100
20211013090729,22140,22140,22140,22140,4
20211013090729,22140,22140,22140,22140,2
20211013090729,22140,22140,22140,22140,10
20211013090729,22140,22140,22140,22140,20
20211013090729,22135,22135,22135,22135,1
20211013090730,22140,22140,22140,22140,1
20211013090730,22140,22140,22140,22140,920
20211013090730,22135,22135,22135,22135,1
20211013090731,22140,22140,22140,22140,100
20211013090731,22135,22135,22135,22135,1
20211013090731,22135,22135,22135,22135,1
20211013090731,22140,22140,22140,22140,30
20211013090731,22135,22135,22135,22135,5
20211013090731,22135,22135,22135,22135,1
20211013090731,22135,22135,22135,22135,1
20211013090732,22135,22135,22135,22135,183
20211013090732,22135,22135,22135,22135,125
20211013090732,22140,22140,22140,22140,1
20211013090732,22135,22135,22135,22135,1
20211013090732,22140,22140,22140,22140,1
20211013090732,22135,22135,22135,22135,1
20211013090733,22140,22140,22140,22140,4500
20211013090734,22140,22140,22140,22140,303
20211013090734,22140,22140,22140,22140,50
20211013090734,22140,22140,22140,22140,1
20211013090735,22140,22140,22140,22140,1
20211013090735,22135,22135,22135,22135,1448
20211013090735,22130,22130,22130,22130,3553
20211013090735,22140,22140,22140,22140,1
20211013090735,22135,22135,22135,22135,10
20211013090735,22130,22130,22130,22130,7
20211013090735,22140,22140,22140,22140,2
20211013090735,22140,22140,22140,22140,1
20211013090735,22130,22130,22130,22130,300
20211013090735,22130,22130,22130,22130,14
20211013090736,22140,22140,22140,22140,1
20211013090736,22140,22140,22140,22140,1
20211013090736,22135,22135,22135,22135,100
20211013090736,22140,22140,22140,22140,341
20211013090736,22145,22145,22145,22145,104
20211013090737,22135,22135,22135,22135,50
20211013090737,22145,22145,22145,22145,10
20211013090737,22135,22135,22135,22135,2
20211013090737,22130,22130,22130,22130,398
20211013090738,22140,22140,22140,22140,50
20211013090739,22140,22140,22140,22140,102
20211013090739,22140,22140,22140,22140,100
20211013090740,22140,22140,22140,22140,100
20211013090740,22135,22135,22135,22135,1
20211013090740,22135,22135,22135,22135,568
20211013090740,22135,22135,22135,22135,1
20211013090741,22135,22135,22135,22135,1
20211013090741,22135,22135,22135,22135,2
20211013090741,22130,22130,22130,22130,1
20211013090741,22130,22130,22130,22130,2027
20211013090741,22135,22135,22135,22135,500
20211013090741,22135,22135,22135,22135,1
20211013090741,22140,22140,22140,22140,1000
20211013090742,22130,22130,22130,22130,300
20211013090742,22135,22135,22135,22135,1
20211013090742,22135,22135,22135,22135,10
20211013090742,22135,22135,22135,22135,30
20211013090742,22135,22135,22135,22135,5000
20211013090742,22135,22135,22135,22135,1
20211013090742,22140,22140,22140,22140,16
20211013090743,22140,22140,22140,22140,1
20211013090743,22140,22140,22140,22140,903
20211013090743,22140,22140,22140,22140,26
20211013090744,22140,22140,22140,22140,500
20211013090744,22145,22145,22145,22145,795
20211013090745,22140,22140,22140,22140,1
20211013090745,22145,22145,22145,22145,675
20211013090747,22150,22150,22150,22150,10
20211013090747,22150,22150,22150,22150,220
20211013090748,22145,22145,22145,22145,18
20211013090748,22150,22150,22150,22150,1
20211013090748,22150,22150,22150,22150,1
20211013090748,22150,22150,22150,22150,500
20211013090748,22150,22150,22150,22150,7239
20211013090748,22155,22155,22155,22155,144
20211013090748,22150,22150,22150,22150,1
20211013090748,22150,22150,22150,22150,1
20211013090748,22150,22150,22150,22150,1
20211013090748,22150,22150,22150,22150,1
20211013090748,22150,22150,22150,22150,1
20211013090748,22150,22150,22150,22150,1
20211013090748,22150,22150,22150,22150,1
20211013090748,22150,22150,22150,22150,1
20211013090748,22150,22150,22150,22150,1
20211013090748,22150,22150,22150,22150,1
20211013090748,22150,22150,22150,22150,1
20211013090748,22150,22150,22150,22150,1
20211013090748,22150,22150,22150,22150,1
20211013090748,22150,22150,22150,22150,1
20211013090748,22150,22150,22150,22150,1
20211013090748,22150,22150,22150,22150,1
20211013090748,22150,22150,22150,22150,1
20211013090748,22150,22150,22150,22150,1
20211013090748,22150,22150,22150,22150,1
20211013090748,22150,22150,22150,22150,1
20211013090748,22150,22150,22150,22150,1
20211013090748,22150,22150,22150,22150,1
20211013090748,22150,22150,22150,22150,1
20211013090748,22150,22150,22150,22150,1
20211013090748,22150,22150,22150,22150,1
20211013090748,22150,22150,22150,22150,1
20211013090748,22150,22150,22150,22150,1
20211013090748,22150,22150,22150,22150,1
20211013090748,22150,22150,22150,22150,1
20211013090748,22150,22150,22150,22150,1
20211013090748,22150,22150,22150,22150,1
20211013090748,22150,22150,22150,22150,1
20211013090748,22150,22150,22150,22150,1
20211013090748,22150,22150,22150,22150,1
20211013090748,22150,22150,22150,22150,1
20211013090748,22150,22150,22150,22150,1
20211013090748,22150,22150,22150,22150,1
20211013090748,22150,22150,22150,22150,2
20211013090748,22150,22150,22150,22150,1
20211013090748,22150,22150,22150,22150,1
20211013090748,22150,22150,22150,22150,1
20211013090748,22150,22150,22150,22150,1
20211013090748,22150,22150,22150,22150,1
20211013090748,22150,22150,22150,22150,1
20211013090748,22150,22150,22150,22150,1
20211013090748,22150,22150,22150,22150,1
20211013090748,22150,22150,22150,22150,1
20211013090748,22150,22150,22150,22150,1
20211013090748,22150,22150,22150,22150,1
20211013090748,22150,22150,22150,22150,1
20211013090748,22150,22150,22150,22150,1
20211013090748,22150,22150,22150,22150,1
20211013090748,22150,22150,22150,22150,1
20211013090748,22150,22150,22150,22150,1
20211013090748,22150,22150,22150,22150,1
20211013090748,22150,22150,22150,22150,1
20211013090748,22150,22150,22150,22150,1
20211013090748,22150,22150,22150,22150,1
20211013090748,22150,22150,22150,22150,1
20211013090748,22150,22150,22150,22150,1
20211013090748,22150,22150,22150,22150,1
20211013090748,22150,22150,22150,22150,1
20211013090748,22150,22150,22150,22150,1
20211013090748,22150,22150,22150,22150,1
20211013090748,22150,22150,22150,22150,1
20211013090748,22150,22150,22150,22150,1
20211013090748,22150,22150,22150,22150,1
20211013090748,22150,22150,22150,22150,1
20211013090748,22150,22150,22150,22150,1
20211013090748,22150,22150,22150,22150,1
20211013090748,22150,22150,22150,22150,1
20211013090749,22150,22150,22150,22150,100
20211013090749,22155,22155,22155,22155,566
20211013090749,22155,22155,22155,22155,1322
20211013090749,22155,22155,22155,22155,10
20211013090749,22150,22150,22150,22150,1
20211013090750,22150,22150,22150,22150,150
20211013090750,22155,22155,22155,22155,30
20211013090751,22150,22150,22150,22150,1
20211013090751,22150,22150,22150,22150,1
20211013090751,22150,22150,22150,22150,1
20211013090751,22150,22150,22150,22150,1
20211013090751,22150,22150,22150,22150,1
20211013090751,22150,22150,22150,22150,1
20211013090751,22150,22150,22150,22150,1
20211013090751,22150,22150,22150,22150,1
20211013090751,22150,22150,22150,22150,1
20211013090751,22150,22150,22150,22150,1
20211013090751,22150,22150,22150,22150,1
20211013090751,22150,22150,22150,22150,1
20211013090751,22150,22150,22150,22150,1
20211013090751,22150,22150,22150,22150,1
20211013090751,22150,22150,22150,22150,1
20211013090751,22150,22150,22150,22150,1
20211013090751,22150,22150,22150,22150,1
20211013090751,22150,22150,22150,22150,1
20211013090751,22150,22150,22150,22150,1
20211013090751,22150,22150,22150,22150,1
20211013090751,22150,22150,22150,22150,1
20211013090751,22150,22150,22150,22150,1
20211013090751,22150,22150,22150,22150,1
20211013090751,22150,22150,22150,22150,1
20211013090751,22150,22150,22150,22150,1
20211013090751,22150,22150,22150,22150,1
20211013090751,22150,22150,22150,22150,1
20211013090751,22150,22150,22150,22150,1
20211013090751,22150,22150,22150,22150,1
20211013090751,22150,22150,22150,22150,1
20211013090751,22150,22150,22150,22150,1
20211013090751,22150,22150,22150,22150,1
20211013090751,22150,22150,22150,22150,1
20211013090751,22150,22150,22150,22150,1
20211013090751,22150,22150,22150,22150,1
20211013090751,22150,22150,22150,22150,1
20211013090751,22150,22150,22150,22150,1
20211013090751,22150,22150,22150,22150,1
20211013090751,22150,22150,22150,22150,1
20211013090751,22150,22150,22150,22150,1
20211013090751,22150,22150,22150,22150,1
20211013090751,22150,22150,22150,22150,1
20211013090751,22150,22150,22150,22150,1
20211013090751,22150,22150,22150,22150,1
20211013090751,22150,22150,22150,22150,1
20211013090751,22150,22150,22150,22150,1
20211013090751,22150,22150,22150,22150,1
20211013090751,22150,22150,22150,22150,1
20211013090751,22150,22150,22150,22150,1
20211013090751,22150,22150,22150,22150,1
20211013090751,22150,22150,22150,22150,1
20211013090751,22150,22150,22150,22150,1
20211013090751,22150,22150,22150,22150,1
20211013090751,22150,22150,22150,22150,1
20211013090751,22150,22150,22150,22150,1
20211013090751,22150,22150,22150,22150,1
20211013090751,22150,22150,22150,22150,1
20211013090751,22150,22150,22150,22150,1
20211013090751,22150,22150,22150,22150,1
20211013090751,22150,22150,22150,22150,1
20211013090751,22150,22150,22150,22150,1
20211013090751,22150,22150,22150,22150,1
20211013090751,22150,22150,22150,22150,1
20211013090751,22150,22150,22150,22150,1
20211013090751,22150,22150,22150,22150,1
20211013090751,22150,22150,22150,22150,1
20211013090751,22150,22150,22150,22150,1
20211013090751,22150,22150,22150,22150,1
20211013090751,22150,22150,22150,22150,1
20211013090751,22150,22150,22150,22150,1
20211013090751,22150,22150,22150,22150,1
20211013090751,22150,22150,22150,22150,1
20211013090751,22150,22150,22150,22150,1
20211013090751,22150,22150,22150,22150,1
20211013090751,22150,22150,22150,22150,1
20211013090751,22150,22150,22150,22150,1
20211013090751,22150,22150,22150,22150,1
20211013090751,22150,22150,22150,22150,1
20211013090751,22150,22150,22150,22150,1
20211013090751,22150,22150,22150,22150,1
20211013090751,22150,22150,22150,22150,1
20211013090751,22150,22150,22150,22150,1
20211013090751,22150,22150,22150,22150,1
20211013090751,22150,22150,22150,22150,1
20211013090751,22150,22150,22150,22150,1
20211013090751,22150,22150,22150,22150,1
20211013090751,22150,22150,22150,22150,1
20211013090751,22150,22150,22150,22150,1
20211013090751,22150,22150,22150,22150,1
20211013090751,22150,22150,22150,22150,1
20211013090751,22150,22150,22150,22150,1
20211013090752,22155,22155,22155,22155,1
20211013090752,22150,22150,22150,22150,3
20211013090753,22155,22155,22155,22155,1
20211013090754,22155,22155,22155,22155,1
20211013090754,22150,22150,22150,22150,50
20211013090754,22155,22155,22155,22155,584
20211013090755,22155,22155,22155,22155,24
20211013090755,22155,22155,22155,22155,10
20211013090755,22155,22155,22155,22155,100
20211013090755,22155,22155,22155,22155,3
20211013090755,22160,22160,22160,22160,1
20211013090756,22155,22155,22155,22155,54
20211013090756,22155,22155,22155,22155,100
20211013090756,22155,22155,22155,22155,2
20211013090756,22160,22160,22160,22160,226
20211013090757,22160,22160,22160,22160,1
20211013090757,22160,22160,22160,22160,24
20211013090757,22155,22155,22155,22155,100
20211013090757,22155,22155,22155,22155,50
20211013090758,22160,22160,22160,22160,100
20211013090758,22155,22155,22155,22155,1
20211013090758,22160,22160,22160,22160,1
20211013090758,22160,22160,22160,22160,1
20211013090758,22160,22160,22160,22160,3301
20211013090758,22160,22160,22160,22160,1
20211013090758,22160,22160,22160,22160,685
20211013090758,22160,22160,22160,22160,1
20211013090759,22165,22165,22165,22165,1
20211013090759,22155,22155,22155,22155,30
20211013090759,22155,22155,22155,22155,1
20211013090759,22160,22160,22160,22160,1
20211013090800,22160,22160,22160,22160,500
20211013090800,22160,22160,22160,22160,1
20211013090800,22155,22155,22155,22155,2
20211013090800,22160,22160,22160,22160,300
20211013090800,22160,22160,22160,22160,1
20211013090800,22160,22160,22160,22160,25
20211013090800,22160,22160,22160,22160,1000
20211013090800,22160,22160,22160,22160,1
20211013090801,22160,22160,22160,22160,1
20211013090801,22155,22155,22155,22155,1
20211013090801,22160,22160,22160,22160,1
20211013090801,22155,22155,22155,22155,1
20211013090801,22160,22160,22160,22160,1
20211013090801,22160,22160,22160,22160,28
20211013090801,22155,22155,22155,22155,2
20211013090802,22160,22160,22160,22160,72
20211013090802,22160,22160,22160,22160,8
20211013090802,22160,22160,22160,22160,1
20211013090802,22160,22160,22160,22160,4
20211013090802,22165,22165,22165,22165,1
20211013090803,22160,22160,22160,22160,25
20211013090803,22165,22165,22165,22165,1
20211013090804,22160,22160,22160,22160,771
20211013090804,22160,22160,22160,22160,40
20211013090804,22160,22160,22160,22160,2
20211013090804,22165,22165,22165,22165,20
20211013090805,22165,22165,22165,22165,1
20211013090805,22160,22160,22160,22160,1
20211013090805,22160,22160,22160,22160,72
20211013090805,22160,22160,22160,22160,11004
20211013090805,22160,22160,22160,22160,12
20211013090806,22160,22160,22160,22160,50
20211013090806,22160,22160,22160,22160,1000
20211013090806,22165,22165,22165,22165,300
20211013090806,22165,22165,22165,22165,25
20211013090806,22160,22160,22160,22160,1
20211013090806,22160,22160,22160,22160,1
20211013090807,22160,22160,22160,22160,1000
20211013090807,22165,22165,22165,22165,100
20211013090808,22160,22160,22160,22160,5
20211013090808,22160,22160,22160,22160,1
20211013090808,22160,22160,22160,22160,5100
20211013090808,22160,22160,22160,22160,2
20211013090809,22165,22165,22165,22165,2
20211013090809,22160,22160,22160,22160,36
20211013090809,22160,22160,22160,22160,1
20211013090809,22160,22160,22160,22160,1
20211013090809,22160,22160,22160,22160,1
20211013090809,22160,22160,22160,22160,1
20211013090809,22160,22160,22160,22160,1
20211013090809,22160,22160,22160,22160,1
20211013090809,22160,22160,22160,22160,1
20211013090809,22160,22160,22160,22160,1
20211013090809,22160,22160,22160,22160,1
20211013090809,22160,22160,22160,22160,1
20211013090809,22160,22160,22160,22160,1
20211013090809,22160,22160,22160,22160,1
20211013090809,22160,22160,22160,22160,1
20211013090809,22160,22160,22160,22160,1
20211013090809,22160,22160,22160,22160,1
20211013090809,22160,22160,22160,22160,1
20211013090809,22160,22160,22160,22160,1
20211013090809,22160,22160,22160,22160,1
20211013090809,22160,22160,22160,22160,1
20211013090809,22160,22160,22160,22160,1
20211013090809,22160,22160,22160,22160,1
20211013090809,22160,22160,22160,22160,1
20211013090809,22160,22160,22160,22160,1
20211013090809,22160,22160,22160,22160,1
20211013090809,22160,22160,22160,22160,1
20211013090809,22160,22160,22160,22160,1
20211013090809,22160,22160,22160,22160,1
20211013090809,22160,22160,22160,22160,1
20211013090809,22160,22160,22160,22160,500
20211013090809,22160,22160,22160,22160,1
20211013090809,22160,22160,22160,22160,1
20211013090809,22160,22160,22160,22160,1
20211013090809,22160,22160,22160,22160,1
20211013090809,22160,22160,22160,22160,270
20211013090810,22160,22160,22160,22160,45
20211013090810,22160,22160,22160,22160,10
20211013090810,22160,22160,22160,22160,1
20211013090811,22155,22155,22155,22155,11681
20211013090811,22155,22155,22155,22155,1
20211013090811,22155,22155,22155,22155,46
20211013090811,22155,22155,22155,22155,902
20211013090812,22155,22155,22155,22155,500
20211013090812,22150,22150,22150,22150,200
20211013090812,22155,22155,22155,22155,1
20211013090812,22155,22155,22155,22155,1
20211013090812,22155,22155,22155,22155,1
20211013090812,22155,22155,22155,22155,157
20211013090813,22155,22155,22155,22155,1
20211013090813,22150,22150,22150,22150,99
20211013090813,22160,22160,22160,22160,100
20211013090814,22150,22150,22150,22150,1653
20211013090814,22155,22155,22155,22155,10
20211013090814,22155,22155,22155,22155,300
20211013090814,22155,22155,22155,22155,200
20211013090814,22155,22155,22155,22155,1
20211013090815,22155,22155,22155,22155,100
20211013090815,22155,22155,22155,22155,100
20211013090815,22155,22155,22155,22155,4
20211013090815,22155,22155,22155,22155,500
20211013090816,22150,22150,22150,22150,100
20211013090816,22150,22150,22150,22150,1
20211013090816,22155,22155,22155,22155,1
20211013090816,22155,22155,22155,22155,1
20211013090816,22150,22150,22150,22150,300
20211013090817,22150,22150,22150,22150,10
20211013090818,22150,22150,22150,22150,2
20211013090818,22145,22145,22145,22145,1
20211013090818,22150,22150,22150,22150,25
20211013090818,22145,22145,22145,22145,3101
20211013090818,22145,22145,22145,22145,4
20211013090818,22145,22145,22145,22145,1
20211013090818,22145,22145,22145,22145,1
20211013090818,22145,22145,22145,22145,1
20211013090818,22150,22150,22150,22150,1
20211013090818,22145,22145,22145,22145,20
20211013090819,22145,22145,22145,22145,100
20211013090819,22150,22150,22150,22150,1
20211013090819,22150,22150,22150,22150,103
20211013090819,22145,22145,22145,22145,261
20211013090820,22145,22145,22145,22145,10
20211013090820,22150,22150,22150,22150,45
20211013090820,22140,22140,22140,22140,1
20211013090821,22145,22145,22145,22145,1
20211013090821,22145,22145,22145,22145,1
20211013090821,22140,22140,22140,22140,1
20211013090821,22140,22140,22140,22140,11938
20211013090822,22140,22140,22140,22140,11
20211013090822,22135,22135,22135,22135,1
20211013090823,22135,22135,22135,22135,200
20211013090823,22145,22145,22145,22145,50
20211013090823,22135,22135,22135,22135,2070
20211013090823,22140,22140,22140,22140,20
20211013090823,22130,22130,22130,22130,400
20211013090823,22130,22130,22130,22130,1
20211013090824,22130,22130,22130,22130,91
20211013090824,22140,22140,22140,22140,270
20211013090825,22130,22130,22130,22130,100
20211013090826,22135,22135,22135,22135,12
20211013090826,22130,22130,22130,22130,170
20211013090826,22130,22130,22130,22130,583
20211013090826,22135,22135,22135,22135,1
20211013090826,22135,22135,22135,22135,50
20211013090826,22130,22130,22130,22130,700
20211013090828,22130,22130,22130,22130,250
20211013090828,22135,22135,22135,22135,10
20211013090828,22130,22130,22130,22130,1
20211013090828,22135,22135,22135,22135,1
20211013090828,22130,22130,22130,22130,500
20211013090828,22135,22135,22135,22135,10
20211013090828,22135,22135,22135,22135,1
20211013090828,22135,22135,22135,22135,1
20211013090828,22130,22130,22130,22130,1
20211013090829,22135,22135,22135,22135,1
20211013090829,22130,22130,22130,22130,1
20211013090829,22135,22135,22135,22135,1
20211013090829,22135,22135,22135,22135,1
20211013090829,22135,22135,22135,22135,178
20211013090830,22135,22135,22135,22135,3
20211013090830,22130,22130,22130,22130,37
20211013090830,22130,22130,22130,22130,5
20211013090830,22130,22130,22130,22130,3655
20211013090830,22130,22130,22130,22130,3
20211013090830,22130,22130,22130,22130,13
20211013090830,22130,22130,22130,22130,1
20211013090831,22130,22130,22130,22130,100
20211013090831,22130,22130,22130,22130,156
20211013090831,22130,22130,22130,22130,1539
20211013090832,22130,22130,22130,22130,100
20211013090832,22125,22125,22125,22125,50
20211013090833,22130,22130,22130,22130,58
20211013090833,22130,22130,22130,22130,10
20211013090834,22130,22130,22130,22130,20
20211013090834,22125,22125,22125,22125,100
20211013090835,22125,22125,22125,22125,1000
20211013090835,22125,22125,22125,22125,1
20211013090835,22125,22125,22125,22125,609
20211013090835,22120,22120,22120,22120,5
20211013090835,22120,22120,22120,22120,10
20211013090836,22125,22125,22125,22125,45
20211013090836,22125,22125,22125,22125,14
20211013090836,22120,22120,22120,22120,5
20211013090836,22120,22120,22120,22120,1
20211013090836,22120,22120,22120,22120,1
20211013090837,22125,22125,22125,22125,1
20211013090838,22120,22120,22120,22120,1
20211013090838,22125,22125,22125,22125,50
20211013090838,22120,22120,22120,22120,1
20211013090839,22125,22125,22125,22125,10
20211013090839,22125,22125,22125,22125,1
20211013090839,22120,22120,22120,22120,7885
20211013090839,22120,22120,22120,22120,200
20211013090840,22120,22120,22120,22120,20
20211013090840,22115,22115,22115,22115,1
20211013090840,22120,22120,22120,22120,200
20211013090840,22120,22120,22120,22120,5
20211013090841,22120,22120,22120,22120,15
20211013090841,22120,22120,22120,22120,1
20211013090841,22120,22120,22120,22120,80
20211013090841,22125,22125,22125,22125,386
20211013090841,22130,22130,22130,22130,3614
20211013090842,22125,22125,22125,22125,1
20211013090842,22120,22120,22120,22120,100
20211013090843,22120,22120,22120,22120,50
20211013090843,22120,22120,22120,22120,500
20211013090843,22120,22120,22120,22120,10
20211013090843,22125,22125,22125,22125,2900
20211013090843,22125,22125,22125,22125,500
20211013090843,22130,22130,22130,22130,13583
20211013090844,22125,22125,22125,22125,1384
20211013090844,22125,22125,22125,22125,10
20211013090845,22125,22125,22125,22125,260
20211013090845,22125,22125,22125,22125,200
20211013090846,22130,22130,22130,22130,3327
20211013090846,22130,22130,22130,22130,70
20211013090846,22130,22130,22130,22130,1
20211013090846,22130,22130,22130,22130,10
20211013090846,22130,22130,22130,22130,100
20211013090846,22130,22130,22130,22130,10
20211013090846,22135,22135,22135,22135,1
20211013090846,22135,22135,22135,22135,3585
20211013090847,22135,22135,22135,22135,11
20211013090847,22140,22140,22140,22140,512
20211013090848,22130,22130,22130,22130,300
20211013090848,22135,22135,22135,22135,10
20211013090848,22135,22135,22135,22135,35
20211013090849,22135,22135,22135,22135,2
20211013090849,22140,22140,22140,22140,10
20211013090850,22135,22135,22135,22135,1
20211013090851,22140,22140,22140,22140,50
20211013090851,22140,22140,22140,22140,1
20211013090851,22135,22135,22135,22135,1
20211013090851,22135,22135,22135,22135,1
20211013090851,22135,22135,22135,22135,1
20211013090852,22140,22140,22140,22140,22
20211013090852,22135,22135,22135,22135,6
20211013090852,22140,22140,22140,22140,10
20211013090853,22140,22140,22140,22140,5
20211013090853,22140,22140,22140,22140,1
20211013090853,22140,22140,22140,22140,100
20211013090853,22140,22140,22140,22140,1
20211013090854,22140,22140,22140,22140,50
20211013090854,22135,22135,22135,22135,2
20211013090855,22140,22140,22140,22140,5
20211013090855,22140,22140,22140,22140,1
20211013090856,22140,22140,22140,22140,1568
20211013090856,22140,22140,22140,22140,50
20211013090857,22140,22140,22140,22140,1
20211013090857,22145,22145,22145,22145,1
20211013090857,22140,22140,22140,22140,1049
20211013090857,22135,22135,22135,22135,151
20211013090857,22140,22140,22140,22140,50
20211013090858,22140,22140,22140,22140,50
20211013090858,22140,22140,22140,22140,1
20211013090858,22140,22140,22140,22140,1
20211013090858,22140,22140,22140,22140,1
20211013090858,22140,22140,22140,22140,1
20211013090858,22140,22140,22140,22140,1
20211013090858,22140,22140,22140,22140,1
20211013090858,22140,22140,22140,22140,1
20211013090858,22140,22140,22140,22140,1
20211013090858,22140,22140,22140,22140,1
20211013090858,22140,22140,22140,22140,1
20211013090858,22140,22140,22140,22140,1
20211013090858,22140,22140,22140,22140,1
20211013090858,22140,22140,22140,22140,1
20211013090858,22140,22140,22140,22140,1
20211013090858,22140,22140,22140,22140,1
20211013090858,22140,22140,22140,22140,1
20211013090858,22140,22140,22140,22140,1
20211013090858,22140,22140,22140,22140,1
20211013090858,22140,22140,22140,22140,1
20211013090858,22140,22140,22140,22140,1
20211013090858,22140,22140,22140,22140,1
20211013090858,22140,22140,22140,22140,1
20211013090858,22140,22140,22140,22140,1
20211013090858,22140,22140,22140,22140,1
20211013090858,22140,22140,22140,22140,1
20211013090858,22140,22140,22140,22140,1
20211013090858,22140,22140,22140,22140,1
20211013090858,22140,22140,22140,22140,1
20211013090858,22140,22140,22140,22140,1
20211013090858,22140,22140,22140,22140,1
20211013090858,22140,22140,22140,22140,1
20211013090858,22140,22140,22140,22140,1
20211013090858,22140,22140,22140,22140,1
20211013090858,22140,22140,22140,22140,1
20211013090858,22140,22140,22140,22140,1
20211013090858,22140,22140,22140,22140,1
20211013090858,22140,22140,22140,22140,1
20211013090858,22140,22140,22140,22140,1
20211013090858,22140,22140,22140,22140,1
20211013090858,22140,22140,22140,22140,1
20211013090858,22140,22140,22140,22140,1
20211013090858,22140,22140,22140,22140,1
20211013090858,22140,22140,22140,22140,1
20211013090858,22140,22140,22140,22140,1
20211013090858,22140,22140,22140,22140,1
20211013090858,22140,22140,22140,22140,1
20211013090858,22140,22140,22140,22140,1
20211013090858,22140,22140,22140,22140,1
20211013090858,22140,22140,22140,22140,1
20211013090858,22140,22140,22140,22140,1
20211013090858,22135,22135,22135,22135,186
20211013090859,22140,22140,22140,22140,1
20211013090859,22140,22140,22140,22140,1
20211013090859,22140,22140,22140,22140,1
20211013090859,22140,22140,22140,22140,1
20211013090859,22140,22140,22140,22140,1
20211013090859,22140,22140,22140,22140,1
20211013090859,22140,22140,22140,22140,1
20211013090859,22140,22140,22140,22140,1
20211013090859,22140,22140,22140,22140,1
20211013090859,22140,22140,22140,22140,1
20211013090859,22140,22140,22140,22140,20
20211013090859,22140,22140,22140,22140,500
20211013090859,22140,22140,22140,22140,602
20211013090859,22135,22135,22135,22135,898
20211013090859,22140,22140,22140,22140,100
20211013090900,22140,22140,22140,22140,1
20211013090900,22145,22145,22145,22145,1
20211013090900,22145,22145,22145,22145,200
20211013090901,22145,22145,22145,22145,37
20211013090901,22150,22150,22150,22150,1
20211013090901,22150,22150,22150,22150,1
20211013090903,22150,22150,22150,22150,1
20211013090903,22150,22150,22150,22150,45
20211013090904,22150,22150,22150,22150,1600
20211013090904,22150,22150,22150,22150,1058
20211013090904,22150,22150,22150,22150,1
20211013090904,22150,22150,22150,22150,1
20211013090904,22150,22150,22150,22150,1
20211013090904,22150,22150,22150,22150,1
20211013090904,22150,22150,22150,22150,1
20211013090904,22150,22150,22150,22150,1
20211013090904,22150,22150,22150,22150,1
20211013090904,22150,22150,22150,22150,1
20211013090904,22145,22145,22145,22145,1
20211013090904,22145,22145,22145,22145,1
20211013090904,22145,22145,22145,22145,1
20211013090905,22145,22145,22145,22145,5
20211013090905,22145,22145,22145,22145,28
20211013090905,22145,22145,22145,22145,50
20211013090905,22145,22145,22145,22145,1
20211013090905,22145,22145,22145,22145,5999
20211013090905,22145,22145,22145,22145,1
20211013090906,22145,22145,22145,22145,150
20211013090907,22145,22145,22145,22145,300
20211013090907,22145,22145,22145,22145,300
20211013090907,22145,22145,22145,22145,1
20211013090908,22140,22140,22140,22140,1
20211013090908,22145,22145,22145,22145,100
20211013090908,22145,22145,22145,22145,200
20211013090909,22145,22145,22145,22145,10
20211013090909,22145,22145,22145,22145,200
20211013090909,22145,22145,22145,22145,10
20211013090909,22145,22145,22145,22145,10
20211013090910,22145,22145,22145,22145,100
20211013090911,22145,22145,22145,22145,10
20211013090911,22145,22145,22145,22145,1101
20211013090912,22145,22145,22145,22145,19
20211013090913,22145,22145,22145,22145,10
20211013090913,22140,22140,22140,22140,500
20211013090913,22145,22145,22145,22145,1
20211013090913,22140,22140,22140,22140,1
20211013090914,22140,22140,22140,22140,1
20211013090914,22140,22140,22140,22140,500
20211013090914,22140,22140,22140,22140,3727
20211013090914,22140,22140,22140,22140,1
20211013090914,22145,22145,22145,22145,100
20211013090915,22140,22140,22140,22140,100
20211013090915,22145,22145,22145,22145,9
20211013090915,22145,22145,22145,22145,1
20211013090915,22145,22145,22145,22145,1
20211013090917,22140,22140,22140,22140,100
20211013090917,22145,22145,22145,22145,1
20211013090917,22135,22135,22135,22135,20
20211013090917,22135,22135,22135,22135,167
20211013090917,22140,22140,22140,22140,451
20211013090917,22140,22140,22140,22140,10
20211013090918,22140,22140,22140,22140,200
20211013090918,22140,22140,22140,22140,100
20211013090918,22135,22135,22135,22135,2597
20211013090919,22130,22130,22130,22130,500
20211013090920,22130,22130,22130,22130,300
20211013090920,22135,22135,22135,22135,1
20211013090920,22135,22135,22135,22135,1
20211013090921,22130,22130,22130,22130,10
20211013090922,22135,22135,22135,22135,225
20211013090922,22130,22130,22130,22130,2000
20211013090922,22130,22130,22130,22130,58
20211013090922,22130,22130,22130,22130,2
20211013090923,22130,22130,22130,22130,100
20211013090923,22130,22130,22130,22130,1665
20211013090924,22125,22125,22125,22125,2
20211013090925,22135,22135,22135,22135,200
20211013090925,22130,22130,22130,22130,1
20211013090926,22140,22140,22140,22140,100
20211013090926,22130,22130,22130,22130,500
20211013090928,22130,22130,22130,22130,100
20211013090930,22130,22130,22130,22130,100
20211013090930,22130,22130,22130,22130,500
20211013090930,22130,22130,22130,22130,50
20211013090930,22130,22130,22130,22130,1
20211013090930,22135,22135,22135,22135,100
20211013090933,22135,22135,22135,22135,91
20211013090933,22135,22135,22135,22135,1
20211013090933,22140,22140,22140,22140,1
20211013090933,22140,22140,22140,22140,1
20211013090933,22135,22135,22135,22135,10
20211013090933,22135,22135,22135,22135,20
20211013090934,22135,22135,22135,22135,1
20211013090934,22130,22130,22130,22130,251
20211013090934,22135,22135,22135,22135,5
20211013090935,22135,22135,22135,22135,2
20211013090935,22125,22125,22125,22125,802
20211013090935,22125,22125,22125,22125,1
20211013090936,22125,22125,22125,22125,50
20211013090936,22125,22125,22125,22125,1
20211013090936,22125,22125,22125,22125,1
20211013090936,22120,22120,22120,22120,1
20211013090936,22120,22120,22120,22120,1563
20211013090936,22125,22125,22125,22125,20
20211013090937,22130,22130,22130,22130,500
20211013090937,22125,22125,22125,22125,100
20211013090938,22120,22120,22120,22120,1
20211013090938,22120,22120,22120,22120,1
20211013090938,22120,22120,22120,22120,1
20211013090938,22125,22125,22125,22125,1
20211013090939,22125,22125,22125,22125,1
20211013090939,22120,22120,22120,22120,1
20211013090939,22120,22120,22120,22120,600
20211013090939,22120,22120,22120,22120,500
20211013090939,22120,22120,22120,22120,178
20211013090939,22120,22120,22120,22120,227
20211013090939,22120,22120,22120,22120,49
20211013090939,22120,22120,22120,22120,1
20211013090940,22120,22120,22120,22120,333
20211013090940,22115,22115,22115,22115,1
20211013090940,22115,22115,22115,22115,570
20211013090941,22120,22120,22120,22120,50
20211013090941,22110,22110,22110,22110,20
20211013090941,22110,22110,22110,22110,828
20211013090942,22110,22110,22110,22110,968
20211013090942,22115,22115,22115,22115,20
20211013090942,22115,22115,22115,22115,10
20211013090942,22105,22105,22105,22105,1317
20211013090943,22105,22105,22105,22105,597
20211013090943,22100,22100,22100,22100,448
20211013090943,22100,22100,22100,22100,13923
20211013090943,22100,22100,22100,22100,6000
20211013090943,22100,22100,22100,22100,1159
20211013090944,22100,22100,22100,22100,5000
20211013090945,22105,22105,22105,22105,2
20211013090945,22100,22100,22100,22100,18
20211013090945,22100,22100,22100,22100,100
20211013090945,22100,22100,22100,22100,500
20211013090945,22105,22105,22105,22105,464
20211013090946,22110,22110,22110,22110,1
20211013090946,22110,22110,22110,22110,299
20211013090946,22110,22110,22110,22110,2
20211013090947,22110,22110,22110,22110,200
20211013090948,22110,22110,22110,22110,10
20211013090948,22110,22110,22110,22110,90
20211013090948,22115,22115,22115,22115,10
20211013090950,22110,22110,22110,22110,20
20211013090950,22110,22110,22110,22110,100
20211013090951,22115,22115,22115,22115,1
20211013090951,22110,22110,22110,22110,4
20211013090951,22115,22115,22115,22115,5
20211013090951,22115,22115,22115,22115,1
20211013090952,22115,22115,22115,22115,1
20211013090952,22110,22110,22110,22110,20
20211013090952,22110,22110,22110,22110,45
20211013090952,22110,22110,22110,22110,100
20211013090952,22110,22110,22110,22110,44
20211013090952,22115,22115,22115,22115,56
20211013090953,22115,22115,22115,22115,562
20211013090953,22115,22115,22115,22115,500
20211013090953,22110,22110,22110,22110,442
20211013090953,22120,22120,22120,22120,1
20211013090953,22115,22115,22115,22115,1
20211013090954,22120,22120,22120,22120,1
20211013090954,22120,22120,22120,22120,1
20211013090955,22120,22120,22120,22120,99
20211013090955,22120,22120,22120,22120,1
20211013090955,22120,22120,22120,22120,1
20211013090955,22120,22120,22120,22120,98
20211013090956,22120,22120,22120,22120,1555
20211013090956,22125,22125,22125,22125,1067
20211013090956,22130,22130,22130,22130,1100
20211013090957,22135,22135,22135,22135,638
20211013090957,22140,22140,22140,22140,50
20211013090957,22135,22135,22135,22135,10
20211013090958,22135,22135,22135,22135,1
20211013090958,22135,22135,22135,22135,100
20211013090958,22140,22140,22140,22140,200
20211013090958,22135,22135,22135,22135,10
20211013090958,22135,22135,22135,22135,1
20211013090958,22135,22135,22135,22135,1
20211013090959,22140,22140,22140,22140,100
20211013090959,22140,22140,22140,22140,10
20211013090959,22135,22135,22135,22135,1
20211013090959,22140,22140,22140,22140,1
20211013090959,22140,22140,22140,22140,1056
20211013090959,22140,22140,22140,22140,1682
20211013091000,22135,22135,22135,22135,700
20211013091000,22145,22145,22145,22145,1
20211013091000,22145,22145,22145,22145,1339
20211013091001,22140,22140,22140,22140,600
20211013091001,22140,22140,22140,22140,150
20211013091001,22140,22140,22140,22140,1
20211013091001,22140,22140,22140,22140,1
20211013091001,22140,22140,22140,22140,1
20211013091001,22140,22140,22140,22140,1
20211013091001,22140,22140,22140,22140,1
20211013091001,22140,22140,22140,22140,1
20211013091001,22140,22140,22140,22140,1
20211013091001,22140,22140,22140,22140,1
20211013091001,22140,22140,22140,22140,1
20211013091001,22140,22140,22140,22140,1
20211013091001,22140,22140,22140,22140,1
20211013091001,22140,22140,22140,22140,1
20211013091001,22140,22140,22140,22140,150
20211013091001,22140,22140,22140,22140,1
20211013091001,22140,22140,22140,22140,87
20211013091001,22140,22140,22140,22140,50
20211013091001,22140,22140,22140,22140,10
20211013091002,22145,22145,22145,22145,1
20211013091002,22150,22150,22150,22150,5735
20211013091002,22150,22150,22150,22150,1
20211013091002,22150,22150,22150,22150,1
20211013091002,22150,22150,22150,22150,1
20211013091002,22150,22150,22150,22150,1
20211013091002,22150,22150,22150,22150,1
20211013091002,22150,22150,22150,22150,1
20211013091002,22150,22150,22150,22150,1
20211013091002,22150,22150,22150,22150,1
20211013091002,22150,22150,22150,22150,1
20211013091002,22150,22150,22150,22150,1
20211013091002,22150,22150,22150,22150,1
20211013091002,22150,22150,22150,22150,1
20211013091002,22150,22150,22150,22150,1
20211013091002,22150,22150,22150,22150,1
20211013091002,22150,22150,22150,22150,1
20211013091002,22150,22150,22150,22150,1
20211013091002,22150,22150,22150,22150,1
20211013091002,22150,22150,22150,22150,1
20211013091002,22150,22150,22150,22150,1
20211013091002,22150,22150,22150,22150,1
20211013091002,22150,22150,22150,22150,1
20211013091002,22150,22150,22150,22150,1
20211013091002,22150,22150,22150,22150,1
20211013091002,22150,22150,22150,22150,1
20211013091002,22150,22150,22150,22150,1
20211013091002,22150,22150,22150,22150,294
20211013091002,22150,22150,22150,22150,1
20211013091003,22150,22150,22150,22150,50
20211013091003,22155,22155,22155,22155,533
20211013091003,22145,22145,22145,22145,1
20211013091004,22145,22145,22145,22145,450
20211013091004,22150,22150,22150,22150,213
20211013091005,22150,22150,22150,22150,10
20211013091005,22150,22150,22150,22150,11
20211013091005,22150,22150,22150,22150,10
20211013091005,22155,22155,22155,22155,234
20211013091005,22155,22155,22155,22155,20
20211013091006,22160,22160,22160,22160,50
20211013091006,22155,22155,22155,22155,1
20211013091006,22155,22155,22155,22155,200
20211013091006,22155,22155,22155,22155,1
20211013091007,22155,22155,22155,22155,50
20211013091007,22155,22155,22155,22155,3
20211013091008,22155,22155,22155,22155,1
20211013091008,22160,22160,22160,22160,4531
20211013091008,22155,22155,22155,22155,20
20211013091009,22155,22155,22155,22155,5865
20211013091009,22155,22155,22155,22155,3135
20211013091009,22160,22160,22160,22160,10
20211013091009,22165,22165,22165,22165,313
20211013091009,22160,22160,22160,22160,150
20211013091010,22165,22165,22165,22165,1
20211013091010,22160,22160,22160,22160,100
20211013091010,22165,22165,22165,22165,1
20211013091010,22165,22165,22165,22165,4893
20211013091010,22170,22170,22170,22170,20
20211013091011,22170,22170,22170,22170,100
20211013091011,22170,22170,22170,22170,1
20211013091011,22165,22165,22165,22165,2
20211013091011,22165,22165,22165,22165,1
20211013091011,22165,22165,22165,22165,1
20211013091011,22165,22165,22165,22165,5996
20211013091011,22160,22160,22160,22160,1004
20211013091011,22170,22170,22170,22170,1000
20211013091012,22165,22165,22165,22165,20
20211013091012,22165,22165,22165,22165,124
20211013091013,22170,22170,22170,22170,75
20211013091013,22170,22170,22170,22170,1875
20211013091013,22175,22175,22175,22175,2662
20211013091013,22175,22175,22175,22175,3
20211013091013,22165,22165,22165,22165,900
20211013091013,22170,22170,22170,22170,1
20211013091013,22170,22170,22170,22170,1
20211013091013,22175,22175,22175,22175,1
20211013091013,22170,22170,22170,22170,8
20211013091013,22180,22180,22180,22180,1301
20211013091013,22175,22175,22175,22175,24
20211013091014,22170,22170,22170,22170,2
20211013091014,22170,22170,22170,22170,1
20211013091014,22175,22175,22175,22175,10
20211013091014,22175,22175,22175,22175,200
20211013091015,22170,22170,22170,22170,20
20211013091015,22175,22175,22175,22175,5
20211013091015,22175,22175,22175,22175,5
20211013091015,22175,22175,22175,22175,25
20211013091016,22175,22175,22175,22175,98
20211013091016,22175,22175,22175,22175,50
20211013091016,22180,22180,22180,22180,1
20211013091016,22180,22180,22180,22180,1
20211013091016,22175,22175,22175,22175,1
20211013091016,22175,22175,22175,22175,1
20211013091016,22180,22180,22180,22180,1
20211013091016,22180,22180,22180,22180,1
20211013091016,22180,22180,22180,22180,1
20211013091017,22175,22175,22175,22175,5
20211013091017,22180,22180,22180,22180,1
20211013091017,22175,22175,22175,22175,1
20211013091017,22175,22175,22175,22175,3
20211013091017,22180,22180,22180,22180,4
20211013091017,22175,22175,22175,22175,1
20211013091018,22175,22175,22175,22175,1
20211013091018,22180,22180,22180,22180,1
20211013091018,22180,22180,22180,22180,6278
20211013091018,22175,22175,22175,22175,100
20211013091019,22180,22180,22180,22180,10
20211013091019,22180,22180,22180,22180,30
20211013091019,22185,22185,22185,22185,10
20211013091020,22185,22185,22185,22185,10
20211013091020,22185,22185,22185,22185,11
20211013091021,22185,22185,22185,22185,106
20211013091021,22185,22185,22185,22185,2
20211013091021,22185,22185,22185,22185,512
20211013091021,22185,22185,22185,22185,100
20211013091022,22180,22180,22180,22180,30
20211013091022,22185,22185,22185,22185,25
20211013091022,22180,22180,22180,22180,2
20211013091023,22185,22185,22185,22185,11491
20211013091024,22185,22185,22185,22185,10
20211013091024,22190,22190,22190,22190,50
20211013091025,22185,22185,22185,22185,3000
20211013091025,22185,22185,22185,22185,1
20211013091025,22185,22185,22185,22185,1
20211013091025,22185,22185,22185,22185,100
20211013091026,22190,22190,22190,22190,1787
20211013091026,22195,22195,22195,22195,2213
20211013091026,22195,22195,22195,22195,120
20211013091026,22195,22195,22195,22195,8
20211013091027,22185,22185,22185,22185,15
20211013091027,22185,22185,22185,22185,1
20211013091027,22190,22190,22190,22190,378
20211013091027,22185,22185,22185,22185,2
20211013091028,22190,22190,22190,22190,1
20211013091028,22190,22190,22190,22190,631
20211013091028,22190,22190,22190,22190,5
20211013091029,22195,22195,22195,22195,678
20211013091029,22195,22195,22195,22195,500
20211013091029,22195,22195,22195,22195,178
20211013091029,22195,22195,22195,22195,322
20211013091029,22195,22195,22195,22195,178
20211013091029,22190,22190,22190,22190,100
20211013091029,22195,22195,22195,22195,25
20211013091029,22190,22190,22190,22190,10
20211013091030,22195,22195,22195,22195,40
20211013091030,22200,22200,22200,22200,50
20211013091030,22200,22200,22200,22200,1
20211013091030,22200,22200,22200,22200,474
20211013091030,22200,22200,22200,22200,1
20211013091031,22195,22195,22195,22195,5
20211013091031,22195,22195,22195,22195,2
20211013091031,22195,22195,22195,22195,100
20211013091031,22195,22195,22195,22195,1
20211013091031,22200,22200,22200,22200,1
20211013091031,22195,22195,22195,22195,1
20211013091031,22195,22195,22195,22195,100
20211013091031,22200,22200,22200,22200,200
20211013091031,22200,22200,22200,22200,45
20211013091032,22200,22200,22200,22200,1031
20211013091032,22200,22200,22200,22200,250
20211013091032,22200,22200,22200,22200,500
20211013091032,22200,22200,22200,22200,1
20211013091032,22200,22200,22200,22200,600
20211013091032,22200,22200,22200,22200,1301
20211013091032,22200,22200,22200,22200,1800
20211013091032,22200,22200,22200,22200,500
20211013091032,22200,22200,22200,22200,1016
20211013091032,22200,22200,22200,22200,10
20211013091032,22200,22200,22200,22200,1
20211013091032,22200,22200,22200,22200,1
20211013091032,22200,22200,22200,22200,1
20211013091032,22200,22200,22200,22200,1727
20211013091032,22200,22200,22200,22200,50
20211013091033,22200,22200,22200,22200,5
20211013091033,22200,22200,22200,22200,20
20211013091033,22200,22200,22200,22200,91
20211013091033,22200,22200,22200,22200,5
20211013091033,22205,22205,22205,22205,10
20211013091033,22205,22205,22205,22205,3
20211013091033,22205,22205,22205,22205,1
20211013091033,22205,22205,22205,22205,1
20211013091034,22200,22200,22200,22200,100
20211013091034,22200,22200,22200,22200,1
20211013091034,22205,22205,22205,22205,332
20211013091034,22200,22200,22200,22200,3
20211013091034,22200,22200,22200,22200,100
20211013091035,22205,22205,22205,22205,144
20211013091035,22205,22205,22205,22205,100
20211013091035,22200,22200,22200,22200,20
20211013091035,22205,22205,22205,22205,1000
20211013091036,22200,22200,22200,22200,5
20211013091036,22205,22205,22205,22205,940
20211013091036,22205,22205,22205,22205,100
20211013091036,22205,22205,22205,22205,100
20211013091037,22200,22200,22200,22200,5
20211013091037,22205,22205,22205,22205,1
20211013091037,22205,22205,22205,22205,10
20211013091037,22200,22200,22200,22200,4
20211013091038,22205,22205,22205,22205,200
20211013091038,22200,22200,22200,22200,1
20211013091038,22205,22205,22205,22205,171
20211013091038,22210,22210,22210,22210,731
20211013091038,22205,22205,22205,22205,2
20211013091038,22205,22205,22205,22205,1
20211013091038,22205,22205,22205,22205,1
20211013091038,22205,22205,22205,22205,96
20211013091038,22205,22205,22205,22205,51
20211013091038,22205,22205,22205,22205,64
20211013091039,22200,22200,22200,22200,100
20211013091039,22200,22200,22200,22200,5
20211013091039,22205,22205,22205,22205,100
20211013091039,22200,22200,22200,22200,10
20211013091039,22200,22200,22200,22200,1
20211013091039,22205,22205,22205,22205,10
20211013091039,22205,22205,22205,22205,111
20211013091039,22210,22210,22210,22210,889
20211013091040,22205,22205,22205,22205,200
20211013091040,22210,22210,22210,22210,100
20211013091040,22205,22205,22205,22205,75
20211013091041,22205,22205,22205,22205,2
20211013091041,22210,22210,22210,22210,30
20211013091041,22205,22205,22205,22205,1
20211013091042,22210,22210,22210,22210,100
20211013091042,22205,22205,22205,22205,100
20211013091042,22210,22210,22210,22210,10
20211013091042,22205,22205,22205,22205,2
20211013091043,22205,22205,22205,22205,1000
20211013091043,22210,22210,22210,22210,500
20211013091043,22210,22210,22210,22210,1
20211013091043,22210,22210,22210,22210,207
20211013091043,22210,22210,22210,22210,108
20211013091044,22210,22210,22210,22210,30
20211013091044,22210,22210,22210,22210,1
20211013091044,22210,22210,22210,22210,3
20211013091044,22205,22205,22205,22205,1
20211013091045,22210,22210,22210,22210,100
20211013091045,22210,22210,22210,22210,5
20211013091045,22210,22210,22210,22210,10
20211013091045,22210,22210,22210,22210,25
20211013091045,22210,22210,22210,22210,45
20211013091045,22210,22210,22210,22210,20
20211013091045,22205,22205,22205,22205,1
20211013091045,22205,22205,22205,22205,1
20211013091045,22205,22205,22205,22205,13
20211013091045,22205,22205,22205,22205,98
20211013091045,22205,22205,22205,22205,500
20211013091045,22205,22205,22205,22205,2071
20211013091046,22205,22205,22205,22205,100
20211013091046,22205,22205,22205,22205,10
20211013091046,22200,22200,22200,22200,50
20211013091046,22205,22205,22205,22205,334
20211013091046,22205,22205,22205,22205,4
20211013091046,22200,22200,22200,22200,1
20211013091047,22205,22205,22205,22205,4
20211013091047,22205,22205,22205,22205,4
20211013091048,22200,22200,22200,22200,4
20211013091048,22205,22205,22205,22205,200
20211013091049,22205,22205,22205,22205,1
20211013091049,22200,22200,22200,22200,1
20211013091049,22200,22200,22200,22200,905
20211013091049,22200,22200,22200,22200,2236
20211013091049,22200,22200,22200,22200,456
20211013091049,22200,22200,22200,22200,135
20211013091049,22200,22200,22200,22200,1
20211013091049,22195,22195,22195,22195,1
20211013091049,22200,22200,22200,22200,100
20211013091049,22200,22200,22200,22200,76
20211013091050,22200,22200,22200,22200,90
20211013091050,22195,22195,22195,22195,1
20211013091050,22200,22200,22200,22200,1
20211013091050,22200,22200,22200,22200,45
20211013091050,22200,22200,22200,22200,3
20211013091051,22195,22195,22195,22195,10
20211013091052,22200,22200,22200,22200,10
20211013091053,22200,22200,22200,22200,1645
20211013091053,22200,22200,22200,22200,705
20211013091053,22200,22200,22200,22200,705
20211013091053,22200,22200,22200,22200,1
20211013091053,22200,22200,22200,22200,705
20211013091053,22200,22200,22200,22200,1
20211013091053,22200,22200,22200,22200,1
20211013091053,22200,22200,22200,22200,263
20211013091053,22200,22200,22200,22200,1
20211013091053,22200,22200,22200,22200,265
20211013091053,22200,22200,22200,22200,1
20211013091053,22200,22200,22200,22200,1
20211013091053,22200,22200,22200,22200,500
20211013091053,22200,22200,22200,22200,1
20211013091053,22200,22200,22200,22200,1
20211013091053,22200,22200,22200,22200,1
20211013091053,22200,22200,22200,22200,1
20211013091053,22200,22200,22200,22200,1
20211013091053,22200,22200,22200,22200,1
20211013091053,22200,22200,22200,22200,1
20211013091053,22200,22200,22200,22200,1
20211013091053,22200,22200,22200,22200,1
20211013091053,22200,22200,22200,22200,1
20211013091053,22200,22200,22200,22200,1
20211013091053,22200,22200,22200,22200,1
20211013091053,22200,22200,22200,22200,1
20211013091053,22200,22200,22200,22200,1
20211013091053,22200,22200,22200,22200,1
20211013091053,22195,22195,22195,22195,1
20211013091053,22200,22200,22200,22200,123
20211013091053,22200,22200,22200,22200,1
20211013091053,22205,22205,22205,22205,75
20211013091054,22200,22200,22200,22200,2
20211013091054,22200,22200,22200,22200,100
20211013091055,22200,22200,22200,22200,3
20211013091055,22200,22200,22200,22200,1000
20211013091055,22200,22200,22200,22200,50
20211013091055,22200,22200,22200,22200,1
20211013091056,22195,22195,22195,22195,45
20211013091056,22195,22195,22195,22195,21
20211013091056,22200,22200,22200,22200,1
20211013091057,22200,22200,22200,22200,1320
20211013091057,22200,22200,22200,22200,1
20211013091057,22200,22200,22200,22200,1
20211013091057,22205,22205,22205,22205,40
20211013091057,22205,22205,22205,22205,1
20211013091057,22205,22205,22205,22205,1
20211013091057,22205,22205,22205,22205,1
20211013091057,22205,22205,22205,22205,1
20211013091058,22200,22200,22200,22200,40
20211013091058,22195,22195,22195,22195,1000
20211013091058,22195,22195,22195,22195,1
20211013091059,22205,22205,22205,22205,1211
20211013091059,22195,22195,22195,22195,23
20211013091059,22195,22195,22195,22195,1
20211013091059,22200,22200,22200,22200,21
20211013091059,22205,22205,22205,22205,25
20211013091100,22200,22200,22200,22200,100
20211013091101,22200,22200,22200,22200,200
20211013091101,22200,22200,22200,22200,500
20211013091101,22200,22200,22200,22200,45
20211013091101,22205,22205,22205,22205,2128
20211013091102,22205,22205,22205,22205,3
20211013091102,22205,22205,22205,22205,569
20211013091102,22205,22205,22205,22205,100
20211013091102,22205,22205,22205,22205,1200
20211013091102,22205,22205,22205,22205,175
20211013091103,22205,22205,22205,22205,4
20211013091103,22205,22205,22205,22205,960
20211013091103,22205,22205,22205,22205,1
20211013091103,22205,22205,22205,22205,1
20211013091103,22205,22205,22205,22205,1
20211013091103,22205,22205,22205,22205,1
20211013091103,22205,22205,22205,22205,1
20211013091103,22205,22205,22205,22205,1
20211013091103,22205,22205,22205,22205,1
20211013091103,22205,22205,22205,22205,1
20211013091103,22205,22205,22205,22205,1
20211013091103,22205,22205,22205,22205,1
20211013091103,22205,22205,22205,22205,1
20211013091103,22205,22205,22205,22205,1
20211013091104,22200,22200,22200,22200,1301
20211013091104,22205,22205,22205,22205,1
20211013091104,22205,22205,22205,22205,1
20211013091104,22205,22205,22205,22205,1
20211013091104,22205,22205,22205,22205,1
20211013091104,22205,22205,22205,22205,1
20211013091104,22205,22205,22205,22205,1
20211013091104,22205,22205,22205,22205,1
20211013091104,22205,22205,22205,22205,1
20211013091104,22205,22205,22205,22205,1
20211013091104,22205,22205,22205,22205,1
20211013091104,22205,22205,22205,22205,1
20211013091104,22205,22205,22205,22205,1
20211013091104,22205,22205,22205,22205,1
20211013091104,22205,22205,22205,22205,1
20211013091104,22205,22205,22205,22205,1
20211013091104,22205,22205,22205,22205,1
20211013091104,22205,22205,22205,22205,1
20211013091104,22205,22205,22205,22205,1
20211013091104,22205,22205,22205,22205,1
20211013091104,22205,22205,22205,22205,1
20211013091104,22205,22205,22205,22205,1
20211013091104,22205,22205,22205,22205,1
20211013091104,22205,22205,22205,22205,1
20211013091104,22205,22205,22205,22205,1
20211013091104,22205,22205,22205,22205,1
20211013091104,22205,22205,22205,22205,1
20211013091104,22205,22205,22205,22205,1
20211013091104,22205,22205,22205,22205,1
20211013091104,22205,22205,22205,22205,1
20211013091104,22205,22205,22205,22205,1
20211013091104,22205,22205,22205,22205,1
20211013091104,22205,22205,22205,22205,1
20211013091104,22205,22205,22205,22205,1
20211013091104,22205,22205,22205,22205,1
20211013091104,22205,22205,22205,22205,1
20211013091104,22205,22205,22205,22205,1
20211013091104,22205,22205,22205,22205,1
20211013091104,22205,22205,22205,22205,1
20211013091104,22205,22205,22205,22205,1
20211013091104,22205,22205,22205,22205,1
20211013091104,22205,22205,22205,22205,1
20211013091104,22205,22205,22205,22205,1
20211013091104,22205,22205,22205,22205,1
20211013091104,22205,22205,22205,22205,1
20211013091104,22205,22205,22205,22205,1
20211013091104,22205,22205,22205,22205,1
20211013091104,22205,22205,22205,22205,1
20211013091104,22205,22205,22205,22205,41
20211013091104,22210,22210,22210,22210,1
20211013091104,22205,22205,22205,22205,20
20211013091105,22205,22205,22205,22205,136
20211013091105,22205,22205,22205,22205,50
20211013091105,22205,22205,22205,22205,734
20211013091105,22205,22205,22205,22205,1
20211013091105,22205,22205,22205,22205,1
20211013091105,22205,22205,22205,22205,1
20211013091105,22205,22205,22205,22205,1
20211013091105,22205,22205,22205,22205,1
20211013091105,22205,22205,22205,22205,1
20211013091105,22205,22205,22205,22205,1
20211013091105,22205,22205,22205,22205,1
20211013091105,22205,22205,22205,22205,1
20211013091105,22205,22205,22205,22205,1
20211013091105,22205,22205,22205,22205,1
20211013091105,22205,22205,22205,22205,1
20211013091105,22205,22205,22205,22205,1
20211013091105,22205,22205,22205,22205,1
20211013091105,22205,22205,22205,22205,1
20211013091105,22205,22205,22205,22205,1
20211013091105,22205,22205,22205,22205,1
20211013091105,22205,22205,22205,22205,1
20211013091105,22205,22205,22205,22205,1
20211013091105,22205,22205,22205,22205,1
20211013091105,22205,22205,22205,22205,1
20211013091105,22205,22205,22205,22205,1
20211013091105,22205,22205,22205,22205,1
20211013091105,22205,22205,22205,22205,1
20211013091105,22205,22205,22205,22205,1
20211013091105,22205,22205,22205,22205,1
20211013091105,22205,22205,22205,22205,1
20211013091105,22205,22205,22205,22205,1
20211013091105,22205,22205,22205,22205,1
20211013091105,22205,22205,22205,22205,1
20211013091105,22205,22205,22205,22205,1
20211013091105,22205,22205,22205,22205,1
20211013091105,22205,22205,22205,22205,1
20211013091105,22205,22205,22205,22205,1
20211013091105,22205,22205,22205,22205,1
20211013091105,22205,22205,22205,22205,1
20211013091105,22205,22205,22205,22205,1
20211013091105,22205,22205,22205,22205,1
20211013091105,22205,22205,22205,22205,1
20211013091105,22205,22205,22205,22205,1
20211013091105,22205,22205,22205,22205,1
20211013091105,22205,22205,22205,22205,1225
20211013091105,22205,22205,22205,22205,1
20211013091105,22205,22205,22205,22205,10
20211013091105,22210,22210,22210,22210,17
20211013091106,22210,22210,22210,22210,3300
20211013091106,22205,22205,22205,22205,100
20211013091106,22210,22210,22210,22210,200
20211013091107,22210,22210,22210,22210,1000
20211013091107,22210,22210,22210,22210,100
20211013091107,22210,22210,22210,22210,6902
20211013091107,22210,22210,22210,22210,1
20211013091107,22210,22210,22210,22210,9
20211013091107,22210,22210,22210,22210,1
20211013091107,22210,22210,22210,22210,1
20211013091107,22210,22210,22210,22210,1
20211013091107,22210,22210,22210,22210,1
20211013091107,22210,22210,22210,22210,1
20211013091107,22210,22210,22210,22210,1
20211013091107,22210,22210,22210,22210,1
20211013091107,22210,22210,22210,22210,1
20211013091107,22210,22210,22210,22210,1
20211013091107,22210,22210,22210,22210,1
20211013091107,22210,22210,22210,22210,1
20211013091107,22205,22205,22205,22205,10
20211013091108,22210,22210,22210,22210,30
20211013091108,22215,22215,22215,22215,1
20211013091108,22210,22210,22210,22210,31
20211013091108,22210,22210,22210,22210,3
20211013091108,22210,22210,22210,22210,166
20211013091108,22210,22210,22210,22210,1
20211013091109,22215,22215,22215,22215,1
20211013091109,22210,22210,22210,22210,5
20211013091109,22210,22210,22210,22210,50
20211013091110,22210,22210,22210,22210,1
20211013091110,22215,22215,22215,22215,2
20211013091110,22215,22215,22215,22215,3
20211013091110,22215,22215,22215,22215,3
20211013091110,22215,22215,22215,22215,2
20211013091110,22215,22215,22215,22215,7
20211013091110,22210,22210,22210,22210,100
20211013091110,22215,22215,22215,22215,5
20211013091110,22215,22215,22215,22215,10
20211013091110,22215,22215,22215,22215,3
20211013091111,22215,22215,22215,22215,1
20211013091111,22215,22215,22215,22215,2
20211013091111,22215,22215,22215,22215,6
20211013091112,22210,22210,22210,22210,5
20211013091113,22210,22210,22210,22210,60
20211013091113,22215,22215,22215,22215,1
20211013091113,22215,22215,22215,22215,1
20211013091114,22215,22215,22215,22215,1
20211013091114,22215,22215,22215,22215,2
20211013091114,22215,22215,22215,22215,10
20211013091114,22215,22215,22215,22215,1
20211013091114,22215,22215,22215,22215,1
20211013091114,22215,22215,22215,22215,900
20211013091114,22215,22215,22215,22215,10172
20211013091115,22215,22215,22215,22215,10
20211013091115,22215,22215,22215,22215,500
20211013091115,22215,22215,22215,22215,1193
20211013091115,22215,22215,22215,22215,10
20211013091115,22215,22215,22215,22215,34
20211013091116,22220,22220,22220,22220,2
20211013091116,22220,22220,22220,22220,1
20211013091116,22220,22220,22220,22220,1
20211013091116,22215,22215,22215,22215,1
20211013091116,22215,22215,22215,22215,2
20211013091116,22220,22220,22220,22220,10
20211013091116,22215,22215,22215,22215,1
20211013091116,22220,22220,22220,22220,1
20211013091116,22220,22220,22220,22220,7
20211013091117,22215,22215,22215,22215,1
20211013091117,22220,22220,22220,22220,200
20211013091117,22215,22215,22215,22215,200
20211013091118,22220,22220,22220,22220,10
20211013091118,22220,22220,22220,22220,10
20211013091118,22215,22215,22215,22215,2588
20211013091119,22220,22220,22220,22220,20
20211013091119,22215,22215,22215,22215,1
20211013091119,22220,22220,22220,22220,10
20211013091119,22215,22215,22215,22215,100
20211013091119,22215,22215,22215,22215,1
20211013091119,22220,22220,22220,22220,1
20211013091120,22220,22220,22220,22220,10
20211013091120,22220,22220,22220,22220,4
20211013091120,22220,22220,22220,22220,6
20211013091120,22220,22220,22220,22220,652
20211013091120,22220,22220,22220,22220,10
20211013091120,22220,22220,22220,22220,554
20211013091121,22215,22215,22215,22215,1
20211013091121,22220,22220,22220,22220,1
20211013091121,22215,22215,22215,22215,455
20211013091121,22220,22220,22220,22220,5
20211013091121,22220,22220,22220,22220,2
20211013091122,22215,22215,22215,22215,1
20211013091122,22220,22220,22220,22220,4860
20211013091122,22225,22225,22225,22225,100
20211013091123,22220,22220,22220,22220,50
20211013091123,22220,22220,22220,22220,100
20211013091123,22220,22220,22220,22220,30
20211013091123,22220,22220,22220,22220,75
20211013091123,22220,22220,22220,22220,300
20211013091123,22220,22220,22220,22220,1626
20211013091123,22220,22220,22220,22220,9
20211013091124,22225,22225,22225,22225,10
20211013091124,22225,22225,22225,22225,10
20211013091124,22225,22225,22225,22225,2177
20211013091124,22230,22230,22230,22230,823
20211013091125,22225,22225,22225,22225,1
20211013091125,22230,22230,22230,22230,1000
20211013091126,22225,22225,22225,22225,4
20211013091126,22225,22225,22225,22225,1
20211013091127,22230,22230,22230,22230,10
20211013091127,22225,22225,22225,22225,15
20211013091127,22225,22225,22225,22225,35
20211013091127,22225,22225,22225,22225,10
20211013091127,22225,22225,22225,22225,1
20211013091127,22230,22230,22230,22230,200
20211013091127,22225,22225,22225,22225,100
20211013091128,22230,22230,22230,22230,1
20211013091128,22230,22230,22230,22230,1
20211013091128,22230,22230,22230,22230,500
20211013091128,22230,22230,22230,22230,101
20211013091128,22230,22230,22230,22230,2797
20211013091128,22235,22235,22235,22235,17
20211013091128,22235,22235,22235,22235,1517
20211013091128,22235,22235,22235,22235,1
20211013091128,22235,22235,22235,22235,1
20211013091128,22235,22235,22235,22235,1
20211013091128,22235,22235,22235,22235,1
20211013091128,22235,22235,22235,22235,1
20211013091128,22235,22235,22235,22235,1
20211013091128,22235,22235,22235,22235,1
20211013091128,22235,22235,22235,22235,1
20211013091128,22235,22235,22235,22235,1
20211013091128,22235,22235,22235,22235,1
20211013091128,22235,22235,22235,22235,1
20211013091128,22235,22235,22235,22235,1
20211013091128,22235,22235,22235,22235,1
20211013091128,22235,22235,22235,22235,1
20211013091128,22235,22235,22235,22235,1
20211013091128,22235,22235,22235,22235,1
20211013091128,22235,22235,22235,22235,1
20211013091128,22235,22235,22235,22235,264
20211013091128,22235,22235,22235,22235,3
20211013091128,22230,22230,22230,22230,1
20211013091128,22230,22230,22230,22230,1
20211013091128,22230,22230,22230,22230,1
20211013091128,22230,22230,22230,22230,1
20211013091129,22230,22230,22230,22230,25
20211013091129,22230,22230,22230,22230,1
20211013091129,22230,22230,22230,22230,14
20211013091130,22230,22230,22230,22230,2
20211013091130,22230,22230,22230,22230,2
20211013091130,22230,22230,22230,22230,100
20211013091130,22225,22225,22225,22225,1
20211013091130,22225,22225,22225,22225,1
20211013091130,22225,22225,22225,22225,1
20211013091130,22225,22225,22225,22225,1
20211013091130,22230,22230,22230,22230,1
20211013091130,22225,22225,22225,22225,1
20211013091130,22230,22230,22230,22230,100
20211013091131,22230,22230,22230,22230,795
20211013091131,22230,22230,22230,22230,1000
20211013091131,22235,22235,22235,22235,10
20211013091132,22230,22230,22230,22230,4
20211013091132,22235,22235,22235,22235,21
20211013091132,22235,22235,22235,22235,1
20211013091132,22235,22235,22235,22235,10
20211013091133,22240,22240,22240,22240,1
20211013091133,22240,22240,22240,22240,1
20211013091133,22235,22235,22235,22235,50
20211013091133,22235,22235,22235,22235,50
20211013091133,22235,22235,22235,22235,1
20211013091133,22235,22235,22235,22235,1
20211013091134,22240,22240,22240,22240,1
20211013091134,22240,22240,22240,22240,1
20211013091134,22235,22235,22235,22235,8
20211013091135,22235,22235,22235,22235,100
20211013091135,22235,22235,22235,22235,242
20211013091135,22230,22230,22230,22230,698
20211013091135,22230,22230,22230,22230,20
20211013091135,22230,22230,22230,22230,1
20211013091136,22235,22235,22235,22235,1
20211013091136,22240,22240,22240,22240,100
20211013091136,22240,22240,22240,22240,1
20211013091136,22240,22240,22240,22240,1
20211013091137,22235,22235,22235,22235,1
20211013091138,22235,22235,22235,22235,1
20211013091138,22235,22235,22235,22235,50
20211013091138,22235,22235,22235,22235,1
20211013091139,22235,22235,22235,22235,30
20211013091139,22240,22240,22240,22240,231
20211013091139,22235,22235,22235,22235,1
20211013091139,22240,22240,22240,22240,71
20211013091140,22240,22240,22240,22240,7793
20211013091140,22240,22240,22240,22240,50
20211013091140,22240,22240,22240,22240,1
20211013091140,22245,22245,22245,22245,1
20211013091140,22245,22245,22245,22245,100
20211013091140,22245,22245,22245,22245,1329
20211013091140,22245,22245,22245,22245,3758
20211013091140,22245,22245,22245,22245,2000
20211013091140,22245,22245,22245,22245,1
20211013091140,22250,22250,22250,22250,200
20211013091141,22250,22250,22250,22250,50
20211013091141,22245,22245,22245,22245,2
20211013091141,22245,22245,22245,22245,1
20211013091142,22250,22250,22250,22250,1
20211013091142,22250,22250,22250,22250,1
20211013091142,22245,22245,22245,22245,1
20211013091142,22250,22250,22250,22250,50
20211013091142,22245,22245,22245,22245,859
20211013091142,22245,22245,22245,22245,2655
20211013091142,22240,22240,22240,22240,10
20211013091142,22235,22235,22235,22235,59
20211013091142,22245,22245,22245,22245,10
20211013091142,22240,22240,22240,22240,200
20211013091142,22245,22245,22245,22245,1
20211013091142,22245,22245,22245,22245,1
20211013091143,22245,22245,22245,22245,1
20211013091143,22240,22240,22240,22240,1
20211013091143,22245,22245,22245,22245,1
20211013091143,22245,22245,22245,22245,1
20211013091143,22245,22245,22245,22245,1
20211013091143,22245,22245,22245,22245,1
20211013091143,22245,22245,22245,22245,1
20211013091143,22245,22245,22245,22245,1
20211013091143,22245,22245,22245,22245,1
20211013091143,22245,22245,22245,22245,1
20211013091143,22245,22245,22245,22245,1
20211013091143,22245,22245,22245,22245,1
20211013091143,22245,22245,22245,22245,1
20211013091143,22245,22245,22245,22245,1
20211013091143,22245,22245,22245,22245,1
20211013091143,22245,22245,22245,22245,1
20211013091143,22245,22245,22245,22245,1
20211013091143,22245,22245,22245,22245,1
20211013091143,22245,22245,22245,22245,1
20211013091143,22245,22245,22245,22245,1
20211013091143,22245,22245,22245,22245,1
20211013091143,22245,22245,22245,22245,1
20211013091143,22245,22245,22245,22245,1
20211013091143,22245,22245,22245,22245,1
20211013091143,22245,22245,22245,22245,1
20211013091143,22245,22245,22245,22245,1
20211013091143,22245,22245,22245,22245,1
20211013091143,22245,22245,22245,22245,1
20211013091143,22245,22245,22245,22245,1
20211013091143,22245,22245,22245,22245,1
20211013091143,22245,22245,22245,22245,1
20211013091143,22245,22245,22245,22245,1
20211013091143,22245,22245,22245,22245,1
20211013091143,22245,22245,22245,22245,1
20211013091143,22245,22245,22245,22245,1
20211013091143,22245,22245,22245,22245,1
20211013091143,22245,22245,22245,22245,1
20211013091143,22245,22245,22245,22245,1
20211013091143,22245,22245,22245,22245,1
20211013091143,22245,22245,22245,22245,1
20211013091143,22245,22245,22245,22245,1
20211013091143,22245,22245,22245,22245,1
20211013091143,22245,22245,22245,22245,1
20211013091143,22245,22245,22245,22245,1
20211013091143,22245,22245,22245,22245,1
20211013091143,22245,22245,22245,22245,1
20211013091143,22245,22245,22245,22245,1
20211013091143,22245,22245,22245,22245,1
20211013091143,22245,22245,22245,22245,1
20211013091143,22245,22245,22245,22245,1
20211013091143,22245,22245,22245,22245,1
20211013091143,22245,22245,22245,22245,1
20211013091143,22245,22245,22245,22245,1
20211013091143,22245,22245,22245,22245,1
20211013091143,22245,22245,22245,22245,1
20211013091143,22245,22245,22245,22245,1
20211013091143,22245,22245,22245,22245,946
20211013091143,22240,22240,22240,22240,1
20211013091143,22245,22245,22245,22245,1
20211013091143,22240,22240,22240,22240,1
20211013091143,22250,22250,22250,22250,2
20211013091143,22245,22245,22245,22245,1
20211013091143,22245,22245,22245,22245,1
20211013091143,22245,22245,22245,22245,1
20211013091143,22245,22245,22245,22245,1
20211013091143,22245,22245,22245,22245,1
20211013091143,22245,22245,22245,22245,1
20211013091143,22245,22245,22245,22245,1
20211013091143,22245,22245,22245,22245,1
20211013091143,22245,22245,22245,22245,1
20211013091143,22245,22245,22245,22245,1
20211013091143,22245,22245,22245,22245,1
20211013091144,22245,22245,22245,22245,500
20211013091144,22245,22245,22245,22245,1
20211013091144,22245,22245,22245,22245,1
20211013091144,22245,22245,22245,22245,1
20211013091144,22245,22245,22245,22245,1
20211013091144,22245,22245,22245,22245,1
20211013091144,22245,22245,22245,22245,1
20211013091144,22245,22245,22245,22245,1
20211013091144,22245,22245,22245,22245,1
20211013091144,22245,22245,22245,22245,1
20211013091144,22245,22245,22245,22245,1
20211013091144,22245,22245,22245,22245,1
20211013091144,22245,22245,22245,22245,1
20211013091144,22245,22245,22245,22245,1
20211013091144,22245,22245,22245,22245,1
20211013091144,22245,22245,22245,22245,1
20211013091144,22245,22245,22245,22245,1
20211013091144,22245,22245,22245,22245,1
20211013091144,22245,22245,22245,22245,1
20211013091144,22245,22245,22245,22245,1
20211013091144,22245,22245,22245,22245,1
20211013091144,22245,22245,22245,22245,1
20211013091144,22245,22245,22245,22245,1
20211013091144,22245,22245,22245,22245,1
20211013091144,22245,22245,22245,22245,1
20211013091144,22245,22245,22245,22245,1
20211013091144,22245,22245,22245,22245,1
20211013091144,22245,22245,22245,22245,166
20211013091144,22245,22245,22245,22245,100
20211013091144,22245,22245,22245,22245,1
20211013091144,22245,22245,22245,22245,207
20211013091145,22240,22240,22240,22240,50
20211013091145,22240,22240,22240,22240,1
20211013091145,22240,22240,22240,22240,1000
20211013091146,22245,22245,22245,22245,50
20211013091146,22245,22245,22245,22245,100
20211013091147,22240,22240,22240,22240,6560
20211013091147,22235,22235,22235,22235,4130
20211013091147,22245,22245,22245,22245,1000
20211013091147,22245,22245,22245,22245,4196
20211013091147,22240,22240,22240,22240,1
20211013091147,22245,22245,22245,22245,1012
20211013091147,22245,22245,22245,22245,918
20211013091147,22245,22245,22245,22245,65
20211013091147,22250,22250,22250,22250,100
20211013091147,22245,22245,22245,22245,10
20211013091148,22245,22245,22245,22245,50
20211013091148,22240,22240,22240,22240,50
20211013091148,22240,22240,22240,22240,10
20211013091148,22240,22240,22240,22240,1
20211013091148,22240,22240,22240,22240,1
20211013091148,22240,22240,22240,22240,1000
20211013091148,22245,22245,22245,22245,11
20211013091148,22245,22245,22245,22245,1
20211013091148,22245,22245,22245,22245,1
20211013091148,22245,22245,22245,22245,1
20211013091148,22245,22245,22245,22245,1
20211013091148,22245,22245,22245,22245,1
20211013091148,22245,22245,22245,22245,1
20211013091148,22245,22245,22245,22245,1
20211013091148,22245,22245,22245,22245,1
20211013091148,22245,22245,22245,22245,1
20211013091148,22245,22245,22245,22245,1
20211013091148,22245,22245,22245,22245,1
20211013091148,22245,22245,22245,22245,1
20211013091148,22245,22245,22245,22245,1
20211013091148,22245,22245,22245,22245,1
20211013091148,22245,22245,22245,22245,1
20211013091148,22245,22245,22245,22245,1
20211013091148,22245,22245,22245,22245,1
20211013091148,22245,22245,22245,22245,1
20211013091148,22245,22245,22245,22245,1
20211013091148,22245,22245,22245,22245,31
20211013091149,22245,22245,22245,22245,2
20211013091149,22245,22245,22245,22245,1
20211013091149,22245,22245,22245,22245,1
20211013091149,22245,22245,22245,22245,1
20211013091149,22245,22245,22245,22245,1
20211013091149,22245,22245,22245,22245,1
20211013091149,22245,22245,22245,22245,1
20211013091149,22245,22245,22245,22245,1
20211013091149,22245,22245,22245,22245,1
20211013091149,22245,22245,22245,22245,1
20211013091149,22245,22245,22245,22245,1
20211013091149,22245,22245,22245,22245,1
20211013091149,22245,22245,22245,22245,1
20211013091149,22245,22245,22245,22245,1
20211013091149,22245,22245,22245,22245,1
20211013091149,22245,22245,22245,22245,1
20211013091149,22245,22245,22245,22245,1
20211013091149,22245,22245,22245,22245,1
20211013091149,22245,22245,22245,22245,1
20211013091149,22245,22245,22245,22245,1
20211013091149,22245,22245,22245,22245,39
20211013091149,22240,22240,22240,22240,870
20211013091149,22245,22245,22245,22245,1
20211013091149,22245,22245,22245,22245,1
20211013091149,22245,22245,22245,22245,1
20211013091149,22245,22245,22245,22245,1
20211013091149,22245,22245,22245,22245,1
20211013091149,22245,22245,22245,22245,1
20211013091149,22245,22245,22245,22245,1
20211013091149,22245,22245,22245,22245,1
20211013091149,22245,22245,22245,22245,1
20211013091149,22245,22245,22245,22245,1
20211013091149,22245,22245,22245,22245,1
20211013091149,22245,22245,22245,22245,1
20211013091149,22245,22245,22245,22245,1
20211013091149,22245,22245,22245,22245,1
20211013091149,22245,22245,22245,22245,1
20211013091149,22245,22245,22245,22245,1
20211013091149,22245,22245,22245,22245,1
20211013091149,22245,22245,22245,22245,1
20211013091149,22245,22245,22245,22245,1
20211013091149,22245,22245,22245,22245,1
20211013091149,22245,22245,22245,22245,1
20211013091149,22245,22245,22245,22245,1
20211013091149,22245,22245,22245,22245,1
20211013091149,22245,22245,22245,22245,1
20211013091149,22245,22245,22245,22245,1
20211013091149,22245,22245,22245,22245,1
20211013091149,22245,22245,22245,22245,1
20211013091149,22245,22245,22245,22245,1
20211013091149,22245,22245,22245,22245,1
20211013091149,22245,22245,22245,22245,1
20211013091149,22245,22245,22245,22245,20
20211013091149,22245,22245,22245,22245,1
20211013091149,22250,22250,22250,22250,49
20211013091149,22240,22240,22240,22240,500
20211013091149,22240,22240,22240,22240,10
20211013091150,22240,22240,22240,22240,1
20211013091150,22240,22240,22240,22240,1800
20211013091150,22240,22240,22240,22240,100
20211013091150,22245,22245,22245,22245,11
20211013091150,22245,22245,22245,22245,1
20211013091150,22240,22240,22240,22240,1
20211013091150,22240,22240,22240,22240,1
20211013091150,22235,22235,22235,22235,2
20211013091150,22240,22240,22240,22240,1
20211013091150,22240,22240,22240,22240,1
20211013091150,22240,22240,22240,22240,1
20211013091150,22240,22240,22240,22240,7
20211013091151,22240,22240,22240,22240,10
20211013091151,22245,22245,22245,22245,40
20211013091151,22240,22240,22240,22240,34
20211013091151,22235,22235,22235,22235,466
20211013091151,22240,22240,22240,22240,1
20211013091151,22240,22240,22240,22240,2
20211013091151,22240,22240,22240,22240,40
20211013091151,22245,22245,22245,22245,10
20211013091151,22245,22245,22245,22245,11
20211013091152,22240,22240,22240,22240,1
20211013091152,22235,22235,22235,22235,1
20211013091152,22235,22235,22235,22235,1
20211013091152,22240,22240,22240,22240,100
20211013091152,22240,22240,22240,22240,1
20211013091152,22235,22235,22235,22235,100
20211013091152,22240,22240,22240,22240,500
20211013091152,22245,22245,22245,22245,850
20211013091153,22240,22240,22240,22240,10
20211013091153,22240,22240,22240,22240,1
20211013091153,22235,22235,22235,22235,1
20211013091153,22240,22240,22240,22240,10
20211013091153,22240,22240,22240,22240,50
20211013091153,22240,22240,22240,22240,1
20211013091154,22235,22235,22235,22235,1
20211013091154,22240,22240,22240,22240,1
20211013091154,22235,22235,22235,22235,1
20211013091154,22235,22235,22235,22235,1
20211013091154,22240,22240,22240,22240,1
20211013091154,22240,22240,22240,22240,2000
20211013091155,22240,22240,22240,22240,1
20211013091155,22235,22235,22235,22235,100
20211013091155,22235,22235,22235,22235,500
20211013091155,22235,22235,22235,22235,200
20211013091155,22235,22235,22235,22235,380
20211013091155,22235,22235,22235,22235,1100
20211013091155,22235,22235,22235,22235,300
20211013091155,22235,22235,22235,22235,3900
20211013091155,22235,22235,22235,22235,200
20211013091155,22235,22235,22235,22235,100
20211013091155,22235,22235,22235,22235,800
20211013091155,22235,22235,22235,22235,300
20211013091155,22235,22235,22235,22235,2200
20211013091155,22235,22235,22235,22235,700
20211013091155,22235,22235,22235,22235,400
20211013091155,22235,22235,22235,22235,1700
20211013091155,22235,22235,22235,22235,100
20211013091155,22235,22235,22235,22235,7068
20211013091155,22240,22240,22240,22240,1
20211013091156,22240,22240,22240,22240,1307
20211013091156,22235,22235,22235,22235,2
20211013091156,22230,22230,22230,22230,1
20211013091156,22230,22230,22230,22230,5
20211013091156,22230,22230,22230,22230,1
20211013091156,22235,22235,22235,22235,1
20211013091156,22230,22230,22230,22230,20
20211013091157,22235,22235,22235,22235,1
20211013091157,22230,22230,22230,22230,1
20211013091157,22235,22235,22235,22235,11
20211013091157,22235,22235,22235,22235,100
20211013091157,22235,22235,22235,22235,24
20211013091157,22230,22230,22230,22230,1
20211013091157,22230,22230,22230,22230,5346
20211013091157,22230,22230,22230,22230,1
20211013091157,22235,22235,22235,22235,20
20211013091157,22235,22235,22235,22235,338
20211013091157,22230,22230,22230,22230,1
20211013091158,22235,22235,22235,22235,1
20211013091158,22235,22235,22235,22235,200
20211013091158,22230,22230,22230,22230,1
20211013091158,22225,22225,22225,22225,49
20211013091158,22230,22230,22230,22230,1
20211013091158,22225,22225,22225,22225,99
20211013091158,22235,22235,22235,22235,54
20211013091158,22225,22225,22225,22225,61
20211013091158,22225,22225,22225,22225,200
20211013091158,22235,22235,22235,22235,40
20211013091159,22225,22225,22225,22225,92
20211013091159,22225,22225,22225,22225,1
20211013091159,22225,22225,22225,22225,1
20211013091159,22225,22225,22225,22225,1
20211013091200,22230,22230,22230,22230,1
20211013091200,22230,22230,22230,22230,1
20211013091200,22230,22230,22230,22230,1
20211013091200,22230,22230,22230,22230,11
20211013091200,22225,22225,22225,22225,587
20211013091200,22230,22230,22230,22230,1
20211013091200,22230,22230,22230,22230,1
20211013091200,22230,22230,22230,22230,599
20211013091200,22235,22235,22235,22235,5
20211013091201,22235,22235,22235,22235,1
20211013091201,22230,22230,22230,22230,1
20211013091201,22235,22235,22235,22235,1
20211013091202,22230,22230,22230,22230,100
20211013091202,22230,22230,22230,22230,1
20211013091202,22235,22235,22235,22235,1
20211013091203,22230,22230,22230,22230,1
20211013091203,22230,22230,22230,22230,1
20211013091203,22235,22235,22235,22235,2000
20211013091203,22230,22230,22230,22230,1
20211013091203,22230,22230,22230,22230,125
20211013091204,22230,22230,22230,22230,58
20211013091204,22235,22235,22235,22235,1
20211013091204,22230,22230,22230,22230,1
20211013091204,22230,22230,22230,22230,1
20211013091204,22230,22230,22230,22230,13
20211013091204,22230,22230,22230,22230,1
20211013091205,22230,22230,22230,22230,1
20211013091205,22230,22230,22230,22230,50
20211013091205,22230,22230,22230,22230,1
20211013091205,22230,22230,22230,22230,1
20211013091205,22230,22230,22230,22230,10
20211013091205,22230,22230,22230,22230,23
20211013091206,22235,22235,22235,22235,1
20211013091206,22230,22230,22230,22230,1
20211013091206,22230,22230,22230,22230,1
20211013091206,22235,22235,22235,22235,1
20211013091206,22230,22230,22230,22230,26
20211013091206,22230,22230,22230,22230,1
20211013091207,22230,22230,22230,22230,1
20211013091207,22225,22225,22225,22225,1
20211013091207,22230,22230,22230,22230,10
20211013091207,22225,22225,22225,22225,559
20211013091207,22230,22230,22230,22230,1
20211013091207,22225,22225,22225,22225,38
20211013091207,22225,22225,22225,22225,11
20211013091207,22225,22225,22225,22225,1
20211013091208,22225,22225,22225,22225,10
20211013091208,22235,22235,22235,22235,50
20211013091210,22230,22230,22230,22230,50
20211013091210,22230,22230,22230,22230,12
20211013091210,22230,22230,22230,22230,1
20211013091210,22230,22230,22230,22230,1
20211013091210,22230,22230,22230,22230,1
20211013091210,22230,22230,22230,22230,35
20211013091210,22235,22235,22235,22235,11
20211013091211,22225,22225,22225,22225,1934
20211013091211,22225,22225,22225,22225,66
20211013091211,22230,22230,22230,22230,140
20211013091211,22230,22230,22230,22230,100
20211013091211,22230,22230,22230,22230,6
20211013091212,22230,22230,22230,22230,16
20211013091212,22230,22230,22230,22230,4
20211013091212,22230,22230,22230,22230,1
20211013091212,22230,22230,22230,22230,9
20211013091212,22225,22225,22225,22225,1
20211013091212,22230,22230,22230,22230,10
20211013091213,22230,22230,22230,22230,1
20211013091213,22225,22225,22225,22225,10
20211013091214,22225,22225,22225,22225,10
20211013091214,22230,22230,22230,22230,100
20211013091215,22230,22230,22230,22230,90
20211013091215,22225,22225,22225,22225,50
20211013091215,22225,22225,22225,22225,1
20211013091216,22225,22225,22225,22225,200
20211013091216,22225,22225,22225,22225,10
20211013091216,22225,22225,22225,22225,1
20211013091216,22230,22230,22230,22230,10
20211013091216,22230,22230,22230,22230,11
20211013091216,22225,22225,22225,22225,10
20211013091217,22230,22230,22230,22230,2605
20211013091217,22230,22230,22230,22230,900
20211013091217,22230,22230,22230,22230,1100
20211013091217,22230,22230,22230,22230,225
20211013091217,22230,22230,22230,22230,47
20211013091217,22235,22235,22235,22235,1
20211013091218,22230,22230,22230,22230,1
20211013091218,22230,22230,22230,22230,1
20211013091218,22230,22230,22230,22230,1
20211013091218,22230,22230,22230,22230,1
20211013091218,22230,22230,22230,22230,1
20211013091218,22230,22230,22230,22230,1
20211013091218,22230,22230,22230,22230,1
20211013091218,22230,22230,22230,22230,1
20211013091218,22230,22230,22230,22230,1
20211013091218,22230,22230,22230,22230,1
20211013091218,22230,22230,22230,22230,1
20211013091218,22230,22230,22230,22230,1
20211013091218,22230,22230,22230,22230,1
20211013091218,22230,22230,22230,22230,1
20211013091218,22230,22230,22230,22230,1
20211013091218,22230,22230,22230,22230,1
20211013091218,22230,22230,22230,22230,1
20211013091218,22230,22230,22230,22230,1
20211013091218,22230,22230,22230,22230,1
20211013091218,22230,22230,22230,22230,1
20211013091218,22230,22230,22230,22230,1
20211013091218,22230,22230,22230,22230,1
20211013091218,22230,22230,22230,22230,1
20211013091218,22230,22230,22230,22230,200
20211013091218,22230,22230,22230,22230,377
20211013091218,22230,22230,22230,22230,1
20211013091219,22230,22230,22230,22230,470
20211013091219,22230,22230,22230,22230,300
20211013091220,22230,22230,22230,22230,500
20211013091220,22225,22225,22225,22225,12
20211013091220,22225,22225,22225,22225,10
20211013091220,22230,22230,22230,22230,623
20211013091220,22225,22225,22225,22225,77
20211013091221,22235,22235,22235,22235,1
20211013091222,22235,22235,22235,22235,1254
20211013091222,22230,22230,22230,22230,1
20211013091222,22230,22230,22230,22230,24
20211013091223,22235,22235,22235,22235,50
20211013091223,22230,22230,22230,22230,1236
20211013091223,22235,22235,22235,22235,536
20211013091223,22235,22235,22235,22235,70
20211013091224,22240,22240,22240,22240,20
20211013091224,22240,22240,22240,22240,24
20211013091225,22235,22235,22235,22235,10
20211013091225,22240,22240,22240,22240,50
20211013091227,22235,22235,22235,22235,223
20211013091228,22235,22235,22235,22235,50
20211013091228,22235,22235,22235,22235,50
20211013091229,22240,22240,22240,22240,961
20211013091229,22230,22230,22230,22230,100
20211013091230,22235,22235,22235,22235,1
20211013091230,22235,22235,22235,22235,10
20211013091230,22230,22230,22230,22230,20
20211013091231,22230,22230,22230,22230,25
20211013091231,22235,22235,22235,22235,1
20211013091233,22230,22230,22230,22230,10
20211013091234,22235,22235,22235,22235,481
20211013091234,22235,22235,22235,22235,1
20211013091234,22235,22235,22235,22235,1
20211013091234,22235,22235,22235,22235,1
20211013091235,22235,22235,22235,22235,5
20211013091235,22235,22235,22235,22235,1
20211013091235,22235,22235,22235,22235,952
20211013091235,22235,22235,22235,22235,1
20211013091235,22235,22235,22235,22235,1
20211013091235,22230,22230,22230,22230,1
20211013091235,22230,22230,22230,22230,1
20211013091235,22230,22230,22230,22230,1
20211013091236,22230,22230,22230,22230,450
20211013091236,22230,22230,22230,22230,1343
20211013091236,22230,22230,22230,22230,1044
20211013091236,22230,22230,22230,22230,500
20211013091236,22230,22230,22230,22230,800
20211013091236,22230,22230,22230,22230,100
20211013091236,22230,22230,22230,22230,4549
20211013091237,22230,22230,22230,22230,100
20211013091237,22230,22230,22230,22230,25
20211013091237,22230,22230,22230,22230,1
20211013091237,22230,22230,22230,22230,174
20211013091237,22225,22225,22225,22225,1
20211013091237,22225,22225,22225,22225,1
20211013091237,22225,22225,22225,22225,1
20211013091237,22225,22225,22225,22225,1
20211013091238,22230,22230,22230,22230,10
20211013091238,22225,22225,22225,22225,50
20211013091238,22225,22225,22225,22225,1983
20211013091239,22220,22220,22220,22220,50
20211013091239,22220,22220,22220,22220,1
20211013091239,22225,22225,22225,22225,4309
20211013091239,22225,22225,22225,22225,50
20211013091240,22225,22225,22225,22225,20
20211013091240,22220,22220,22220,22220,10
20211013091241,22225,22225,22225,22225,10
20211013091241,22220,22220,22220,22220,1
20211013091241,22225,22225,22225,22225,50
20211013091241,22225,22225,22225,22225,1
20211013091241,22220,22220,22220,22220,200
20211013091241,22220,22220,22220,22220,1
20211013091243,22220,22220,22220,22220,4850
20211013091243,22220,22220,22220,22220,10
20211013091243,22220,22220,22220,22220,258
20211013091243,22225,22225,22225,22225,17
20211013091244,22220,22220,22220,22220,10
20211013091244,22220,22220,22220,22220,200
20211013091244,22220,22220,22220,22220,4
20211013091244,22220,22220,22220,22220,50
20211013091245,22220,22220,22220,22220,20
20211013091245,22215,22215,22215,22215,4
20211013091245,22220,22220,22220,22220,1
20211013091245,22220,22220,22220,22220,50
20211013091245,22220,22220,22220,22220,2
20211013091245,22215,22215,22215,22215,1
20211013091245,22215,22215,22215,22215,1
20211013091245,22215,22215,22215,22215,1
20211013091246,22215,22215,22215,22215,28
20211013091246,22215,22215,22215,22215,426
20211013091246,22220,22220,22220,22220,10
20211013091247,22220,22220,22220,22220,1
20211013091247,22220,22220,22220,22220,698
20211013091247,22215,22215,22215,22215,640
20211013091247,22215,22215,22215,22215,330
20211013091247,22215,22215,22215,22215,1000
20211013091247,22225,22225,22225,22225,100
20211013091248,22215,22215,22215,22215,183
20211013091249,22225,22225,22225,22225,10
20211013091249,22225,22225,22225,22225,1
20211013091249,22225,22225,22225,22225,1844
20211013091249,22225,22225,22225,22225,354
20211013091250,22220,22220,22220,22220,35
20211013091250,22225,22225,22225,22225,9
20211013091251,22225,22225,22225,22225,500
20211013091252,22225,22225,22225,22225,1000
20211013091252,22230,22230,22230,22230,450
20211013091254,22225,22225,22225,22225,100
20211013091255,22225,22225,22225,22225,130
20211013091255,22225,22225,22225,22225,1
20211013091255,22225,22225,22225,22225,1
20211013091255,22225,22225,22225,22225,1
20211013091255,22225,22225,22225,22225,1
20211013091255,22225,22225,22225,22225,1
20211013091255,22225,22225,22225,22225,1
20211013091255,22225,22225,22225,22225,1
20211013091255,22225,22225,22225,22225,1
20211013091255,22225,22225,22225,22225,1
20211013091255,22225,22225,22225,22225,1
20211013091255,22225,22225,22225,22225,1
20211013091255,22225,22225,22225,22225,1
20211013091255,22225,22225,22225,22225,1
20211013091255,22225,22225,22225,22225,1
20211013091255,22225,22225,22225,22225,1
20211013091255,22225,22225,22225,22225,1
20211013091255,22225,22225,22225,22225,1
20211013091255,22225,22225,22225,22225,1
20211013091255,22225,22225,22225,22225,1
20211013091255,22225,22225,22225,22225,1
20211013091255,22225,22225,22225,22225,1
20211013091255,22225,22225,22225,22225,1
20211013091255,22225,22225,22225,22225,1
20211013091255,22225,22225,22225,22225,1
20211013091255,22225,22225,22225,22225,1
20211013091255,22225,22225,22225,22225,307
20211013091255,22230,22230,22230,22230,1
20211013091256,22230,22230,22230,22230,50
20211013091257,22230,22230,22230,22230,1
20211013091257,22230,22230,22230,22230,2403
20211013091257,22230,22230,22230,22230,1000
20211013091257,22230,22230,22230,22230,1000
20211013091257,22230,22230,22230,22230,500
20211013091257,22230,22230,22230,22230,220
20211013091257,22230,22230,22230,22230,1
20211013091257,22230,22230,22230,22230,1
20211013091257,22230,22230,22230,22230,1
20211013091257,22230,22230,22230,22230,1
20211013091257,22230,22230,22230,22230,1
20211013091257,22230,22230,22230,22230,1
20211013091257,22230,22230,22230,22230,1
20211013091257,22230,22230,22230,22230,1
20211013091257,22230,22230,22230,22230,1
20211013091257,22230,22230,22230,22230,1
20211013091257,22230,22230,22230,22230,1
20211013091257,22230,22230,22230,22230,1
20211013091257,22230,22230,22230,22230,1
20211013091257,22230,22230,22230,22230,1
20211013091257,22230,22230,22230,22230,26
20211013091258,22230,22230,22230,22230,100
20211013091259,22230,22230,22230,22230,250
20211013091259,22235,22235,22235,22235,1068
20211013091259,22230,22230,22230,22230,100
20211013091259,22230,22230,22230,22230,8
20211013091300,22235,22235,22235,22235,100
20211013091301,22235,22235,22235,22235,28
20211013091301,22235,22235,22235,22235,100
20211013091301,22240,22240,22240,22240,400
20211013091302,22240,22240,22240,22240,1
20211013091302,22240,22240,22240,22240,1
20211013091303,22240,22240,22240,22240,1
20211013091304,22235,22235,22235,22235,1
20211013091304,22240,22240,22240,22240,1
20211013091304,22240,22240,22240,22240,1
20211013091304,22240,22240,22240,22240,1
20211013091304,22235,22235,22235,22235,3
20211013091306,22240,22240,22240,22240,2617
20211013091306,22240,22240,22240,22240,1
20211013091306,22240,22240,22240,22240,9513
20211013091307,22245,22245,22245,22245,1
20211013091307,22245,22245,22245,22245,7534
20211013091307,22245,22245,22245,22245,1
20211013091307,22245,22245,22245,22245,100
20211013091308,22245,22245,22245,22245,1
20211013091308,22250,22250,22250,22250,1
20211013091308,22250,22250,22250,22250,1
20211013091308,22250,22250,22250,22250,1
20211013091308,22245,22245,22245,22245,4
20211013091308,22250,22250,22250,22250,50
20211013091308,22250,22250,22250,22250,1
20211013091308,22250,22250,22250,22250,1
20211013091309,22250,22250,22250,22250,1
20211013091309,22245,22245,22245,22245,200
20211013091309,22250,22250,22250,22250,1
20211013091309,22250,22250,22250,22250,1
20211013091309,22250,22250,22250,22250,1
20211013091309,22250,22250,22250,22250,10
20211013091309,22245,22245,22245,22245,1
20211013091309,22245,22245,22245,22245,20
20211013091309,22245,22245,22245,22245,1
20211013091309,22250,22250,22250,22250,1
20211013091309,22250,22250,22250,22250,1
20211013091309,22250,22250,22250,22250,1
20211013091309,22250,22250,22250,22250,1
20211013091309,22250,22250,22250,22250,1
20211013091310,22250,22250,22250,22250,1
20211013091310,22245,22245,22245,22245,10
20211013091310,22250,22250,22250,22250,13
20211013091310,22245,22245,22245,22245,1
20211013091310,22250,22250,22250,22250,1024
20211013091311,22245,22245,22245,22245,1
20211013091311,22250,22250,22250,22250,1
20211013091311,22250,22250,22250,22250,1
20211013091311,22245,22245,22245,22245,247
20211013091311,22245,22245,22245,22245,800
20211013091311,22245,22245,22245,22245,100
20211013091311,22245,22245,22245,22245,1000
20211013091311,22245,22245,22245,22245,100
20211013091311,22245,22245,22245,22245,100
20211013091311,22250,22250,22250,22250,143
20211013091311,22245,22245,22245,22245,200
20211013091311,22245,22245,22245,22245,100
20211013091311,22245,22245,22245,22245,400
20211013091311,22245,22245,22245,22245,100
20211013091311,22245,22245,22245,22245,845
20211013091311,22245,22245,22245,22245,1
20211013091312,22245,22245,22245,22245,1
20211013091312,22245,22245,22245,22245,1
20211013091312,22245,22245,22245,22245,1
20211013091313,22245,22245,22245,22245,10
20211013091314,22245,22245,22245,22245,1
20211013091314,22240,22240,22240,22240,1
20211013091314,22240,22240,22240,22240,696
20211013091314,22245,22245,22245,22245,1
20211013091314,22245,22245,22245,22245,1266
20211013091314,22250,22250,22250,22250,8134
20211013091315,22240,22240,22240,22240,170
20211013091315,22240,22240,22240,22240,1
20211013091317,22240,22240,22240,22240,45
20211013091317,22245,22245,22245,22245,11
20211013091317,22245,22245,22245,22245,10
20211013091319,22240,22240,22240,22240,1
20211013091319,22245,22245,22245,22245,1
20211013091319,22245,22245,22245,22245,1
20211013091319,22240,22240,22240,22240,108
20211013091319,22240,22240,22240,22240,1
20211013091320,22240,22240,22240,22240,1
20211013091320,22240,22240,22240,22240,1
20211013091320,22240,22240,22240,22240,1
20211013091320,22240,22240,22240,22240,1
20211013091320,22240,22240,22240,22240,100
20211013091320,22240,22240,22240,22240,1
20211013091320,22240,22240,22240,22240,46
20211013091320,22245,22245,22245,22245,270
20211013091320,22240,22240,22240,22240,20
20211013091320,22240,22240,22240,22240,50
20211013091321,22245,22245,22245,22245,10
20211013091321,22235,22235,22235,22235,5
20211013091323,22245,22245,22245,22245,696
20211013091323,22245,22245,22245,22245,1
20211013091323,22245,22245,22245,22245,68
20211013091323,22250,22250,22250,22250,1
20211013091324,22240,22240,22240,22240,1
20211013091324,22240,22240,22240,22240,1912
20211013091325,22240,22240,22240,22240,500
20211013091325,22240,22240,22240,22240,500
20211013091325,22240,22240,22240,22240,100
20211013091326,22240,22240,22240,22240,4377
20211013091326,22240,22240,22240,22240,20
20211013091326,22240,22240,22240,22240,1
20211013091326,22240,22240,22240,22240,31
20211013091327,22235,22235,22235,22235,499
20211013091327,22235,22235,22235,22235,1
20211013091327,22235,22235,22235,22235,1
20211013091327,22235,22235,22235,22235,1
20211013091327,22235,22235,22235,22235,1
20211013091327,22235,22235,22235,22235,1
20211013091327,22235,22235,22235,22235,1
20211013091327,22235,22235,22235,22235,1
20211013091327,22235,22235,22235,22235,1
20211013091327,22235,22235,22235,22235,1
20211013091327,22235,22235,22235,22235,1
20211013091327,22235,22235,22235,22235,1
20211013091327,22235,22235,22235,22235,1
20211013091327,22235,22235,22235,22235,1
20211013091327,22235,22235,22235,22235,1
20211013091327,22235,22235,22235,22235,1
20211013091327,22235,22235,22235,22235,1
20211013091327,22235,22235,22235,22235,1
20211013091327,22235,22235,22235,22235,1
20211013091327,22235,22235,22235,22235,1
20211013091327,22235,22235,22235,22235,1
20211013091327,22230,22230,22230,22230,1214
20211013091328,22235,22235,22235,22235,1
20211013091330,22230,22230,22230,22230,2
20211013091330,22225,22225,22225,22225,198
20211013091330,22230,22230,22230,22230,1
20211013091330,22225,22225,22225,22225,29
20211013091331,22230,22230,22230,22230,50
20211013091331,22230,22230,22230,22230,2
20211013091331,22235,22235,22235,22235,32
20211013091331,22230,22230,22230,22230,248
20211013091332,22235,22235,22235,22235,50
20211013091333,22235,22235,22235,22235,10
20211013091333,22235,22235,22235,22235,200
20211013091334,22235,22235,22235,22235,25
20211013091334,22230,22230,22230,22230,100
20211013091335,22235,22235,22235,22235,508
20211013091335,22235,22235,22235,22235,1
20211013091335,22235,22235,22235,22235,1
20211013091335,22235,22235,22235,22235,1
20211013091335,22235,22235,22235,22235,1
20211013091335,22235,22235,22235,22235,1
20211013091335,22235,22235,22235,22235,1
20211013091335,22235,22235,22235,22235,1
20211013091335,22235,22235,22235,22235,1
20211013091335,22235,22235,22235,22235,1
20211013091335,22235,22235,22235,22235,1
20211013091335,22235,22235,22235,22235,1
20211013091335,22235,22235,22235,22235,1
20211013091335,22235,22235,22235,22235,1
20211013091335,22235,22235,22235,22235,1
20211013091335,22235,22235,22235,22235,1
20211013091335,22235,22235,22235,22235,1
20211013091335,22235,22235,22235,22235,1
20211013091335,22235,22235,22235,22235,1
20211013091335,22235,22235,22235,22235,1
20211013091335,22235,22235,22235,22235,1
20211013091335,22235,22235,22235,22235,1
20211013091335,22235,22235,22235,22235,1
20211013091335,22235,22235,22235,22235,1
20211013091335,22235,22235,22235,22235,1
20211013091335,22235,22235,22235,22235,1
20211013091335,22235,22235,22235,22235,1
20211013091335,22235,22235,22235,22235,1
20211013091335,22235,22235,22235,22235,1
20211013091335,22235,22235,22235,22235,1
20211013091335,22235,22235,22235,22235,1
20211013091335,22235,22235,22235,22235,1
20211013091335,22235,22235,22235,22235,1
20211013091335,22235,22235,22235,22235,1
20211013091335,22235,22235,22235,22235,1
20211013091335,22235,22235,22235,22235,1
20211013091335,22235,22235,22235,22235,1
20211013091335,22235,22235,22235,22235,1
20211013091335,22235,22235,22235,22235,1
20211013091335,22235,22235,22235,22235,1
20211013091335,22235,22235,22235,22235,1
20211013091335,22235,22235,22235,22235,1
20211013091335,22235,22235,22235,22235,1
20211013091335,22235,22235,22235,22235,1
20211013091335,22235,22235,22235,22235,1
20211013091335,22235,22235,22235,22235,1
20211013091335,22235,22235,22235,22235,1
20211013091335,22235,22235,22235,22235,1
20211013091335,22235,22235,22235,22235,1
20211013091335,22235,22235,22235,22235,1
20211013091335,22235,22235,22235,22235,1
20211013091335,22235,22235,22235,22235,1
20211013091335,22235,22235,22235,22235,1
20211013091335,22235,22235,22235,22235,1
20211013091335,22235,22235,22235,22235,1
20211013091335,22235,22235,22235,22235,1
20211013091335,22235,22235,22235,22235,1
20211013091335,22235,22235,22235,22235,1
20211013091335,22235,22235,22235,22235,1
20211013091335,22235,22235,22235,22235,1
20211013091335,22235,22235,22235,22235,1
20211013091335,22235,22235,22235,22235,1
20211013091335,22235,22235,22235,22235,1
20211013091335,22235,22235,22235,22235,1
20211013091335,22235,22235,22235,22235,1
20211013091335,22235,22235,22235,22235,1
20211013091335,22235,22235,22235,22235,1
20211013091335,22235,22235,22235,22235,1
20211013091335,22235,22235,22235,22235,1
20211013091335,22235,22235,22235,22235,1
20211013091335,22235,22235,22235,22235,1
20211013091335,22235,22235,22235,22235,1
20211013091335,22235,22235,22235,22235,1
20211013091335,22235,22235,22235,22235,1
20211013091335,22235,22235,22235,22235,1
20211013091335,22235,22235,22235,22235,1
20211013091335,22235,22235,22235,22235,1
20211013091335,22235,22235,22235,22235,1
20211013091335,22235,22235,22235,22235,1
20211013091335,22235,22235,22235,22235,1614
20211013091336,22235,22235,22235,22235,50
20211013091336,22235,22235,22235,22235,1000
20211013091336,22230,22230,22230,22230,450
20211013091337,22235,22235,22235,22235,60
20211013091337,22230,22230,22230,22230,1
20211013091337,22230,22230,22230,22230,67
20211013091337,22235,22235,22235,22235,1
20211013091337,22235,22235,22235,22235,1
20211013091337,22235,22235,22235,22235,1
20211013091337,22235,22235,22235,22235,1
20211013091337,22235,22235,22235,22235,1
20211013091337,22235,22235,22235,22235,1
20211013091337,22235,22235,22235,22235,1
20211013091337,22235,22235,22235,22235,1
20211013091337,22235,22235,22235,22235,1
20211013091337,22235,22235,22235,22235,1
20211013091337,22235,22235,22235,22235,63
20211013091337,22235,22235,22235,22235,200
20211013091339,22235,22235,22235,22235,1
20211013091339,22240,22240,22240,22240,1
20211013091340,22235,22235,22235,22235,1
20211013091342,22230,22230,22230,22230,50
20211013091342,22230,22230,22230,22230,2
20211013091342,22230,22230,22230,22230,2
20211013091343,22235,22235,22235,22235,50
20211013091344,22235,22235,22235,22235,500
20211013091345,22225,22225,22225,22225,50
20211013091345,22235,22235,22235,22235,100
20211013091346,22225,22225,22225,22225,1
20211013091346,22225,22225,22225,22225,3213
20211013091347,22225,22225,22225,22225,50
20211013091347,22230,22230,22230,22230,100
20211013091348,22230,22230,22230,22230,50
20211013091348,22230,22230,22230,22230,864
20211013091348,22230,22230,22230,22230,500
20211013091348,22230,22230,22230,22230,500
20211013091348,22230,22230,22230,22230,1
20211013091348,22230,22230,22230,22230,1
20211013091348,22230,22230,22230,22230,1
20211013091348,22230,22230,22230,22230,1
20211013091348,22230,22230,22230,22230,1
20211013091348,22230,22230,22230,22230,1
20211013091349,22230,22230,22230,22230,1
20211013091349,22230,22230,22230,22230,1
20211013091349,22230,22230,22230,22230,1
20211013091349,22230,22230,22230,22230,1
20211013091349,22230,22230,22230,22230,1
20211013091349,22230,22230,22230,22230,1
20211013091349,22230,22230,22230,22230,500
20211013091349,22230,22230,22230,22230,1
20211013091349,22230,22230,22230,22230,1
20211013091349,22230,22230,22230,22230,1
20211013091349,22230,22230,22230,22230,2260
20211013091349,22230,22230,22230,22230,4
20211013091349,22230,22230,22230,22230,1
20211013091350,22235,22235,22235,22235,4065
20211013091351,22235,22235,22235,22235,105
20211013091352,22235,22235,22235,22235,10
20211013091352,22235,22235,22235,22235,48
20211013091354,22235,22235,22235,22235,1027
20211013091355,22235,22235,22235,22235,2
20211013091355,22235,22235,22235,22235,1
20211013091355,22235,22235,22235,22235,2
20211013091356,22230,22230,22230,22230,1
20211013091356,22235,22235,22235,22235,1
20211013091357,22235,22235,22235,22235,29
20211013091357,22235,22235,22235,22235,7
20211013091357,22235,22235,22235,22235,1
20211013091357,22235,22235,22235,22235,1
20211013091357,22235,22235,22235,22235,1
20211013091357,22235,22235,22235,22235,1
20211013091357,22235,22235,22235,22235,1
20211013091357,22235,22235,22235,22235,1
20211013091357,22235,22235,22235,22235,1
20211013091357,22235,22235,22235,22235,1
20211013091357,22235,22235,22235,22235,1
20211013091357,22235,22235,22235,22235,1
20211013091357,22235,22235,22235,22235,1
20211013091357,22235,22235,22235,22235,1
20211013091357,22235,22235,22235,22235,1
20211013091357,22235,22235,22235,22235,1
20211013091357,22235,22235,22235,22235,1
20211013091357,22235,22235,22235,22235,1
20211013091357,22235,22235,22235,22235,1
20211013091358,22240,22240,22240,22240,1
20211013091358,22235,22235,22235,22235,147
20211013091359,22235,22235,22235,22235,50
20211013091359,22235,22235,22235,22235,20
20211013091400,22235,22235,22235,22235,10
20211013091400,22230,22230,22230,22230,1
20211013091400,22235,22235,22235,22235,1
20211013091401,22235,22235,22235,22235,64
20211013091401,22235,22235,22235,22235,1
20211013091402,22235,22235,22235,22235,1300
20211013091402,22235,22235,22235,22235,684
20211013091402,22235,22235,22235,22235,103
20211013091405,22240,22240,22240,22240,10
20211013091405,22240,22240,22240,22240,400
20211013091405,22235,22235,22235,22235,44
20211013091405,22240,22240,22240,22240,1
20211013091405,22240,22240,22240,22240,1700
20211013091405,22240,22240,22240,22240,1
20211013091405,22240,22240,22240,22240,4557
20211013091406,22240,22240,22240,22240,69
20211013091406,22245,22245,22245,22245,1214
20211013091406,22240,22240,22240,22240,12
20211013091407,22240,22240,22240,22240,100
20211013091407,22240,22240,22240,22240,1
20211013091407,22240,22240,22240,22240,44
20211013091408,22240,22240,22240,22240,1
20211013091409,22235,22235,22235,22235,221
20211013091410,22240,22240,22240,22240,1
20211013091410,22240,22240,22240,22240,40
20211013091410,22240,22240,22240,22240,499
20211013091410,22235,22235,22235,22235,1349
20211013091411,22240,22240,22240,22240,1
20211013091411,22240,22240,22240,22240,38212
20211013091411,22240,22240,22240,22240,3356
20211013091411,22240,22240,22240,22240,1700
20211013091411,22240,22240,22240,22240,600
20211013091411,22240,22240,22240,22240,5641
20211013091411,22245,22245,22245,22245,1
20211013091411,22240,22240,22240,22240,50
20211013091411,22245,22245,22245,22245,1
20211013091412,22245,22245,22245,22245,1
20211013091412,22245,22245,22245,22245,1
20211013091412,22240,22240,22240,22240,106
20211013091413,22240,22240,22240,22240,1
20211013091413,22245,22245,22245,22245,2102
20211013091414,22240,22240,22240,22240,200
20211013091414,22245,22245,22245,22245,1
20211013091415,22245,22245,22245,22245,6
20211013091415,22245,22245,22245,22245,50
20211013091415,22245,22245,22245,22245,3
20211013091417,22240,22240,22240,22240,2723
20211013091417,22240,22240,22240,22240,100
20211013091417,22240,22240,22240,22240,1
20211013091418,22240,22240,22240,22240,1
20211013091418,22240,22240,22240,22240,500
20211013091419,22235,22235,22235,22235,1
20211013091419,22235,22235,22235,22235,1502
20211013091419,22235,22235,22235,22235,496
20211013091419,22235,22235,22235,22235,1
20211013091419,22230,22230,22230,22230,5
20211013091419,22235,22235,22235,22235,500
20211013091419,22235,22235,22235,22235,2150
20211013091419,22240,22240,22240,22240,1348
20211013091419,22240,22240,22240,22240,1
20211013091420,22235,22235,22235,22235,1
20211013091420,22235,22235,22235,22235,1037
20211013091420,22235,22235,22235,22235,100
20211013091421,22235,22235,22235,22235,120
20211013091421,22235,22235,22235,22235,1
20211013091421,22235,22235,22235,22235,200
20211013091421,22235,22235,22235,22235,348
20211013091422,22230,22230,22230,22230,20
20211013091422,22230,22230,22230,22230,1
20211013091422,22235,22235,22235,22235,45
20211013091423,22235,22235,22235,22235,100
20211013091423,22235,22235,22235,22235,1
20211013091423,22230,22230,22230,22230,1
20211013091423,22230,22230,22230,22230,1
20211013091423,22230,22230,22230,22230,50
20211013091423,22235,22235,22235,22235,100
20211013091424,22230,22230,22230,22230,10
20211013091424,22235,22235,22235,22235,200
20211013091424,22235,22235,22235,22235,1
20211013091424,22230,22230,22230,22230,1
20211013091424,22230,22230,22230,22230,9
20211013091424,22235,22235,22235,22235,1
20211013091425,22235,22235,22235,22235,1
20211013091425,22235,22235,22235,22235,1
20211013091425,22235,22235,22235,22235,1
20211013091425,22230,22230,22230,22230,10
20211013091425,22230,22230,22230,22230,50
20211013091425,22235,22235,22235,22235,1
20211013091426,22235,22235,22235,22235,5
20211013091426,22235,22235,22235,22235,1
20211013091426,22235,22235,22235,22235,1
20211013091426,22230,22230,22230,22230,9
20211013091426,22235,22235,22235,22235,1
20211013091427,22230,22230,22230,22230,1
20211013091427,22235,22235,22235,22235,1
20211013091427,22230,22230,22230,22230,1
20211013091427,22235,22235,22235,22235,10
20211013091428,22230,22230,22230,22230,10
20211013091429,22235,22235,22235,22235,100
20211013091430,22230,22230,22230,22230,10
20211013091430,22230,22230,22230,22230,50
20211013091430,22230,22230,22230,22230,400
20211013091431,22235,22235,22235,22235,393
20211013091431,22235,22235,22235,22235,1
20211013091431,22235,22235,22235,22235,1
20211013091431,22230,22230,22230,22230,1
20211013091431,22235,22235,22235,22235,1
20211013091431,22230,22230,22230,22230,10
20211013091431,22230,22230,22230,22230,9
20211013091431,22230,22230,22230,22230,1
20211013091432,22230,22230,22230,22230,400
20211013091433,22235,22235,22235,22235,5
20211013091433,22235,22235,22235,22235,103
20211013091433,22230,22230,22230,22230,9
20211013091434,22230,22230,22230,22230,80
20211013091434,22230,22230,22230,22230,1
20211013091435,22230,22230,22230,22230,9
20211013091435,22235,22235,22235,22235,1
20211013091435,22235,22235,22235,22235,1
20211013091435,22235,22235,22235,22235,1
20211013091435,22230,22230,22230,22230,40
20211013091437,22235,22235,22235,22235,45
20211013091437,22235,22235,22235,22235,200
20211013091437,22235,22235,22235,22235,3800
20211013091437,22235,22235,22235,22235,1782
20211013091437,22240,22240,22240,22240,3176
20211013091438,22240,22240,22240,22240,259
20211013091438,22245,22245,22245,22245,50
20211013091438,22235,22235,22235,22235,51
20211013091439,22240,22240,22240,22240,1
20211013091439,22240,22240,22240,22240,40
20211013091439,22240,22240,22240,22240,9
20211013091439,22245,22245,22245,22245,181
20211013091440,22240,22240,22240,22240,100
20211013091440,22240,22240,22240,22240,1
20211013091440,22240,22240,22240,22240,2272
20211013091440,22240,22240,22240,22240,500
20211013091440,22240,22240,22240,22240,125
20211013091441,22240,22240,22240,22240,1
20211013091441,22240,22240,22240,22240,1
20211013091441,22240,22240,22240,22240,1
20211013091441,22235,22235,22235,22235,1
20211013091442,22235,22235,22235,22235,10
20211013091443,22235,22235,22235,22235,1
20211013091443,22235,22235,22235,22235,1
20211013091443,22235,22235,22235,22235,1
20211013091444,22235,22235,22235,22235,10
20211013091444,22235,22235,22235,22235,500
20211013091444,22240,22240,22240,22240,40
20211013091444,22235,22235,22235,22235,10
20211013091445,22235,22235,22235,22235,500
20211013091445,22235,22235,22235,22235,9
20211013091446,22240,22240,22240,22240,40
20211013091447,22230,22230,22230,22230,1
20211013091447,22235,22235,22235,22235,1
20211013091447,22230,22230,22230,22230,1
20211013091447,22235,22235,22235,22235,541
20211013091447,22230,22230,22230,22230,578
20211013091447,22230,22230,22230,22230,1520
20211013091447,22230,22230,22230,22230,728
20211013091447,22230,22230,22230,22230,1300
20211013091447,22230,22230,22230,22230,1900
20211013091447,22230,22230,22230,22230,200
20211013091447,22230,22230,22230,22230,4700
20211013091447,22230,22230,22230,22230,1000
20211013091447,22230,22230,22230,22230,4398
20211013091447,22225,22225,22225,22225,1
20211013091447,22225,22225,22225,22225,1
20211013091447,22230,22230,22230,22230,5
20211013091448,22225,22225,22225,22225,1
20211013091448,22225,22225,22225,22225,10
20211013091449,22225,22225,22225,22225,1
20211013091449,22225,22225,22225,22225,475
20211013091449,22225,22225,22225,22225,1
20211013091450,22220,22220,22220,22220,1
20211013091450,22225,22225,22225,22225,1
20211013091450,22220,22220,22220,22220,1
20211013091450,22225,22225,22225,22225,1
20211013091450,22220,22220,22220,22220,1
20211013091450,22225,22225,22225,22225,20
20211013091450,22220,22220,22220,22220,3366
20211013091450,22215,22215,22215,22215,2023
20211013091451,22215,22215,22215,22215,1
20211013091451,22220,22220,22220,22220,2150
20211013091451,22225,22225,22225,22225,20
20211013091451,22215,22215,22215,22215,51
20211013091451,22215,22215,22215,22215,17
20211013091452,22225,22225,22225,22225,1
20211013091452,22220,22220,22220,22220,90
20211013091452,22225,22225,22225,22225,11
20211013091453,22220,22220,22220,22220,212
20211013091453,22220,22220,22220,22220,1
20211013091453,22215,22215,22215,22215,130
20211013091453,22220,22220,22220,22220,1
20211013091454,22215,22215,22215,22215,10
20211013091454,22215,22215,22215,22215,150
20211013091454,22220,22220,22220,22220,1
20211013091454,22220,22220,22220,22220,5
20211013091455,22215,22215,22215,22215,1
20211013091455,22220,22220,22220,22220,1
20211013091455,22220,22220,22220,22220,1
20211013091456,22215,22215,22215,22215,31
20211013091456,22215,22215,22215,22215,1
20211013091456,22220,22220,22220,22220,1
20211013091457,22220,22220,22220,22220,1
20211013091457,22220,22220,22220,22220,5977
20211013091457,22220,22220,22220,22220,9726
20211013091457,22220,22220,22220,22220,643
20211013091457,22220,22220,22220,22220,100
20211013091457,22220,22220,22220,22220,4200
20211013091457,22220,22220,22220,22220,200
20211013091457,22220,22220,22220,22220,2149
20211013091457,22220,22220,22220,22220,1100
20211013091457,22220,22220,22220,22220,7800
20211013091457,22220,22220,22220,22220,2069
20211013091457,22220,22220,22220,22220,1
20211013091457,22220,22220,22220,22220,3000
20211013091457,22220,22220,22220,22220,30
20211013091458,22220,22220,22220,22220,1
20211013091458,22220,22220,22220,22220,1
20211013091458,22215,22215,22215,22215,19
20211013091458,22220,22220,22220,22220,1
20211013091458,22220,22220,22220,22220,1
20211013091500,22225,22225,22225,22225,1
20211013091500,22225,22225,22225,22225,2139
20211013091500,22230,22230,22230,22230,6
20211013091500,22230,22230,22230,22230,2237
20211013091500,22225,22225,22225,22225,60
20211013091501,22235,22235,22235,22235,1
20211013091502,22235,22235,22235,22235,1
20211013091503,22235,22235,22235,22235,1
20211013091503,22235,22235,22235,22235,5
20211013091504,22230,22230,22230,22230,2
20211013091504,22230,22230,22230,22230,1
20211013091504,22235,22235,22235,22235,1
20211013091504,22235,22235,22235,22235,1
20211013091505,22235,22235,22235,22235,5
20211013091506,22235,22235,22235,22235,1
20211013091506,22235,22235,22235,22235,2844
20211013091506,22235,22235,22235,22235,357
20211013091506,22240,22240,22240,22240,1
20211013091507,22235,22235,22235,22235,3000
20211013091507,22235,22235,22235,22235,1316
20211013091508,22235,22235,22235,22235,427
20211013091508,22230,22230,22230,22230,1
20211013091508,22230,22230,22230,22230,1
20211013091508,22235,22235,22235,22235,10
20211013091509,22225,22225,22225,22225,450
20211013091509,22225,22225,22225,22225,1
20211013091510,22235,22235,22235,22235,50
20211013091510,22235,22235,22235,22235,2
20211013091512,22235,22235,22235,22235,10
20211013091513,22225,22225,22225,22225,181
20211013091515,22230,22230,22230,22230,1
20211013091515,22230,22230,22230,22230,1
20211013091515,22230,22230,22230,22230,248
20211013091515,22235,22235,22235,22235,1
20211013091515,22230,22230,22230,22230,1
20211013091515,22235,22235,22235,22235,1
20211013091515,22230,22230,22230,22230,1
20211013091516,22235,22235,22235,22235,1
20211013091516,22230,22230,22230,22230,1
20211013091516,22230,22230,22230,22230,1787
20211013091516,22230,22230,22230,22230,368
20211013091516,22225,22225,22225,22225,1
20211013091516,22230,22230,22230,22230,100
20211013091517,22225,22225,22225,22225,1
20211013091517,22230,22230,22230,22230,1
20211013091517,22225,22225,22225,22225,1
20211013091517,22225,22225,22225,22225,31
20211013091517,22225,22225,22225,22225,1
20211013091518,22230,22230,22230,22230,150
20211013091519,22230,22230,22230,22230,1
20211013091520,22230,22230,22230,22230,500
20211013091520,22225,22225,22225,22225,1
20211013091520,22225,22225,22225,22225,1
20211013091520,22230,22230,22230,22230,1
20211013091521,22225,22225,22225,22225,1
20211013091521,22230,22230,22230,22230,7
20211013091521,22230,22230,22230,22230,1
20211013091521,22225,22225,22225,22225,1
20211013091522,22225,22225,22225,22225,1
20211013091522,22225,22225,22225,22225,500
20211013091523,22225,22225,22225,22225,100
20211013091523,22230,22230,22230,22230,368
20211013091523,22230,22230,22230,22230,387
20211013091523,22230,22230,22230,22230,11
20211013091524,22230,22230,22230,22230,10
20211013091524,22225,22225,22225,22225,20
20211013091525,22225,22225,22225,22225,10
20211013091525,22225,22225,22225,22225,100
20211013091526,22230,22230,22230,22230,240
20211013091527,22230,22230,22230,22230,1
20211013091527,22230,22230,22230,22230,1
20211013091527,22235,22235,22235,22235,1
20211013091527,22235,22235,22235,22235,1
20211013091527,22230,22230,22230,22230,441
20211013091527,22235,22235,22235,22235,10
20211013091528,22235,22235,22235,22235,1000
20211013091528,22230,22230,22230,22230,13
20211013091528,22230,22230,22230,22230,100
20211013091529,22235,22235,22235,22235,1
20211013091529,22230,22230,22230,22230,21
20211013091529,22230,22230,22230,22230,336
20211013091529,22230,22230,22230,22230,400
20211013091529,22230,22230,22230,22230,1946
20211013091530,22225,22225,22225,22225,1
20211013091530,22230,22230,22230,22230,1
20211013091530,22230,22230,22230,22230,2
20211013091531,22225,22225,22225,22225,1
20211013091533,22225,22225,22225,22225,2794
20211013091533,22220,22220,22220,22220,1
20211013091533,22220,22220,22220,22220,7047
20211013091533,22220,22220,22220,22220,1
20211013091533,22220,22220,22220,22220,1039
20211013091533,22220,22220,22220,22220,1
20211013091534,22225,22225,22225,22225,20
20211013091535,22220,22220,22220,22220,94
20211013091536,22220,22220,22220,22220,28
20211013091536,22215,22215,22215,22215,5
20211013091536,22220,22220,22220,22220,20
20211013091536,22220,22220,22220,22220,20
20211013091536,22220,22220,22220,22220,20
20211013091536,22215,22215,22215,22215,5
20211013091537,22220,22220,22220,22220,500
20211013091537,22220,22220,22220,22220,1
20211013091537,22220,22220,22220,22220,1
20211013091537,22220,22220,22220,22220,20
20211013091538,22215,22215,22215,22215,1
20211013091538,22215,22215,22215,22215,1
20211013091538,22215,22215,22215,22215,4219
20211013091538,22220,22220,22220,22220,20
20211013091538,22215,22215,22215,22215,500
20211013091538,22215,22215,22215,22215,20
20211013091539,22210,22210,22210,22210,1214
20211013091539,22215,22215,22215,22215,1000
20211013091539,22215,22215,22215,22215,20
20211013091540,22215,22215,22215,22215,20
20211013091541,22210,22210,22210,22210,5
20211013091541,22210,22210,22210,22210,1000
20211013091542,22210,22210,22210,22210,68
20211013091542,22210,22210,22210,22210,2822
20211013091542,22205,22205,22205,22205,1
20211013091542,22210,22210,22210,22210,700
20211013091542,22210,22210,22210,22210,1
20211013091542,22210,22210,22210,22210,1
20211013091542,22210,22210,22210,22210,1
20211013091542,22210,22210,22210,22210,1
20211013091542,22210,22210,22210,22210,1
20211013091542,22210,22210,22210,22210,1
20211013091542,22210,22210,22210,22210,21
20211013091542,22205,22205,22205,22205,60
20211013091543,22210,22210,22210,22210,1
20211013091543,22210,22210,22210,22210,1
20211013091543,22210,22210,22210,22210,140
20211013091544,22205,22205,22205,22205,99
20211013091544,22205,22205,22205,22205,200
20211013091544,22210,22210,22210,22210,58
20211013091544,22210,22210,22210,22210,1
20211013091544,22210,22210,22210,22210,20
20211013091545,22210,22210,22210,22210,80
20211013091545,22215,22215,22215,22215,934
20211013091545,22210,22210,22210,22210,100
20211013091545,22210,22210,22210,22210,332
20211013091545,22210,22210,22210,22210,500
20211013091545,22210,22210,22210,22210,25
20211013091546,22210,22210,22210,22210,522
20211013091546,22215,22215,22215,22215,1
20211013091546,22210,22210,22210,22210,1000
20211013091547,22215,22215,22215,22215,1
20211013091547,22215,22215,22215,22215,49
20211013091547,22215,22215,22215,22215,99
20211013091547,22220,22220,22220,22220,1
20211013091547,22220,22220,22220,22220,10
20211013091547,22220,22220,22220,22220,1103
20211013091547,22215,22215,22215,22215,30
20211013091548,22215,22215,22215,22215,5459
20211013091548,22215,22215,22215,22215,100
20211013091549,22215,22215,22215,22215,1
20211013091549,22215,22215,22215,22215,100
20211013091551,22215,22215,22215,22215,100
20211013091551,22215,22215,22215,22215,100
20211013091551,22220,22220,22220,22220,1
20211013091551,22220,22220,22220,22220,1
20211013091551,22220,22220,22220,22220,1878
20211013091552,22215,22215,22215,22215,5
20211013091552,22215,22215,22215,22215,24
20211013091552,22215,22215,22215,22215,62
20211013091553,22215,22215,22215,22215,100
20211013091553,22215,22215,22215,22215,500
20211013091554,22225,22225,22225,22225,11
20211013091555,22220,22220,22220,22220,1
20211013091555,22220,22220,22220,22220,1
20211013091556,22220,22220,22220,22220,214
20211013091556,22220,22220,22220,22220,1
20211013091556,22225,22225,22225,22225,1
20211013091556,22225,22225,22225,22225,2680
20211013091556,22225,22225,22225,22225,2515
20211013091557,22225,22225,22225,22225,1
20211013091557,22225,22225,22225,22225,30
20211013091557,22225,22225,22225,22225,1
20211013091558,22225,22225,22225,22225,200
20211013091558,22225,22225,22225,22225,8
20211013091558,22225,22225,22225,22225,100
20211013091559,22225,22225,22225,22225,22
20211013091559,22225,22225,22225,22225,2
20211013091600,22230,22230,22230,22230,1
20211013091601,22225,22225,22225,22225,2
20211013091601,22225,22225,22225,22225,1
20211013091602,22225,22225,22225,22225,100
20211013091603,22230,22230,22230,22230,1
20211013091603,22230,22230,22230,22230,1
20211013091603,22230,22230,22230,22230,5000
20211013091603,22230,22230,22230,22230,1228
20211013091604,22230,22230,22230,22230,730
20211013091605,22230,22230,22230,22230,20
20211013091605,22230,22230,22230,22230,100
20211013091605,22230,22230,22230,22230,100
20211013091605,22230,22230,22230,22230,1
20211013091605,22230,22230,22230,22230,3200
20211013091605,22230,22230,22230,22230,763
20211013091606,22235,22235,22235,22235,1
20211013091606,22235,22235,22235,22235,1
20211013091606,22235,22235,22235,22235,500
20211013091607,22230,22230,22230,22230,1
20211013091607,22235,22235,22235,22235,449
20211013091607,22235,22235,22235,22235,1
20211013091608,22235,22235,22235,22235,1
20211013091608,22235,22235,22235,22235,1
20211013091608,22230,22230,22230,22230,1
20211013091608,22230,22230,22230,22230,100
20211013091608,22230,22230,22230,22230,45
20211013091609,22230,22230,22230,22230,1
20211013091610,22230,22230,22230,22230,1
20211013091610,22225,22225,22225,22225,1
20211013091611,22230,22230,22230,22230,1
20211013091611,22230,22230,22230,22230,1611
20211013091611,22230,22230,22230,22230,10790
20211013091611,22230,22230,22230,22230,552
20211013091611,22235,22235,22235,22235,1
20211013091612,22230,22230,22230,22230,300
20211013091612,22235,22235,22235,22235,1
20211013091612,22230,22230,22230,22230,50
20211013091612,22235,22235,22235,22235,2
20211013091613,22230,22230,22230,22230,200
20211013091613,22235,22235,22235,22235,1
20211013091614,22235,22235,22235,22235,44
20211013091614,22230,22230,22230,22230,300
20211013091614,22235,22235,22235,22235,9291
20211013091614,22235,22235,22235,22235,5
20211013091614,22235,22235,22235,22235,250
20211013091615,22235,22235,22235,22235,6
20211013091615,22235,22235,22235,22235,100
20211013091615,22235,22235,22235,22235,1
20211013091615,22240,22240,22240,22240,1
20211013091616,22235,22235,22235,22235,700
20211013091616,22240,22240,22240,22240,44
20211013091616,22240,22240,22240,22240,500
20211013091616,22240,22240,22240,22240,5855
20211013091617,22240,22240,22240,22240,1
20211013091617,22240,22240,22240,22240,1
20211013091617,22245,22245,22245,22245,10
20211013091618,22240,22240,22240,22240,1
20211013091618,22245,22245,22245,22245,1
20211013091618,22245,22245,22245,22245,21248
20211013091618,22250,22250,22250,22250,10053
20211013091618,22250,22250,22250,22250,10054
20211013091618,22250,22250,22250,22250,5510
20211013091618,22250,22250,22250,22250,1
20211013091618,22250,22250,22250,22250,1
20211013091619,22245,22245,22245,22245,100
20211013091620,22250,22250,22250,22250,1
20211013091620,22255,22255,22255,22255,50
20211013091620,22255,22255,22255,22255,1
20211013091620,22255,22255,22255,22255,1
20211013091620,22250,22250,22250,22250,1
20211013091620,22255,22255,22255,22255,91
20211013091620,22250,22250,22250,22250,50
20211013091620,22250,22250,22250,22250,1
20211013091620,22250,22250,22250,22250,1
20211013091620,22250,22250,22250,22250,1
20211013091620,22250,22250,22250,22250,2150
20211013091620,22250,22250,22250,22250,711
20211013091620,22250,22250,22250,22250,1
20211013091620,22250,22250,22250,22250,1755
20211013091620,22250,22250,22250,22250,1
20211013091620,22250,22250,22250,22250,1
20211013091620,22250,22250,22250,22250,500
20211013091620,22250,22250,22250,22250,500
20211013091620,22250,22250,22250,22250,1
20211013091620,22250,22250,22250,22250,1
20211013091620,22250,22250,22250,22250,1
20211013091621,22250,22250,22250,22250,1
20211013091621,22250,22250,22250,22250,22
20211013091622,22255,22255,22255,22255,2
20211013091622,22255,22255,22255,22255,1
20211013091622,22255,22255,22255,22255,1
20211013091622,22255,22255,22255,22255,1
20211013091622,22255,22255,22255,22255,3046
20211013091622,22255,22255,22255,22255,1
20211013091622,22255,22255,22255,22255,3
20211013091623,22255,22255,22255,22255,1
20211013091623,22255,22255,22255,22255,2150
20211013091624,22260,22260,22260,22260,1
20211013091624,22250,22250,22250,22250,1754
20211013091624,22255,22255,22255,22255,1328
20211013091624,22255,22255,22255,22255,842
20211013091624,22260,22260,22260,22260,3774
20211013091624,22255,22255,22255,22255,10
20211013091624,22260,22260,22260,22260,2315
20211013091624,22255,22255,22255,22255,331
20211013091624,22260,22260,22260,22260,2341
20211013091625,22250,22250,22250,22250,16
20211013091625,22250,22250,22250,22250,1
20211013091625,22250,22250,22250,22250,2073
20211013091625,22250,22250,22250,22250,60
20211013091625,22250,22250,22250,22250,1
20211013091625,22250,22250,22250,22250,100
20211013091626,22245,22245,22245,22245,1
20211013091626,22245,22245,22245,22245,1
20211013091627,22250,22250,22250,22250,2
20211013091627,22245,22245,22245,22245,1
20211013091627,22245,22245,22245,22245,212
20211013091628,22240,22240,22240,22240,1
20211013091628,22245,22245,22245,22245,1
20211013091628,22245,22245,22245,22245,1
20211013091628,22240,22240,22240,22240,3
20211013091628,22245,22245,22245,22245,10
20211013091629,22240,22240,22240,22240,100
20211013091629,22245,22245,22245,22245,2926
20211013091630,22250,22250,22250,22250,1
20211013091630,22250,22250,22250,22250,1
20211013091630,22250,22250,22250,22250,1
20211013091630,22250,22250,22250,22250,4007
20211013091631,22250,22250,22250,22250,1
20211013091632,22250,22250,22250,22250,2150
20211013091632,22255,22255,22255,22255,27
20211013091632,22255,22255,22255,22255,35
20211013091633,22255,22255,22255,22255,50
20211013091633,22255,22255,22255,22255,7764
20211013091633,22255,22255,22255,22255,705
20211013091633,22255,22255,22255,22255,500
20211013091633,22255,22255,22255,22255,1031
20211013091633,22255,22255,22255,22255,500
20211013091633,22255,22255,22255,22255,8
20211013091634,22255,22255,22255,22255,1
20211013091634,22250,22250,22250,22250,600
20211013091634,22250,22250,22250,22250,1550
20211013091634,22250,22250,22250,22250,1
20211013091634,22255,22255,22255,22255,1
20211013091634,22250,22250,22250,22250,1
20211013091635,22255,22255,22255,22255,5
20211013091637,22250,22250,22250,22250,1
20211013091637,22250,22250,22250,22250,2149
20211013091637,22250,22250,22250,22250,1
20211013091638,22255,22255,22255,22255,151
20211013091638,22250,22250,22250,22250,5
20211013091639,22255,22255,22255,22255,20
20211013091639,22255,22255,22255,22255,5
20211013091639,22255,22255,22255,22255,10
20211013091640,22260,22260,22260,22260,5
20211013091640,22260,22260,22260,22260,200
20211013091640,22255,22255,22255,22255,100
20211013091641,22260,22260,22260,22260,1
20211013091641,22260,22260,22260,22260,843
20211013091641,22260,22260,22260,22260,2010
20211013091641,22260,22260,22260,22260,1
20211013091641,22260,22260,22260,22260,1
20211013091641,22260,22260,22260,22260,2780
20211013091641,22260,22260,22260,22260,300
20211013091641,22265,22265,22265,22265,1
20211013091641,22265,22265,22265,22265,305
20211013091641,22265,22265,22265,22265,2950
20211013091641,22265,22265,22265,22265,3
20211013091641,22260,22260,22260,22260,7
20211013091641,22260,22260,22260,22260,300
20211013091642,22265,22265,22265,22265,346
20211013091642,22265,22265,22265,22265,1
20211013091643,22265,22265,22265,22265,1
20211013091643,22265,22265,22265,22265,1
20211013091643,22265,22265,22265,22265,100
20211013091644,22260,22260,22260,22260,1
20211013091644,22260,22260,22260,22260,10
20211013091644,22265,22265,22265,22265,1
20211013091644,22265,22265,22265,22265,2059
20211013091644,22265,22265,22265,22265,5
20211013091644,22270,22270,22270,22270,20
20211013091644,22265,22265,22265,22265,1
20211013091644,22270,22270,22270,22270,20
20211013091645,22260,22260,22260,22260,500
20211013091645,22260,22260,22260,22260,5
20211013091646,22270,22270,22270,22270,100
20211013091646,22270,22270,22270,22270,5523
20211013091646,22270,22270,22270,22270,20
20211013091646,22275,22275,22275,22275,1
20211013091646,22275,22275,22275,22275,4
20211013091646,22275,22275,22275,22275,60
20211013091646,22275,22275,22275,22275,1
20211013091646,22275,22275,22275,22275,1
20211013091646,22270,22270,22270,22270,10
20211013091646,22270,22270,22270,22270,1
20211013091646,22275,22275,22275,22275,1
20211013091646,22270,22270,22270,22270,1
20211013091646,22270,22270,22270,22270,2150
20211013091646,22275,22275,22275,22275,50
20211013091646,22270,22270,22270,22270,584
20211013091646,22275,22275,22275,22275,271
20211013091646,22275,22275,22275,22275,1
20211013091646,22275,22275,22275,22275,2500
20211013091646,22275,22275,22275,22275,370
20211013091646,22275,22275,22275,22275,200
20211013091646,22275,22275,22275,22275,1
20211013091646,22275,22275,22275,22275,1
20211013091647,22270,22270,22270,22270,1
20211013091647,22270,22270,22270,22270,100
20211013091647,22270,22270,22270,22270,1
20211013091647,22275,22275,22275,22275,464
20211013091647,22270,22270,22270,22270,1
20211013091647,22270,22270,22270,22270,1
20211013091647,22275,22275,22275,22275,1
20211013091647,22275,22275,22275,22275,1
20211013091647,22275,22275,22275,22275,1
20211013091647,22270,22270,22270,22270,1
20211013091648,22270,22270,22270,22270,1
20211013091648,22275,22275,22275,22275,20
20211013091648,22270,22270,22270,22270,2
20211013091648,22275,22275,22275,22275,497
20211013091649,22280,22280,22280,22280,30
20211013091649,22275,22275,22275,22275,50
20211013091649,22280,22280,22280,22280,1327
20211013091649,22275,22275,22275,22275,2035
20211013091649,22270,22270,22270,22270,1
20211013091649,22275,22275,22275,22275,115
20211013091649,22280,22280,22280,22280,90
20211013091649,22280,22280,22280,22280,1000
20211013091649,22280,22280,22280,22280,1819
20211013091649,22280,22280,22280,22280,1
20211013091649,22280,22280,22280,22280,1
20211013091649,22280,22280,22280,22280,500
20211013091649,22280,22280,22280,22280,1
20211013091649,22280,22280,22280,22280,1
20211013091649,22280,22280,22280,22280,1
20211013091649,22280,22280,22280,22280,1
20211013091649,22280,22280,22280,22280,1
20211013091649,22280,22280,22280,22280,1
20211013091649,22280,22280,22280,22280,1
20211013091649,22280,22280,22280,22280,1
20211013091649,22280,22280,22280,22280,1
20211013091649,22280,22280,22280,22280,1
20211013091649,22280,22280,22280,22280,1
20211013091649,22280,22280,22280,22280,1
20211013091649,22280,22280,22280,22280,1
20211013091649,22280,22280,22280,22280,1
20211013091649,22280,22280,22280,22280,1
20211013091649,22280,22280,22280,22280,1
20211013091649,22280,22280,22280,22280,420
20211013091649,22280,22280,22280,22280,1
20211013091649,22280,22280,22280,22280,285
20211013091649,22280,22280,22280,22280,1
20211013091649,22280,22280,22280,22280,1
20211013091649,22280,22280,22280,22280,1
20211013091649,22280,22280,22280,22280,1
20211013091649,22280,22280,22280,22280,1
20211013091649,22280,22280,22280,22280,333
20211013091649,22280,22280,22280,22280,1
20211013091649,22280,22280,22280,22280,279
20211013091649,22280,22280,22280,22280,1
20211013091649,22280,22280,22280,22280,1
20211013091649,22280,22280,22280,22280,200
20211013091649,22280,22280,22280,22280,1
20211013091649,22280,22280,22280,22280,1
20211013091649,22280,22280,22280,22280,1
20211013091649,22280,22280,22280,22280,1
20211013091649,22280,22280,22280,22280,1
20211013091649,22280,22280,22280,22280,1
20211013091649,22280,22280,22280,22280,1
20211013091649,22280,22280,22280,22280,1
20211013091649,22280,22280,22280,22280,1
20211013091649,22280,22280,22280,22280,1
20211013091649,22280,22280,22280,22280,1
20211013091649,22280,22280,22280,22280,1
20211013091649,22280,22280,22280,22280,1
20211013091649,22280,22280,22280,22280,1
20211013091649,22280,22280,22280,22280,1
20211013091649,22280,22280,22280,22280,1
20211013091649,22280,22280,22280,22280,1
20211013091649,22280,22280,22280,22280,1
20211013091649,22280,22280,22280,22280,1
20211013091649,22280,22280,22280,22280,1
20211013091649,22280,22280,22280,22280,1
20211013091649,22280,22280,22280,22280,1
20211013091649,22280,22280,22280,22280,1
20211013091649,22280,22280,22280,22280,1
20211013091649,22280,22280,22280,22280,1
20211013091649,22280,22280,22280,22280,1
20211013091649,22280,22280,22280,22280,1
20211013091649,22280,22280,22280,22280,1
20211013091649,22280,22280,22280,22280,1
20211013091649,22280,22280,22280,22280,1
20211013091649,22280,22280,22280,22280,1
20211013091649,22280,22280,22280,22280,1
20211013091649,22280,22280,22280,22280,1
20211013091649,22280,22280,22280,22280,1
20211013091649,22280,22280,22280,22280,1
20211013091649,22280,22280,22280,22280,1
20211013091649,22280,22280,22280,22280,1
20211013091649,22280,22280,22280,22280,1
20211013091649,22280,22280,22280,22280,1
20211013091649,22280,22280,22280,22280,1
20211013091649,22280,22280,22280,22280,1
20211013091649,22280,22280,22280,22280,1
20211013091649,22280,22280,22280,22280,1
20211013091649,22280,22280,22280,22280,1
20211013091649,22280,22280,22280,22280,1
20211013091649,22280,22280,22280,22280,1
20211013091649,22280,22280,22280,22280,1
20211013091649,22280,22280,22280,22280,1
20211013091649,22280,22280,22280,22280,246
20211013091649,22280,22280,22280,22280,1
20211013091649,22280,22280,22280,22280,1
20211013091649,22280,22280,22280,22280,1
20211013091649,22280,22280,22280,22280,1
20211013091649,22280,22280,22280,22280,1
20211013091649,22280,22280,22280,22280,1
20211013091649,22280,22280,22280,22280,1
20211013091649,22280,22280,22280,22280,1
20211013091649,22280,22280,22280,22280,1
20211013091649,22280,22280,22280,22280,1
20211013091649,22280,22280,22280,22280,1
20211013091649,22280,22280,22280,22280,2010
20211013091649,22280,22280,22280,22280,747
20211013091649,22280,22280,22280,22280,747
20211013091649,22280,22280,22280,22280,1314
20211013091649,22280,22280,22280,22280,10
20211013091650,22280,22280,22280,22280,20
20211013091650,22275,22275,22275,22275,1
20211013091650,22270,22270,22270,22270,49
20211013091650,22280,22280,22280,22280,2339
20211013091650,22275,22275,22275,22275,200
20211013091650,22275,22275,22275,22275,681
20211013091650,22280,22280,22280,22280,28
20211013091650,22275,22275,22275,22275,2150
20211013091652,22280,22280,22280,22280,10
20211013091652,22280,22280,22280,22280,500
20211013091652,22280,22280,22280,22280,1700
20211013091653,22280,22280,22280,22280,20
20211013091653,22280,22280,22280,22280,1
20211013091653,22280,22280,22280,22280,3054
20211013091653,22280,22280,22280,22280,1
20211013091653,22280,22280,22280,22280,1924
20211013091653,22285,22285,22285,22285,50
20211013091653,22285,22285,22285,22285,1
20211013091653,22285,22285,22285,22285,1
20211013091653,22280,22280,22280,22280,1
20211013091653,22280,22280,22280,22280,45
20211013091654,22280,22280,22280,22280,2
20211013091654,22280,22280,22280,22280,1
20211013091654,22280,22280,22280,22280,1
20211013091654,22280,22280,22280,22280,1
20211013091654,22280,22280,22280,22280,1
20211013091654,22280,22280,22280,22280,1
20211013091654,22280,22280,22280,22280,1
20211013091654,22280,22280,22280,22280,1
20211013091654,22280,22280,22280,22280,1
20211013091654,22280,22280,22280,22280,1
20211013091654,22280,22280,22280,22280,1
20211013091654,22280,22280,22280,22280,1
20211013091654,22280,22280,22280,22280,37
20211013091654,22280,22280,22280,22280,2150
20211013091655,22285,22285,22285,22285,1
20211013091655,22285,22285,22285,22285,512
20211013091655,22285,22285,22285,22285,1
20211013091655,22285,22285,22285,22285,1345
20211013091656,22285,22285,22285,22285,1
20211013091656,22285,22285,22285,22285,37
20211013091656,22285,22285,22285,22285,89
20211013091656,22280,22280,22280,22280,1
20211013091656,22280,22280,22280,22280,23
20211013091657,22285,22285,22285,22285,5
20211013091657,22285,22285,22285,22285,791
20211013091657,22285,22285,22285,22285,1
20211013091657,22285,22285,22285,22285,253
20211013091657,22285,22285,22285,22285,5
20211013091658,22285,22285,22285,22285,12
20211013091658,22285,22285,22285,22285,1
20211013091658,22290,22290,22290,22290,10
20211013091658,22285,22285,22285,22285,500
20211013091659,22285,22285,22285,22285,2
20211013091700,22290,22290,22290,22290,4
20211013091700,22290,22290,22290,22290,7
20211013091700,22290,22290,22290,22290,15
20211013091700,22285,22285,22285,22285,1
20211013091701,22285,22285,22285,22285,800
20211013091701,22285,22285,22285,22285,60
20211013091701,22285,22285,22285,22285,7
20211013091701,22290,22290,22290,22290,600
20211013091701,22285,22285,22285,22285,22
20211013091701,22290,22290,22290,22290,28
20211013091701,22290,22290,22290,22290,250
20211013091701,22290,22290,22290,22290,1
20211013091701,22285,22285,22285,22285,100
20211013091702,22285,22285,22285,22285,300
20211013091702,22285,22285,22285,22285,1
20211013091702,22285,22285,22285,22285,1
20211013091702,22285,22285,22285,22285,1
20211013091702,22285,22285,22285,22285,920
20211013091702,22285,22285,22285,22285,1
20211013091702,22285,22285,22285,22285,1889
20211013091702,22285,22285,22285,22285,1
20211013091703,22290,22290,22290,22290,100
20211013091703,22285,22285,22285,22285,1
20211013091703,22285,22285,22285,22285,10
20211013091703,22285,22285,22285,22285,1
20211013091703,22285,22285,22285,22285,1
20211013091703,22285,22285,22285,22285,50
20211013091704,22285,22285,22285,22285,1
20211013091704,22285,22285,22285,22285,113
20211013091704,22285,22285,22285,22285,1
20211013091704,22285,22285,22285,22285,6380
20211013091704,22285,22285,22285,22285,5
20211013091705,22285,22285,22285,22285,1
20211013091705,22285,22285,22285,22285,50
20211013091705,22285,22285,22285,22285,1
20211013091705,22285,22285,22285,22285,10
20211013091705,22285,22285,22285,22285,100
20211013091705,22285,22285,22285,22285,25
20211013091706,22280,22280,22280,22280,1
20211013091706,22280,22280,22280,22280,1
20211013091706,22280,22280,22280,22280,1667
20211013091706,22285,22285,22285,22285,1
20211013091706,22280,22280,22280,22280,1000
20211013091706,22285,22285,22285,22285,1
20211013091706,22285,22285,22285,22285,1
20211013091707,22285,22285,22285,22285,40
20211013091707,22280,22280,22280,22280,5
20211013091708,22280,22280,22280,22280,10
20211013091708,22280,22280,22280,22280,500
20211013091708,22285,22285,22285,22285,44
20211013091709,22285,22285,22285,22285,1000
20211013091709,22280,22280,22280,22280,5
20211013091709,22285,22285,22285,22285,10
20211013091709,22285,22285,22285,22285,60
20211013091709,22285,22285,22285,22285,12
20211013091709,22290,22290,22290,22290,8
20211013091709,22285,22285,22285,22285,150
20211013091709,22285,22285,22285,22285,1
20211013091709,22285,22285,22285,22285,1
20211013091710,22290,22290,22290,22290,44
20211013091710,22290,22290,22290,22290,1
20211013091710,22290,22290,22290,22290,6
20211013091710,22285,22285,22285,22285,24
20211013091710,22285,22285,22285,22285,50
20211013091710,22280,22280,22280,22280,100
20211013091710,22285,22285,22285,22285,1
20211013091711,22285,22285,22285,22285,1
20211013091711,22285,22285,22285,22285,1
20211013091711,22285,22285,22285,22285,1218
20211013091711,22285,22285,22285,22285,1
20211013091712,22285,22285,22285,22285,10
20211013091712,22290,22290,22290,22290,1
20211013091712,22290,22290,22290,22290,1
20211013091712,22290,22290,22290,22290,1
20211013091712,22290,22290,22290,22290,16242
20211013091712,22295,22295,22295,22295,1
20211013091713,22295,22295,22295,22295,1326
20211013091713,22295,22295,22295,22295,4608
20211013091713,22295,22295,22295,22295,20
20211013091713,22295,22295,22295,22295,2311
20211013091713,22290,22290,22290,22290,2
20211013091713,22290,22290,22290,22290,1
20211013091713,22295,22295,22295,22295,900
20211013091713,22295,22295,22295,22295,1
20211013091713,22295,22295,22295,22295,1
20211013091713,22295,22295,22295,22295,1
20211013091713,22295,22295,22295,22295,1
20211013091713,22295,22295,22295,22295,1
20211013091713,22295,22295,22295,22295,1
20211013091713,22295,22295,22295,22295,1
20211013091713,22295,22295,22295,22295,1
20211013091713,22295,22295,22295,22295,1
20211013091713,22295,22295,22295,22295,1
20211013091713,22295,22295,22295,22295,1
20211013091713,22295,22295,22295,22295,1
20211013091713,22295,22295,22295,22295,1
20211013091713,22295,22295,22295,22295,1
20211013091713,22295,22295,22295,22295,1
20211013091713,22295,22295,22295,22295,1
20211013091713,22295,22295,22295,22295,1
20211013091713,22295,22295,22295,22295,1
20211013091713,22295,22295,22295,22295,1
20211013091713,22295,22295,22295,22295,1
20211013091713,22295,22295,22295,22295,1
20211013091713,22295,22295,22295,22295,1
20211013091713,22295,22295,22295,22295,1
20211013091713,22295,22295,22295,22295,1
20211013091713,22295,22295,22295,22295,1
20211013091713,22295,22295,22295,22295,1
20211013091713,22295,22295,22295,22295,1
20211013091713,22295,22295,22295,22295,1
20211013091713,22295,22295,22295,22295,1
20211013091713,22295,22295,22295,22295,1
20211013091713,22295,22295,22295,22295,1
20211013091713,22295,22295,22295,22295,1
20211013091713,22295,22295,22295,22295,1
20211013091713,22295,22295,22295,22295,1
20211013091713,22295,22295,22295,22295,1
20211013091713,22295,22295,22295,22295,1
20211013091713,22295,22295,22295,22295,1
20211013091713,22295,22295,22295,22295,1
20211013091713,22295,22295,22295,22295,1
20211013091713,22295,22295,22295,22295,1
20211013091713,22295,22295,22295,22295,1
20211013091713,22295,22295,22295,22295,1
20211013091713,22295,22295,22295,22295,1
20211013091713,22295,22295,22295,22295,1
20211013091713,22295,22295,22295,22295,1
20211013091713,22295,22295,22295,22295,1
20211013091713,22295,22295,22295,22295,1
20211013091713,22295,22295,22295,22295,1
20211013091713,22295,22295,22295,22295,242
20211013091713,22295,22295,22295,22295,1
20211013091713,22295,22295,22295,22295,1
20211013091713,22295,22295,22295,22295,1
20211013091713,22295,22295,22295,22295,1
20211013091713,22295,22295,22295,22295,1
20211013091713,22295,22295,22295,22295,1
20211013091713,22295,22295,22295,22295,1
20211013091713,22295,22295,22295,22295,1
20211013091713,22295,22295,22295,22295,1
20211013091713,22295,22295,22295,22295,1
20211013091713,22295,22295,22295,22295,1
20211013091713,22295,22295,22295,22295,1
20211013091713,22295,22295,22295,22295,1
20211013091713,22295,22295,22295,22295,1
20211013091713,22295,22295,22295,22295,215
20211013091713,22295,22295,22295,22295,1
20211013091713,22295,22295,22295,22295,1
20211013091713,22295,22295,22295,22295,1
20211013091713,22295,22295,22295,22295,1
20211013091713,22295,22295,22295,22295,1
20211013091713,22295,22295,22295,22295,1
20211013091713,22295,22295,22295,22295,1
20211013091713,22295,22295,22295,22295,1
20211013091713,22295,22295,22295,22295,1
20211013091713,22295,22295,22295,22295,1
20211013091713,22295,22295,22295,22295,1
20211013091713,22295,22295,22295,22295,245
20211013091713,22295,22295,22295,22295,1
20211013091713,22295,22295,22295,22295,1
20211013091713,22295,22295,22295,22295,1
20211013091713,22295,22295,22295,22295,1
20211013091713,22295,22295,22295,22295,1
20211013091713,22295,22295,22295,22295,1
20211013091713,22295,22295,22295,22295,1
20211013091713,22295,22295,22295,22295,1
20211013091713,22295,22295,22295,22295,1
20211013091713,22295,22295,22295,22295,1
20211013091713,22295,22295,22295,22295,240
20211013091713,22295,22295,22295,22295,1
20211013091713,22295,22295,22295,22295,412
20211013091713,22295,22295,22295,22295,28
20211013091714,22290,22290,22290,22290,1
20211013091715,22290,22290,22290,22290,128
20211013091715,22290,22290,22290,22290,1
20211013091717,22295,22295,22295,22295,28
20211013091717,22290,22290,22290,22290,10
20211013091717,22290,22290,22290,22290,2
20211013091718,22290,22290,22290,22290,1
20211013091718,22290,22290,22290,22290,2117
20211013091718,22290,22290,22290,22290,257
20211013091719,22295,22295,22295,22295,28
20211013091719,22295,22295,22295,22295,884
20211013091720,22290,22290,22290,22290,200
20211013091720,22295,22295,22295,22295,1286
20211013091720,22290,22290,22290,22290,50
20211013091721,22290,22290,22290,22290,3
20211013091722,22295,22295,22295,22295,1
20211013091723,22290,22290,22290,22290,500
20211013091723,22290,22290,22290,22290,10
20211013091724,22295,22295,22295,22295,2085
20211013091724,22295,22295,22295,22295,1
20211013091724,22295,22295,22295,22295,2085
20211013091724,22295,22295,22295,22295,4681
20211013091725,22295,22295,22295,22295,25
20211013091725,22300,22300,22300,22300,1
20211013091725,22300,22300,22300,22300,1
20211013091725,22300,22300,22300,22300,1
20211013091725,22300,22300,22300,22300,1
20211013091725,22300,22300,22300,22300,1
20211013091725,22300,22300,22300,22300,2085
20211013091725,22300,22300,22300,22300,448
20211013091725,22295,22295,22295,22295,100
20211013091725,22295,22295,22295,22295,2
20211013091725,22295,22295,22295,22295,50
20211013091726,22300,22300,22300,22300,30
20211013091726,22300,22300,22300,22300,1
20211013091727,22300,22300,22300,22300,1
20211013091727,22300,22300,22300,22300,2085
20211013091727,22300,22300,22300,22300,9896
20211013091727,22300,22300,22300,22300,10790
20211013091727,22300,22300,22300,22300,8851
20211013091727,22300,22300,22300,22300,10790
20211013091727,22300,22300,22300,22300,9648
20211013091727,22300,22300,22300,22300,30
20211013091727,22300,22300,22300,22300,92
20211013091727,22300,22300,22300,22300,10
20211013091727,22300,22300,22300,22300,100
20211013091727,22305,22305,22305,22305,1
20211013091727,22305,22305,22305,22305,91
20211013091728,22295,22295,22295,22295,5
20211013091728,22295,22295,22295,22295,2
20211013091728,22305,22305,22305,22305,2
20211013091728,22305,22305,22305,22305,797
20211013091728,22300,22300,22300,22300,5
20211013091728,22300,22300,22300,22300,100
20211013091728,22305,22305,22305,22305,736
20211013091728,22305,22305,22305,22305,3
20211013091729,22305,22305,22305,22305,261
20211013091729,22310,22310,22310,22310,1000
20211013091729,22300,22300,22300,22300,300
20211013091730,22300,22300,22300,22300,30
20211013091730,22305,22305,22305,22305,1
20211013091730,22310,22310,22310,22310,1
20211013091730,22305,22305,22305,22305,13
20211013091730,22305,22305,22305,22305,5
20211013091730,22305,22305,22305,22305,12
20211013091730,22305,22305,22305,22305,50
20211013091730,22305,22305,22305,22305,500
20211013091730,22305,22305,22305,22305,1
20211013091730,22305,22305,22305,22305,1
20211013091731,22305,22305,22305,22305,1000
20211013091731,22305,22305,22305,22305,1
20211013091731,22305,22305,22305,22305,10
20211013091731,22305,22305,22305,22305,1
20211013091731,22305,22305,22305,22305,2033
20211013091731,22305,22305,22305,22305,1374
20211013091732,22305,22305,22305,22305,200
20211013091732,22305,22305,22305,22305,10
20211013091733,22310,22310,22310,22310,250
20211013091733,22310,22310,22310,22310,28
20211013091733,22310,22310,22310,22310,20
20211013091733,22310,22310,22310,22310,1
20211013091733,22310,22310,22310,22310,1
20211013091733,22310,22310,22310,22310,1
20211013091733,22310,22310,22310,22310,1
20211013091733,22310,22310,22310,22310,1
20211013091733,22310,22310,22310,22310,1
20211013091733,22310,22310,22310,22310,1
20211013091733,22310,22310,22310,22310,1
20211013091733,22310,22310,22310,22310,1
20211013091734,22305,22305,22305,22305,1
20211013091734,22305,22305,22305,22305,1
20211013091734,22310,22310,22310,22310,1
20211013091734,22305,22305,22305,22305,50
20211013091734,22305,22305,22305,22305,50
20211013091734,22305,22305,22305,22305,2
20211013091734,22310,22310,22310,22310,1
20211013091734,22305,22305,22305,22305,45
20211013091734,22305,22305,22305,22305,7
20211013091734,22310,22310,22310,22310,1
20211013091735,22310,22310,22310,22310,1
20211013091735,22305,22305,22305,22305,100
20211013091735,22310,22310,22310,22310,1
20211013091735,22310,22310,22310,22310,1
20211013091735,22305,22305,22305,22305,1
20211013091735,22305,22305,22305,22305,3214
20211013091735,22305,22305,22305,22305,1683
20211013091735,22305,22305,22305,22305,1
20211013091736,22305,22305,22305,22305,1
20211013091736,22300,22300,22300,22300,1000
20211013091736,22300,22300,22300,22300,1100
20211013091736,22300,22300,22300,22300,1100
20211013091736,22300,22300,22300,22300,235
20211013091736,22300,22300,22300,22300,1
20211013091736,22295,22295,22295,22295,1
20211013091736,22295,22295,22295,22295,1
20211013091736,22305,22305,22305,22305,1
20211013091737,22305,22305,22305,22305,1
20211013091737,22300,22300,22300,22300,1
20211013091737,22305,22305,22305,22305,11
20211013091737,22305,22305,22305,22305,1
20211013091737,22300,22300,22300,22300,5
20211013091738,22305,22305,22305,22305,10
20211013091738,22305,22305,22305,22305,10
20211013091738,22305,22305,22305,22305,28
20211013091739,22305,22305,22305,22305,100
20211013091739,22300,22300,22300,22300,1
20211013091739,22300,22300,22300,22300,113
20211013091739,22300,22300,22300,22300,1
20211013091739,22295,22295,22295,22295,1
20211013091739,22295,22295,22295,22295,1
20211013091739,22300,22300,22300,22300,44
20211013091739,22300,22300,22300,22300,1
20211013091739,22300,22300,22300,22300,500
20211013091739,22305,22305,22305,22305,1660
20211013091739,22300,22300,22300,22300,1
20211013091741,22305,22305,22305,22305,500
20211013091741,22305,22305,22305,22305,500
20211013091741,22305,22305,22305,22305,50
20211013091741,22305,22305,22305,22305,11
20211013091741,22300,22300,22300,22300,5
20211013091741,22300,22300,22300,22300,1
20211013091741,22300,22300,22300,22300,4
20211013091741,22300,22300,22300,22300,6
20211013091742,22305,22305,22305,22305,10
20211013091742,22300,22300,22300,22300,1
20211013091742,22300,22300,22300,22300,391
20211013091742,22300,22300,22300,22300,1
20211013091742,22300,22300,22300,22300,50
20211013091742,22305,22305,22305,22305,100
20211013091742,22305,22305,22305,22305,1
20211013091743,22300,22300,22300,22300,959
20211013091743,22305,22305,22305,22305,50
20211013091743,22300,22300,22300,22300,2
20211013091743,22300,22300,22300,22300,500
20211013091743,22300,22300,22300,22300,1
20211013091743,22300,22300,22300,22300,195
20211013091743,22305,22305,22305,22305,946
20211013091744,22300,22300,22300,22300,1
20211013091744,22300,22300,22300,22300,9
20211013091745,22305,22305,22305,22305,77
20211013091745,22305,22305,22305,22305,1
20211013091745,22305,22305,22305,22305,22
20211013091745,22305,22305,22305,22305,78
20211013091745,22305,22305,22305,22305,4
20211013091746,22305,22305,22305,22305,50
20211013091746,22305,22305,22305,22305,2
20211013091747,22300,22300,22300,22300,299
20211013091747,22305,22305,22305,22305,28
20211013091747,22305,22305,22305,22305,5
20211013091747,22305,22305,22305,22305,1
20211013091748,22305,22305,22305,22305,1
20211013091748,22300,22300,22300,22300,1
20211013091748,22305,22305,22305,22305,1
20211013091748,22305,22305,22305,22305,1
20211013091748,22305,22305,22305,22305,1
20211013091749,22305,22305,22305,22305,1
20211013091749,22300,22300,22300,22300,50
20211013091750,22300,22300,22300,22300,20
20211013091750,22300,22300,22300,22300,1
20211013091751,22305,22305,22305,22305,1
20211013091751,22300,22300,22300,22300,1
20211013091751,22300,22300,22300,22300,300
20211013091752,22300,22300,22300,22300,1
20211013091752,22300,22300,22300,22300,1
20211013091752,22300,22300,22300,22300,50
20211013091753,22300,22300,22300,22300,50
20211013091753,22300,22300,22300,22300,1
20211013091754,22305,22305,22305,22305,50
20211013091754,22300,22300,22300,22300,1
20211013091754,22300,22300,22300,22300,1
20211013091754,22305,22305,22305,22305,668
20211013091755,22305,22305,22305,22305,1
20211013091755,22305,22305,22305,22305,331
20211013091755,22310,22310,22310,22310,100
20211013091755,22305,22305,22305,22305,44
20211013091755,22300,22300,22300,22300,6
20211013091756,22305,22305,22305,22305,433
20211013091756,22305,22305,22305,22305,1
20211013091756,22300,22300,22300,22300,90
20211013091756,22300,22300,22300,22300,10
20211013091757,22305,22305,22305,22305,100
20211013091757,22300,22300,22300,22300,84
20211013091759,22305,22305,22305,22305,100
20211013091759,22305,22305,22305,22305,1
20211013091759,22305,22305,22305,22305,1140
20211013091759,22300,22300,22300,22300,10
20211013091759,22300,22300,22300,22300,1900
20211013091801,22300,22300,22300,22300,20
20211013091801,22305,22305,22305,22305,2
20211013091802,22305,22305,22305,22305,500
20211013091803,22300,22300,22300,22300,300
20211013091803,22300,22300,22300,22300,2
20211013091804,22305,22305,22305,22305,100
20211013091804,22300,22300,22300,22300,1
20211013091804,22305,22305,22305,22305,200
20211013091805,22305,22305,22305,22305,1
20211013091805,22305,22305,22305,22305,10
20211013091805,22305,22305,22305,22305,4225
20211013091806,22305,22305,22305,22305,15
20211013091806,22305,22305,22305,22305,100
20211013091806,22305,22305,22305,22305,50
20211013091806,22310,22310,22310,22310,1
20211013091806,22305,22305,22305,22305,100
20211013091806,22305,22305,22305,22305,2
20211013091806,22305,22305,22305,22305,100
20211013091807,22310,22310,22310,22310,1
20211013091807,22310,22310,22310,22310,1
20211013091807,22305,22305,22305,22305,100
20211013091808,22310,22310,22310,22310,50
20211013091809,22310,22310,22310,22310,1
20211013091809,22305,22305,22305,22305,2
20211013091809,22305,22305,22305,22305,4
20211013091809,22305,22305,22305,22305,1
20211013091809,22305,22305,22305,22305,200
20211013091809,22305,22305,22305,22305,3
20211013091810,22310,22310,22310,22310,5
20211013091810,22305,22305,22305,22305,5
20211013091810,22305,22305,22305,22305,1
20211013091810,22305,22305,22305,22305,1
20211013091810,22305,22305,22305,22305,500
20211013091810,22310,22310,22310,22310,1
20211013091810,22310,22310,22310,22310,1
20211013091811,22305,22305,22305,22305,1
20211013091811,22310,22310,22310,22310,6
20211013091811,22305,22305,22305,22305,3
20211013091811,22305,22305,22305,22305,5
20211013091811,22305,22305,22305,22305,10
20211013091811,22310,22310,22310,22310,1
20211013091812,22305,22305,22305,22305,100
20211013091812,22310,22310,22310,22310,20
20211013091812,22310,22310,22310,22310,1
20211013091812,22305,22305,22305,22305,1
20211013091812,22310,22310,22310,22310,500
20211013091812,22310,22310,22310,22310,1
20211013091813,22310,22310,22310,22310,100
20211013091814,22305,22305,22305,22305,36
20211013091815,22310,22310,22310,22310,10
20211013091815,22305,22305,22305,22305,2019
20211013091815,22305,22305,22305,22305,281
20211013091815,22305,22305,22305,22305,1005
20211013091815,22300,22300,22300,22300,1
20211013091818,22300,22300,22300,22300,1
20211013091818,22300,22300,22300,22300,10
20211013091819,22300,22300,22300,22300,1
20211013091819,22305,22305,22305,22305,100
20211013091819,22305,22305,22305,22305,109
20211013091819,22305,22305,22305,22305,11
20211013091819,22305,22305,22305,22305,144
20211013091820,22300,22300,22300,22300,10
20211013091820,22305,22305,22305,22305,178
20211013091821,22310,22310,22310,22310,1
20211013091821,22305,22305,22305,22305,100
20211013091821,22305,22305,22305,22305,10
20211013091822,22310,22310,22310,22310,3262
20211013091822,22305,22305,22305,22305,100
20211013091822,22310,22310,22310,22310,1849
20211013091823,22305,22305,22305,22305,1
20211013091823,22305,22305,22305,22305,10
20211013091823,22310,22310,22310,22310,1
20211013091823,22310,22310,22310,22310,500
20211013091823,22310,22310,22310,22310,1
20211013091823,22310,22310,22310,22310,1
20211013091823,22310,22310,22310,22310,1
20211013091823,22310,22310,22310,22310,1
20211013091823,22310,22310,22310,22310,1
20211013091823,22310,22310,22310,22310,1
20211013091823,22305,22305,22305,22305,35
20211013091824,22310,22310,22310,22310,1
20211013091824,22310,22310,22310,22310,111
20211013091825,22310,22310,22310,22310,10
20211013091825,22310,22310,22310,22310,100
20211013091826,22310,22310,22310,22310,10
20211013091826,22310,22310,22310,22310,10
20211013091826,22315,22315,22315,22315,55
20211013091826,22310,22310,22310,22310,2
20211013091827,22315,22315,22315,22315,1326
20211013091827,22315,22315,22315,22315,1883
20211013091827,22315,22315,22315,22315,500
20211013091827,22315,22315,22315,22315,1
20211013091827,22315,22315,22315,22315,1
20211013091827,22315,22315,22315,22315,1
20211013091827,22315,22315,22315,22315,1
20211013091827,22315,22315,22315,22315,1
20211013091827,22315,22315,22315,22315,1
20211013091827,22315,22315,22315,22315,1
20211013091827,22315,22315,22315,22315,1
20211013091827,22315,22315,22315,22315,1
20211013091827,22315,22315,22315,22315,1
20211013091827,22315,22315,22315,22315,1
20211013091827,22315,22315,22315,22315,1
20211013091827,22315,22315,22315,22315,1
20211013091827,22315,22315,22315,22315,1
20211013091827,22315,22315,22315,22315,1
20211013091827,22315,22315,22315,22315,1
20211013091827,22315,22315,22315,22315,1
20211013091827,22315,22315,22315,22315,1
20211013091827,22315,22315,22315,22315,1
20211013091827,22315,22315,22315,22315,1
20211013091827,22315,22315,22315,22315,1
20211013091827,22315,22315,22315,22315,1
20211013091827,22315,22315,22315,22315,1
20211013091827,22315,22315,22315,22315,1
20211013091827,22315,22315,22315,22315,1
20211013091827,22315,22315,22315,22315,1
20211013091827,22315,22315,22315,22315,1
20211013091827,22315,22315,22315,22315,1
20211013091827,22315,22315,22315,22315,1
20211013091827,22315,22315,22315,22315,1
20211013091827,22315,22315,22315,22315,1
20211013091827,22315,22315,22315,22315,1
20211013091827,22315,22315,22315,22315,1
20211013091827,22315,22315,22315,22315,1
20211013091827,22315,22315,22315,22315,1
20211013091827,22315,22315,22315,22315,1
20211013091827,22315,22315,22315,22315,1
20211013091827,22315,22315,22315,22315,1
20211013091827,22315,22315,22315,22315,1
20211013091827,22315,22315,22315,22315,1
20211013091827,22315,22315,22315,22315,1
20211013091827,22315,22315,22315,22315,1
20211013091827,22315,22315,22315,22315,1
20211013091827,22315,22315,22315,22315,1
20211013091827,22315,22315,22315,22315,1
20211013091827,22315,22315,22315,22315,1
20211013091827,22315,22315,22315,22315,1
20211013091827,22315,22315,22315,22315,1
20211013091827,22315,22315,22315,22315,1
20211013091827,22315,22315,22315,22315,1
20211013091827,22315,22315,22315,22315,1
20211013091827,22315,22315,22315,22315,1
20211013091827,22315,22315,22315,22315,1
20211013091827,22315,22315,22315,22315,1
20211013091827,22315,22315,22315,22315,1
20211013091827,22315,22315,22315,22315,1
20211013091827,22315,22315,22315,22315,1
20211013091827,22315,22315,22315,22315,1
20211013091827,22315,22315,22315,22315,1
20211013091827,22315,22315,22315,22315,1
20211013091827,22315,22315,22315,22315,1
20211013091827,22315,22315,22315,22315,1
20211013091827,22315,22315,22315,22315,1
20211013091827,22315,22315,22315,22315,1
20211013091827,22315,22315,22315,22315,1
20211013091827,22315,22315,22315,22315,1
20211013091827,22315,22315,22315,22315,1
20211013091827,22315,22315,22315,22315,1
20211013091827,22315,22315,22315,22315,1
20211013091827,22315,22315,22315,22315,1
20211013091827,22315,22315,22315,22315,1
20211013091827,22315,22315,22315,22315,1
20211013091827,22315,22315,22315,22315,1
20211013091827,22315,22315,22315,22315,1
20211013091827,22315,22315,22315,22315,1
20211013091827,22315,22315,22315,22315,1
20211013091827,22315,22315,22315,22315,1
20211013091827,22315,22315,22315,22315,1
20211013091827,22315,22315,22315,22315,1
20211013091827,22315,22315,22315,22315,1
20211013091827,22315,22315,22315,22315,1
20211013091827,22315,22315,22315,22315,1
20211013091827,22315,22315,22315,22315,1
20211013091827,22315,22315,22315,22315,1
20211013091827,22315,22315,22315,22315,1
20211013091827,22315,22315,22315,22315,1
20211013091827,22315,22315,22315,22315,1
20211013091827,22315,22315,22315,22315,1
20211013091827,22315,22315,22315,22315,1
20211013091827,22315,22315,22315,22315,1
20211013091828,22320,22320,22320,22320,1
20211013091828,22320,22320,22320,22320,1
20211013091828,22320,22320,22320,22320,1
20211013091828,22320,22320,22320,22320,1
20211013091828,22320,22320,22320,22320,492
20211013091828,22320,22320,22320,22320,1
20211013091828,22315,22315,22315,22315,50
20211013091828,22320,22320,22320,22320,1
20211013091828,22315,22315,22315,22315,1
20211013091829,22320,22320,22320,22320,1
20211013091829,22315,22315,22315,22315,1
20211013091829,22315,22315,22315,22315,30
20211013091829,22320,22320,22320,22320,50
20211013091829,22315,22315,22315,22315,10
20211013091829,22320,22320,22320,22320,100
20211013091830,22315,22315,22315,22315,3
20211013091830,22315,22315,22315,22315,16
20211013091830,22315,22315,22315,22315,10
20211013091830,22320,22320,22320,22320,340
20211013091830,22315,22315,22315,22315,10
20211013091830,22320,22320,22320,22320,50
20211013091830,22320,22320,22320,22320,20
20211013091831,22315,22315,22315,22315,1
20211013091831,22315,22315,22315,22315,7121
20211013091831,22315,22315,22315,22315,2453
20211013091831,22315,22315,22315,22315,2
20211013091831,22310,22310,22310,22310,2
20211013091832,22315,22315,22315,22315,1
20211013091832,22310,22310,22310,22310,1
20211013091832,22310,22310,22310,22310,1
20211013091832,22310,22310,22310,22310,248
20211013091832,22310,22310,22310,22310,500
20211013091832,22310,22310,22310,22310,500
20211013091832,22310,22310,22310,22310,1
20211013091832,22310,22310,22310,22310,1
20211013091832,22305,22305,22305,22305,1
20211013091832,22310,22310,22310,22310,1
20211013091832,22310,22310,22310,22310,10
20211013091832,22305,22305,22305,22305,1
20211013091832,22310,22310,22310,22310,87
20211013091833,22315,22315,22315,22315,500
20211013091833,22315,22315,22315,22315,1
20211013091833,22305,22305,22305,22305,88
20211013091833,22305,22305,22305,22305,356
20211013091833,22305,22305,22305,22305,100
20211013091834,22305,22305,22305,22305,1
20211013091834,22300,22300,22300,22300,1
20211013091834,22305,22305,22305,22305,1
20211013091834,22300,22300,22300,22300,1
20211013091834,22300,22300,22300,22300,14
20211013091834,22300,22300,22300,22300,1
20211013091834,22300,22300,22300,22300,1
20211013091834,22305,22305,22305,22305,10
20211013091834,22305,22305,22305,22305,28
20211013091835,22305,22305,22305,22305,1
20211013091835,22305,22305,22305,22305,3
20211013091836,22305,22305,22305,22305,7
20211013091836,22310,22310,22310,22310,3
20211013091836,22305,22305,22305,22305,500
20211013091836,22300,22300,22300,22300,1
20211013091837,22305,22305,22305,22305,22
20211013091837,22305,22305,22305,22305,20
20211013091837,22305,22305,22305,22305,100
20211013091837,22300,22300,22300,22300,1
20211013091837,22300,22300,22300,22300,1
20211013091837,22300,22300,22300,22300,1
20211013091837,22300,22300,22300,22300,1
20211013091837,22300,22300,22300,22300,4104
20211013091837,22300,22300,22300,22300,900
20211013091838,22300,22300,22300,22300,450
20211013091838,22300,22300,22300,22300,448
20211013091838,22295,22295,22295,22295,1
20211013091838,22300,22300,22300,22300,1
20211013091839,22295,22295,22295,22295,4479
20211013091839,22295,22295,22295,22295,10
20211013091840,22295,22295,22295,22295,350
20211013091840,22295,22295,22295,22295,464
20211013091841,22295,22295,22295,22295,1286
20211013091841,22300,22300,22300,22300,1
20211013091842,22295,22295,22295,22295,896
20211013091842,22295,22295,22295,22295,1000
20211013091843,22300,22300,22300,22300,5
20211013091843,22295,22295,22295,22295,2
20211013091843,22300,22300,22300,22300,10
20211013091844,22300,22300,22300,22300,543
20211013091844,22300,22300,22300,22300,1
20211013091844,22305,22305,22305,22305,1
20211013091844,22305,22305,22305,22305,1
20211013091844,22305,22305,22305,22305,1
20211013091845,22305,22305,22305,22305,1
20211013091845,22300,22300,22300,22300,200
20211013091845,22305,22305,22305,22305,1
20211013091846,22305,22305,22305,22305,1404
20211013091846,22305,22305,22305,22305,50
20211013091847,22300,22300,22300,22300,756
20211013091848,22295,22295,22295,22295,150
20211013091848,22300,22300,22300,22300,20
20211013091850,22300,22300,22300,22300,20
20211013091850,22300,22300,22300,22300,5
20211013091850,22295,22295,22295,22295,100
20211013091850,22295,22295,22295,22295,1
20211013091851,22295,22295,22295,22295,1
20211013091851,22300,22300,22300,22300,545
20211013091851,22300,22300,22300,22300,136
20211013091851,22300,22300,22300,22300,1
20211013091851,22300,22300,22300,22300,1
20211013091851,22300,22300,22300,22300,1
20211013091851,22300,22300,22300,22300,1
20211013091851,22300,22300,22300,22300,1
20211013091851,22300,22300,22300,22300,1
20211013091851,22305,22305,22305,22305,1
20211013091852,22300,22300,22300,22300,126
20211013091853,22300,22300,22300,22300,40
20211013091853,22300,22300,22300,22300,500
20211013091853,22305,22305,22305,22305,177
20211013091853,22305,22305,22305,22305,1
20211013091853,22305,22305,22305,22305,3231
20211013091854,22305,22305,22305,22305,50
20211013091854,22305,22305,22305,22305,10
20211013091854,22305,22305,22305,22305,10
20211013091854,22310,22310,22310,22310,1
20211013091854,22310,22310,22310,22310,1
20211013091855,22305,22305,22305,22305,1
20211013091855,22305,22305,22305,22305,20
20211013091855,22310,22310,22310,22310,1
20211013091855,22310,22310,22310,22310,1
20211013091856,22305,22305,22305,22305,2215
20211013091856,22305,22305,22305,22305,185
20211013091856,22310,22310,22310,22310,100
20211013091856,22305,22305,22305,22305,5
20211013091857,22305,22305,22305,22305,20
20211013091857,22310,22310,22310,22310,1000
20211013091858,22305,22305,22305,22305,10
20211013091859,22305,22305,22305,22305,1
20211013091859,22305,22305,22305,22305,4
20211013091859,22305,22305,22305,22305,5
20211013091859,22300,22300,22300,22300,456
20211013091859,22305,22305,22305,22305,1
20211013091900,22305,22305,22305,22305,10
20211013091901,22310,22310,22310,22310,1
20211013091902,22305,22305,22305,22305,50
20211013091902,22305,22305,22305,22305,1
20211013091902,22305,22305,22305,22305,7999
20211013091902,22305,22305,22305,22305,500
20211013091903,22300,22300,22300,22300,1
20211013091903,22305,22305,22305,22305,1
20211013091903,22305,22305,22305,22305,4
20211013091903,22305,22305,22305,22305,10
20211013091903,22305,22305,22305,22305,50
20211013091904,22305,22305,22305,22305,89
20211013091904,22305,22305,22305,22305,341
20211013091905,22305,22305,22305,22305,1
20211013091906,22305,22305,22305,22305,475
20211013091906,22310,22310,22310,22310,1
20211013091907,22310,22310,22310,22310,5600
20211013091907,22305,22305,22305,22305,1
20211013091907,22310,22310,22310,22310,1
20211013091908,22305,22305,22305,22305,100
20211013091908,22310,22310,22310,22310,1
20211013091908,22305,22305,22305,22305,10
20211013091909,22305,22305,22305,22305,1
20211013091909,22305,22305,22305,22305,515
20211013091909,22310,22310,22310,22310,1000
20211013091911,22310,22310,22310,22310,1
20211013091911,22310,22310,22310,22310,10
20211013091912,22310,22310,22310,22310,1
20211013091912,22310,22310,22310,22310,1285
20211013091913,22310,22310,22310,22310,1
20211013091913,22310,22310,22310,22310,59
20211013091914,22310,22310,22310,22310,161
20211013091915,22310,22310,22310,22310,500
20211013091915,22310,22310,22310,22310,28
20211013091916,22305,22305,22305,22305,143
20211013091916,22305,22305,22305,22305,500
20211013091917,22305,22305,22305,22305,1
20211013091919,22305,22305,22305,22305,1000
20211013091919,22300,22300,22300,22300,178
20211013091920,22305,22305,22305,22305,5
20211013091921,22300,22300,22300,22300,1
20211013091921,22300,22300,22300,22300,1
20211013091922,22305,22305,22305,22305,10
20211013091923,22305,22305,22305,22305,1
20211013091924,22300,22300,22300,22300,10
20211013091924,22305,22305,22305,22305,2775
20211013091924,22305,22305,22305,22305,1
20211013091924,22305,22305,22305,22305,1
20211013091924,22305,22305,22305,22305,693
20211013091924,22305,22305,22305,22305,1
20211013091924,22305,22305,22305,22305,4929
20211013091924,22305,22305,22305,22305,2
20211013091925,22305,22305,22305,22305,98
20211013091925,22300,22300,22300,22300,1
20211013091925,22305,22305,22305,22305,5
20211013091925,22305,22305,22305,22305,2
20211013091926,22305,22305,22305,22305,2
20211013091926,22300,22300,22300,22300,100
20211013091926,22300,22300,22300,22300,20
20211013091926,22305,22305,22305,22305,66
20211013091926,22310,22310,22310,22310,4008
20211013091927,22310,22310,22310,22310,2
20211013091927,22305,22305,22305,22305,5
20211013091927,22300,22300,22300,22300,1
20211013091927,22305,22305,22305,22305,2
20211013091928,22305,22305,22305,22305,100
20211013091928,22305,22305,22305,22305,500
20211013091928,22305,22305,22305,22305,1
20211013091928,22305,22305,22305,22305,1
20211013091929,22305,22305,22305,22305,1
20211013091929,22305,22305,22305,22305,297
20211013091932,22305,22305,22305,22305,500
20211013091932,22305,22305,22305,22305,500
20211013091932,22305,22305,22305,22305,3000
20211013091932,22310,22310,22310,22310,22
20211013091932,22305,22305,22305,22305,100
20211013091933,22305,22305,22305,22305,10
20211013091933,22310,22310,22310,22310,1
20211013091934,22310,22310,22310,22310,1
20211013091934,22310,22310,22310,22310,1
20211013091934,22310,22310,22310,22310,1
20211013091935,22310,22310,22310,22310,1
20211013091935,22310,22310,22310,22310,2628
20211013091935,22310,22310,22310,22310,2000
20211013091935,22310,22310,22310,22310,200
20211013091935,22310,22310,22310,22310,300
20211013091936,22310,22310,22310,22310,1
20211013091936,22305,22305,22305,22305,1
20211013091936,22310,22310,22310,22310,600
20211013091936,22310,22310,22310,22310,1185
20211013091939,22305,22305,22305,22305,33
20211013091940,22310,22310,22310,22310,552
20211013091940,22315,22315,22315,22315,1
20211013091940,22315,22315,22315,22315,5415
20211013091940,22315,22315,22315,22315,100
20211013091940,22315,22315,22315,22315,2800
20211013091940,22315,22315,22315,22315,4099
20211013091940,22315,22315,22315,22315,500
20211013091940,22315,22315,22315,22315,30
20211013091941,22320,22320,22320,22320,1278
20211013091941,22320,22320,22320,22320,1
20211013091941,22320,22320,22320,22320,1
20211013091941,22315,22315,22315,22315,1
20211013091941,22320,22320,22320,22320,1
20211013091941,22320,22320,22320,22320,1
20211013091941,22320,22320,22320,22320,1
20211013091941,22320,22320,22320,22320,1
20211013091941,22315,22315,22315,22315,30
20211013091941,22320,22320,22320,22320,1
20211013091941,22320,22320,22320,22320,1
20211013091942,22315,22315,22315,22315,1
20211013091942,22315,22315,22315,22315,500
20211013091942,22315,22315,22315,22315,50
20211013091942,22320,22320,22320,22320,1
20211013091942,22320,22320,22320,22320,1
20211013091942,22320,22320,22320,22320,2085
20211013091942,22320,22320,22320,22320,1934
20211013091943,22320,22320,22320,22320,200
20211013091943,22320,22320,22320,22320,10
20211013091943,22320,22320,22320,22320,3400
20211013091943,22320,22320,22320,22320,1883
20211013091944,22320,22320,22320,22320,4640
20211013091945,22325,22325,22325,22325,4
20211013091945,22320,22320,22320,22320,30
20211013091945,22320,22320,22320,22320,5
20211013091945,22320,22320,22320,22320,10
20211013091945,22320,22320,22320,22320,50
20211013091946,22320,22320,22320,22320,1000
20211013091947,22325,22325,22325,22325,1
20211013091947,22320,22320,22320,22320,500
20211013091947,22325,22325,22325,22325,1019
20211013091947,22320,22320,22320,22320,5530
20211013091947,22320,22320,22320,22320,7
20211013091947,22325,22325,22325,22325,10
20211013091947,22320,22320,22320,22320,1
20211013091948,22320,22320,22320,22320,48
20211013091948,22325,22325,22325,22325,4
20211013091949,22325,22325,22325,22325,28
20211013091949,22325,22325,22325,22325,1
20211013091949,22320,22320,22320,22320,5
20211013091949,22325,22325,22325,22325,100
20211013091949,22325,22325,22325,22325,500
20211013091949,22325,22325,22325,22325,200
20211013091949,22325,22325,22325,22325,4180
20211013091949,22325,22325,22325,22325,20
20211013091949,22325,22325,22325,22325,10
20211013091950,22330,22330,22330,22330,1
20211013091950,22330,22330,22330,22330,1
20211013091950,22330,22330,22330,22330,2085
20211013091950,22330,22330,22330,22330,400
20211013091950,22330,22330,22330,22330,91
20211013091950,22330,22330,22330,22330,1
20211013091950,22330,22330,22330,22330,1
20211013091950,22330,22330,22330,22330,20
20211013091950,22330,22330,22330,22330,269
20211013091950,22330,22330,22330,22330,530
20211013091951,22335,22335,22335,22335,2327
20211013091951,22335,22335,22335,22335,1
20211013091951,22335,22335,22335,22335,230
20211013091951,22335,22335,22335,22335,1
20211013091951,22335,22335,22335,22335,1
20211013091951,22335,22335,22335,22335,1
20211013091951,22335,22335,22335,22335,2085
20211013091951,22335,22335,22335,22335,406
20211013091951,22335,22335,22335,22335,7805
20211013091951,22335,22335,22335,22335,12
20211013091951,22335,22335,22335,22335,1
20211013091951,22335,22335,22335,22335,1
20211013091951,22335,22335,22335,22335,1200
20211013091951,22335,22335,22335,22335,1000
20211013091951,22335,22335,22335,22335,29
20211013091951,22330,22330,22330,22330,1
20211013091951,22330,22330,22330,22330,1
20211013091952,22335,22335,22335,22335,2
20211013091952,22330,22330,22330,22330,1
20211013091952,22330,22330,22330,22330,1
20211013091952,22330,22330,22330,22330,11
20211013091952,22335,22335,22335,22335,45
20211013091952,22330,22330,22330,22330,1
20211013091952,22330,22330,22330,22330,900
20211013091952,22330,22330,22330,22330,1185
20211013091952,22335,22335,22335,22335,10
20211013091952,22330,22330,22330,22330,100
20211013091952,22330,22330,22330,22330,400
20211013091952,22335,22335,22335,22335,100
20211013091954,22335,22335,22335,22335,100
20211013091954,22330,22330,22330,22330,28
20211013091954,22325,22325,22325,22325,3
20211013091955,22330,22330,22330,22330,500
20211013091955,22330,22330,22330,22330,1
20211013091955,22330,22330,22330,22330,1
20211013091955,22330,22330,22330,22330,1
20211013091955,22330,22330,22330,22330,1
20211013091955,22330,22330,22330,22330,1
20211013091955,22330,22330,22330,22330,1
20211013091955,22330,22330,22330,22330,1
20211013091955,22330,22330,22330,22330,1
20211013091955,22330,22330,22330,22330,1
20211013091955,22330,22330,22330,22330,1
20211013091955,22330,22330,22330,22330,1
20211013091955,22330,22330,22330,22330,1
20211013091955,22330,22330,22330,22330,1
20211013091955,22330,22330,22330,22330,1
20211013091955,22330,22330,22330,22330,1
20211013091955,22330,22330,22330,22330,1
20211013091955,22330,22330,22330,22330,1
20211013091955,22330,22330,22330,22330,1
20211013091955,22330,22330,22330,22330,1
20211013091955,22330,22330,22330,22330,1
20211013091955,22330,22330,22330,22330,1
20211013091955,22330,22330,22330,22330,1
20211013091955,22330,22330,22330,22330,1
20211013091955,22330,22330,22330,22330,1
20211013091955,22330,22330,22330,22330,1
20211013091955,22330,22330,22330,22330,1
20211013091955,22330,22330,22330,22330,1
20211013091955,22330,22330,22330,22330,1
20211013091955,22330,22330,22330,22330,1
20211013091955,22330,22330,22330,22330,1
20211013091955,22330,22330,22330,22330,1
20211013091955,22330,22330,22330,22330,1
20211013091955,22330,22330,22330,22330,1
20211013091955,22330,22330,22330,22330,1
20211013091955,22330,22330,22330,22330,1
20211013091955,22330,22330,22330,22330,1
20211013091955,22330,22330,22330,22330,1
20211013091955,22330,22330,22330,22330,1
20211013091955,22330,22330,22330,22330,1
20211013091955,22330,22330,22330,22330,1
20211013091955,22330,22330,22330,22330,1
20211013091955,22330,22330,22330,22330,1
20211013091955,22330,22330,22330,22330,1
20211013091955,22330,22330,22330,22330,1
20211013091955,22330,22330,22330,22330,1
20211013091955,22330,22330,22330,22330,1
20211013091955,22330,22330,22330,22330,1
20211013091955,22330,22330,22330,22330,1
20211013091955,22330,22330,22330,22330,1
20211013091955,22330,22330,22330,22330,1
20211013091955,22330,22330,22330,22330,1
20211013091955,22330,22330,22330,22330,1
20211013091955,22330,22330,22330,22330,1
20211013091955,22330,22330,22330,22330,1
20211013091955,22330,22330,22330,22330,1
20211013091955,22330,22330,22330,22330,1
20211013091955,22330,22330,22330,22330,1
20211013091955,22330,22330,22330,22330,1
20211013091955,22330,22330,22330,22330,1
20211013091955,22330,22330,22330,22330,1
20211013091955,22330,22330,22330,22330,1
20211013091955,22330,22330,22330,22330,1
20211013091955,22330,22330,22330,22330,1
20211013091955,22330,22330,22330,22330,1
20211013091955,22330,22330,22330,22330,1
20211013091955,22330,22330,22330,22330,1
20211013091955,22330,22330,22330,22330,1
20211013091955,22330,22330,22330,22330,1
20211013091955,22330,22330,22330,22330,1
20211013091955,22330,22330,22330,22330,1
20211013091955,22330,22330,22330,22330,1
20211013091955,22330,22330,22330,22330,1
20211013091955,22330,22330,22330,22330,1
20211013091955,22330,22330,22330,22330,1
20211013091955,22330,22330,22330,22330,1
20211013091955,22330,22330,22330,22330,1
20211013091955,22330,22330,22330,22330,1
20211013091955,22330,22330,22330,22330,1
20211013091955,22330,22330,22330,22330,1
20211013091955,22330,22330,22330,22330,1
20211013091955,22330,22330,22330,22330,1
20211013091955,22330,22330,22330,22330,1
20211013091955,22330,22330,22330,22330,1
20211013091955,22330,22330,22330,22330,1
20211013091955,22330,22330,22330,22330,1
20211013091955,22330,22330,22330,22330,1
20211013091955,22330,22330,22330,22330,1
20211013091955,22330,22330,22330,22330,2413
20211013091955,22330,22330,22330,22330,10
20211013091956,22330,22330,22330,22330,1
20211013091956,22335,22335,22335,22335,1
20211013091957,22335,22335,22335,22335,380
20211013091957,22335,22335,22335,22335,60
20211013091957,22340,22340,22340,22340,1
20211013091957,22335,22335,22335,22335,1
20211013091957,22340,22340,22340,22340,28
20211013091958,22335,22335,22335,22335,1
20211013091958,22340,22340,22340,22340,1
20211013091958,22340,22340,22340,22340,1
20211013091958,22340,22340,22340,22340,1
20211013091958,22335,22335,22335,22335,500
20211013091958,22335,22335,22335,22335,21
20211013091958,22335,22335,22335,22335,1
20211013091958,22335,22335,22335,22335,1
20211013091958,22335,22335,22335,22335,500
20211013091958,22335,22335,22335,22335,2085
20211013091958,22335,22335,22335,22335,2413
20211013091959,22340,22340,22340,22340,200
20211013091959,22340,22340,22340,22340,1
20211013091959,22335,22335,22335,22335,50
20211013091959,22335,22335,22335,22335,1
20211013091959,22340,22340,22340,22340,1
20211013092000,22335,22335,22335,22335,1
20211013092000,22340,22340,22340,22340,1
20211013092000,22340,22340,22340,22340,2188
20211013092000,22345,22345,22345,22345,1
20211013092000,22340,22340,22340,22340,1
20211013092000,22340,22340,22340,22340,1
20211013092000,22340,22340,22340,22340,1
20211013092000,22345,22345,22345,22345,1
20211013092000,22340,22340,22340,22340,8
20211013092000,22345,22345,22345,22345,1
20211013092000,22345,22345,22345,22345,2085
20211013092000,22345,22345,22345,22345,2158
20211013092000,22345,22345,22345,22345,4
20211013092000,22345,22345,22345,22345,1494
20211013092000,22345,22345,22345,22345,1
20211013092000,22345,22345,22345,22345,1
20211013092001,22345,22345,22345,22345,10
20211013092001,22350,22350,22350,22350,1
20211013092001,22345,22345,22345,22345,10
20211013092001,22350,22350,22350,22350,20
20211013092001,22350,22350,22350,22350,1
20211013092001,22345,22345,22345,22345,1
20211013092001,22350,22350,22350,22350,1
20211013092002,22345,22345,22345,22345,1
20211013092002,22350,22350,22350,22350,1
20211013092002,22345,22345,22345,22345,1
20211013092002,22350,22350,22350,22350,20
20211013092002,22350,22350,22350,22350,1
20211013092002,22350,22350,22350,22350,1
20211013092003,22345,22345,22345,22345,1
20211013092003,22345,22345,22345,22345,3262
20211013092003,22350,22350,22350,22350,100
20211013092003,22350,22350,22350,22350,2
20211013092003,22350,22350,22350,22350,2
20211013092004,22350,22350,22350,22350,2
20211013092004,22350,22350,22350,22350,1
20211013092004,22350,22350,22350,22350,232
20211013092004,22350,22350,22350,22350,22
20211013092004,22345,22345,22345,22345,10
20211013092004,22350,22350,22350,22350,1190
20211013092004,22350,22350,22350,22350,1
20211013092005,22345,22345,22345,22345,1278
20211013092005,22350,22350,22350,22350,1
20211013092005,22350,22350,22350,22350,15433
20211013092005,22350,22350,22350,22350,500
20211013092005,22350,22350,22350,22350,500
20211013092005,22350,22350,22350,22350,1
20211013092005,22355,22355,22355,22355,20
20211013092005,22350,22350,22350,22350,1
20211013092005,22350,22350,22350,22350,1100
20211013092005,22350,22350,22350,22350,1
20211013092005,22350,22350,22350,22350,1
20211013092005,22350,22350,22350,22350,1
20211013092005,22350,22350,22350,22350,1
20211013092005,22350,22350,22350,22350,1
20211013092005,22350,22350,22350,22350,125
20211013092005,22350,22350,22350,22350,1
20211013092005,22350,22350,22350,22350,500
20211013092005,22350,22350,22350,22350,312
20211013092005,22350,22350,22350,22350,1
20211013092005,22350,22350,22350,22350,1
20211013092005,22350,22350,22350,22350,1100
20211013092005,22350,22350,22350,22350,50
20211013092005,22350,22350,22350,22350,1
20211013092005,22350,22350,22350,22350,1
20211013092005,22350,22350,22350,22350,1100
20211013092005,22350,22350,22350,22350,1
20211013092005,22350,22350,22350,22350,1
20211013092005,22350,22350,22350,22350,1
20211013092005,22350,22350,22350,22350,20
20211013092005,22355,22355,22355,22355,91
20211013092005,22350,22350,22350,22350,20
20211013092005,22345,22345,22345,22345,492
20211013092005,22345,22345,22345,22345,6
20211013092006,22355,22355,22355,22355,1
20211013092006,22355,22355,22355,22355,1
20211013092006,22350,22350,22350,22350,1
20211013092006,22355,22355,22355,22355,1
20211013092006,22355,22355,22355,22355,4
20211013092006,22350,22350,22350,22350,100
20211013092007,22350,22350,22350,22350,1
20211013092007,22355,22355,22355,22355,450
20211013092007,22355,22355,22355,22355,1
20211013092007,22355,22355,22355,22355,1
20211013092007,22355,22355,22355,22355,1
20211013092007,22355,22355,22355,22355,1
20211013092007,22355,22355,22355,22355,1
20211013092007,22355,22355,22355,22355,1
20211013092007,22355,22355,22355,22355,1
20211013092007,22355,22355,22355,22355,1
20211013092007,22355,22355,22355,22355,1
20211013092007,22355,22355,22355,22355,10
20211013092007,22360,22360,22360,22360,20
20211013092007,22360,22360,22360,22360,4
20211013092007,22360,22360,22360,22360,60
20211013092007,22350,22350,22350,22350,1
20211013092008,22360,22360,22360,22360,3115
20211013092008,22360,22360,22360,22360,10
20211013092008,22360,22360,22360,22360,1
20211013092008,22365,22365,22365,22365,1474
20211013092008,22365,22365,22365,22365,100
20211013092008,22365,22365,22365,22365,1
20211013092008,22365,22365,22365,22365,20
20211013092008,22365,22365,22365,22365,1
20211013092009,22370,22370,22370,22370,1
20211013092009,22365,22365,22365,22365,11027
20211013092009,22370,22370,22370,22370,4
20211013092009,22360,22360,22360,22360,50
20211013092009,22365,22365,22365,22365,1
20211013092009,22360,22360,22360,22360,1
20211013092009,22360,22360,22360,22360,1
20211013092009,22355,22355,22355,22355,1
20211013092010,22365,22365,22365,22365,1
20211013092010,22365,22365,22365,22365,1
20211013092010,22365,22365,22365,22365,1
20211013092010,22360,22360,22360,22360,65
20211013092010,22360,22360,22360,22360,435
20211013092010,22360,22360,22360,22360,1
20211013092010,22355,22355,22355,22355,9
20211013092011,22365,22365,22365,22365,1
20211013092011,22365,22365,22365,22365,4
20211013092011,22360,22360,22360,22360,1
20211013092011,22360,22360,22360,22360,233
20211013092011,22365,22365,22365,22365,1
20211013092012,22365,22365,22365,22365,1
20211013092012,22365,22365,22365,22365,2
20211013092012,22365,22365,22365,22365,15
20211013092012,22365,22365,22365,22365,1
20211013092012,22360,22360,22360,22360,100
20211013092012,22360,22360,22360,22360,860
20211013092012,22360,22360,22360,22360,2
20211013092012,22360,22360,22360,22360,1
20211013092012,22360,22360,22360,22360,1
20211013092012,22360,22360,22360,22360,1
20211013092012,22360,22360,22360,22360,1
20211013092012,22360,22360,22360,22360,1
20211013092012,22355,22355,22355,22355,1
20211013092012,22355,22355,22355,22355,1
20211013092012,22355,22355,22355,22355,1
20211013092012,22365,22365,22365,22365,1
20211013092012,22360,22360,22360,22360,2
20211013092012,22360,22360,22360,22360,2
20211013092012,22360,22360,22360,22360,20
20211013092012,22355,22355,22355,22355,2
20211013092013,22365,22365,22365,22365,550
20211013092013,22360,22360,22360,22360,101
20211013092013,22360,22360,22360,22360,1
20211013092013,22360,22360,22360,22360,2
20211013092013,22360,22360,22360,22360,501
20211013092013,22355,22355,22355,22355,200
20211013092014,22360,22360,22360,22360,1
20211013092014,22360,22360,22360,22360,1
20211013092014,22360,22360,22360,22360,1
20211013092014,22360,22360,22360,22360,15
20211013092014,22360,22360,22360,22360,1
20211013092014,22360,22360,22360,22360,1
20211013092014,22360,22360,22360,22360,1
20211013092014,22360,22360,22360,22360,1
20211013092014,22360,22360,22360,22360,1
20211013092014,22360,22360,22360,22360,1
20211013092014,22360,22360,22360,22360,1
20211013092014,22360,22360,22360,22360,1
20211013092014,22360,22360,22360,22360,1
20211013092014,22360,22360,22360,22360,1
20211013092014,22360,22360,22360,22360,1
20211013092014,22360,22360,22360,22360,1
20211013092014,22360,22360,22360,22360,1
20211013092014,22360,22360,22360,22360,1
20211013092014,22360,22360,22360,22360,1
20211013092014,22360,22360,22360,22360,1
20211013092014,22360,22360,22360,22360,1
20211013092014,22360,22360,22360,22360,1
20211013092014,22360,22360,22360,22360,1
20211013092014,22360,22360,22360,22360,1
20211013092014,22360,22360,22360,22360,1
20211013092014,22360,22360,22360,22360,1
20211013092014,22360,22360,22360,22360,1
20211013092014,22360,22360,22360,22360,1
20211013092014,22360,22360,22360,22360,1
20211013092014,22360,22360,22360,22360,1
20211013092014,22360,22360,22360,22360,1
20211013092014,22360,22360,22360,22360,1
20211013092014,22360,22360,22360,22360,1
20211013092014,22360,22360,22360,22360,1
20211013092014,22360,22360,22360,22360,448
20211013092014,22360,22360,22360,22360,1
20211013092014,22360,22360,22360,22360,1
20211013092014,22360,22360,22360,22360,1
20211013092014,22360,22360,22360,22360,1
20211013092014,22360,22360,22360,22360,500
20211013092014,22360,22360,22360,22360,1
20211013092014,22360,22360,22360,22360,500
20211013092014,22360,22360,22360,22360,1
20211013092014,22360,22360,22360,22360,1
20211013092014,22360,22360,22360,22360,515
20211013092014,22365,22365,22365,22365,1
20211013092014,22365,22365,22365,22365,1
20211013092014,22365,22365,22365,22365,1
20211013092014,22365,22365,22365,22365,1
20211013092014,22365,22365,22365,22365,1
20211013092014,22365,22365,22365,22365,1
20211013092015,22365,22365,22365,22365,1
20211013092015,22360,22360,22360,22360,1
20211013092015,22365,22365,22365,22365,1
20211013092015,22360,22360,22360,22360,1
20211013092015,22365,22365,22365,22365,1
20211013092015,22360,22360,22360,22360,1
20211013092016,22365,22365,22365,22365,2
20211013092016,22365,22365,22365,22365,1
20211013092016,22365,22365,22365,22365,1
20211013092016,22365,22365,22365,22365,2085
20211013092017,22365,22365,22365,22365,904
20211013092017,22370,22370,22370,22370,500
20211013092017,22360,22360,22360,22360,1
20211013092017,22360,22360,22360,22360,3
20211013092017,22360,22360,22360,22360,15
20211013092018,22365,22365,22365,22365,2
20211013092018,22365,22365,22365,22365,10
20211013092018,22360,22360,22360,22360,100
20211013092018,22365,22365,22365,22365,500
20211013092018,22365,22365,22365,22365,50
20211013092018,22365,22365,22365,22365,90
20211013092019,22370,22370,22370,22370,2
20211013092020,22370,22370,22370,22370,50
20211013092020,22365,22365,22365,22365,10
20211013092020,22370,22370,22370,22370,2
20211013092020,22370,22370,22370,22370,500
20211013092020,22365,22365,22365,22365,2
20211013092020,22370,22370,22370,22370,1
20211013092020,22370,22370,22370,22370,1544
20211013092021,22370,22370,22370,22370,500
20211013092021,22370,22370,22370,22370,1
20211013092021,22370,22370,22370,22370,1
20211013092021,22370,22370,22370,22370,1
20211013092021,22370,22370,22370,22370,1
20211013092021,22370,22370,22370,22370,1
20211013092021,22370,22370,22370,22370,1
20211013092021,22370,22370,22370,22370,1
20211013092021,22370,22370,22370,22370,1
20211013092021,22370,22370,22370,22370,1
20211013092021,22370,22370,22370,22370,1
20211013092021,22370,22370,22370,22370,1
20211013092021,22370,22370,22370,22370,1
20211013092021,22370,22370,22370,22370,1
20211013092021,22370,22370,22370,22370,1
20211013092021,22370,22370,22370,22370,1
20211013092021,22370,22370,22370,22370,1
20211013092021,22370,22370,22370,22370,1
20211013092021,22370,22370,22370,22370,1
20211013092021,22370,22370,22370,22370,1
20211013092021,22370,22370,22370,22370,1
20211013092021,22365,22365,22365,22365,1600
20211013092021,22365,22365,22365,22365,1
20211013092021,22365,22365,22365,22365,50
20211013092021,22370,22370,22370,22370,1
20211013092021,22365,22365,22365,22365,4
20211013092021,22370,22370,22370,22370,1
20211013092021,22365,22365,22365,22365,10
20211013092021,22370,22370,22370,22370,1
20211013092021,22370,22370,22370,22370,7
20211013092022,22370,22370,22370,22370,13375
20211013092022,22365,22365,22365,22365,24894
20211013092022,22365,22365,22365,22365,3301
20211013092022,22370,22370,22370,22370,1
20211013092022,22375,22375,22375,22375,2
20211013092022,22375,22375,22375,22375,28
20211013092022,22370,22370,22370,22370,50
20211013092023,22370,22370,22370,22370,13
20211013092023,22370,22370,22370,22370,500
20211013092024,22370,22370,22370,22370,5
20211013092025,22370,22370,22370,22370,10
20211013092025,22370,22370,22370,22370,23
20211013092025,22370,22370,22370,22370,1
20211013092025,22370,22370,22370,22370,1
20211013092025,22370,22370,22370,22370,4
20211013092025,22370,22370,22370,22370,500
20211013092025,22370,22370,22370,22370,28
20211013092025,22365,22365,22365,22365,30
20211013092025,22370,22370,22370,22370,100
20211013092026,22370,22370,22370,22370,73
20211013092026,22370,22370,22370,22370,26
20211013092026,22370,22370,22370,22370,73
20211013092026,22370,22370,22370,22370,1
20211013092026,22370,22370,22370,22370,1
20211013092026,22370,22370,22370,22370,1
20211013092026,22370,22370,22370,22370,1
20211013092026,22370,22370,22370,22370,1
20211013092026,22370,22370,22370,22370,500
20211013092026,22370,22370,22370,22370,1
20211013092026,22370,22370,22370,22370,1
20211013092026,22370,22370,22370,22370,1
20211013092026,22370,22370,22370,22370,1
20211013092026,22370,22370,22370,22370,1
20211013092026,22370,22370,22370,22370,1
20211013092026,22370,22370,22370,22370,500
20211013092026,22370,22370,22370,22370,1
20211013092026,22370,22370,22370,22370,1
20211013092026,22370,22370,22370,22370,1
20211013092026,22370,22370,22370,22370,1
20211013092026,22370,22370,22370,22370,1
20211013092026,22370,22370,22370,22370,1
20211013092026,22370,22370,22370,22370,1
20211013092026,22370,22370,22370,22370,1
20211013092026,22370,22370,22370,22370,1
20211013092026,22370,22370,22370,22370,1
20211013092026,22370,22370,22370,22370,23
20211013092026,22370,22370,22370,22370,1057
20211013092027,22370,22370,22370,22370,100
20211013092027,22370,22370,22370,22370,100
20211013092027,22375,22375,22375,22375,134
20211013092027,22375,22375,22375,22375,28
20211013092027,22370,22370,22370,22370,2
20211013092027,22375,22375,22375,22375,1
20211013092027,22370,22370,22370,22370,1
20211013092027,22370,22370,22370,22370,1
20211013092027,22370,22370,22370,22370,1
20211013092027,22370,22370,22370,22370,1
20211013092027,22370,22370,22370,22370,1
20211013092027,22370,22370,22370,22370,1
20211013092027,22370,22370,22370,22370,1
20211013092027,22370,22370,22370,22370,5
20211013092028,22370,22370,22370,22370,6
20211013092028,22370,22370,22370,22370,1
20211013092028,22370,22370,22370,22370,6
20211013092029,22370,22370,22370,22370,894
20211013092029,22370,22370,22370,22370,1
20211013092030,22375,22375,22375,22375,900
20211013092030,22370,22370,22370,22370,100
20211013092030,22375,22375,22375,22375,134
20211013092030,22375,22375,22375,22375,4
20211013092030,22375,22375,22375,22375,3
20211013092030,22370,22370,22370,22370,1
20211013092031,22375,22375,22375,22375,20
20211013092031,22370,22370,22370,22370,4
20211013092031,22375,22375,22375,22375,50
20211013092032,22370,22370,22370,22370,500
20211013092032,22370,22370,22370,22370,50
20211013092032,22375,22375,22375,22375,1
20211013092032,22375,22375,22375,22375,1340
20211013092033,22370,22370,22370,22370,14
20211013092034,22375,22375,22375,22375,5
20211013092034,22375,22375,22375,22375,20
20211013092034,22370,22370,22370,22370,10
20211013092034,22375,22375,22375,22375,301
20211013092034,22380,22380,22380,22380,199
20211013092034,22375,22375,22375,22375,3
20211013092035,22375,22375,22375,22375,2
20211013092035,22370,22370,22370,22370,22
20211013092035,22375,22375,22375,22375,20
20211013092035,22375,22375,22375,22375,5
20211013092035,22370,22370,22370,22370,1
20211013092035,22370,22370,22370,22370,1
20211013092035,22370,22370,22370,22370,1186
20211013092035,22370,22370,22370,22370,1197
20211013092036,22370,22370,22370,22370,60
20211013092036,22370,22370,22370,22370,1
20211013092037,22375,22375,22375,22375,22
20211013092038,22370,22370,22370,22370,1
20211013092038,22375,22375,22375,22375,3
20211013092038,22370,22370,22370,22370,1
20211013092038,22365,22365,22365,22365,3
20211013092039,22375,22375,22375,22375,3695
20211013092039,22380,22380,22380,22380,8183
20211013092039,22370,22370,22370,22370,300
20211013092039,22370,22370,22370,22370,1
20211013092040,22370,22370,22370,22370,1
20211013092040,22375,22375,22375,22375,1
20211013092040,22370,22370,22370,22370,1311
20211013092040,22370,22370,22370,22370,500
20211013092041,22370,22370,22370,22370,1
20211013092041,22370,22370,22370,22370,188
20211013092042,22375,22375,22375,22375,28
20211013092042,22375,22375,22375,22375,10
20211013092042,22370,22370,22370,22370,10
20211013092042,22370,22370,22370,22370,10
20211013092043,22370,22370,22370,22370,1
20211013092043,22370,22370,22370,22370,81
20211013092043,22370,22370,22370,22370,1
20211013092043,22370,22370,22370,22370,1
20211013092043,22370,22370,22370,22370,28
20211013092044,22370,22370,22370,22370,2
20211013092044,22370,22370,22370,22370,5
20211013092045,22375,22375,22375,22375,1
20211013092045,22375,22375,22375,22375,1
20211013092045,22370,22370,22370,22370,1
20211013092045,22370,22370,22370,22370,1
20211013092045,22370,22370,22370,22370,200
20211013092045,22370,22370,22370,22370,9
20211013092045,22370,22370,22370,22370,3900
20211013092045,22370,22370,22370,22370,1070
20211013092045,22370,22370,22370,22370,1600
20211013092045,22370,22370,22370,22370,400
20211013092045,22370,22370,22370,22370,5100
20211013092045,22370,22370,22370,22370,1100
20211013092045,22370,22370,22370,22370,1000
20211013092046,22370,22370,22370,22370,1203
20211013092046,22375,22375,22375,22375,1
20211013092047,22375,22375,22375,22375,1
20211013092047,22375,22375,22375,22375,1
20211013092047,22370,22370,22370,22370,60
20211013092047,22375,22375,22375,22375,1
20211013092047,22370,22370,22370,22370,1
20211013092047,22370,22370,22370,22370,10
20211013092048,22370,22370,22370,22370,512
20211013092049,22370,22370,22370,22370,1
20211013092049,22370,22370,22370,22370,1
20211013092050,22370,22370,22370,22370,24
20211013092050,22375,22375,22375,22375,5
20211013092050,22370,22370,22370,22370,200
20211013092050,22370,22370,22370,22370,40
20211013092050,22375,22375,22375,22375,4744
20211013092051,22375,22375,22375,22375,16
20211013092051,22380,22380,22380,22380,24
20211013092051,22375,22375,22375,22375,10
20211013092051,22380,22380,22380,22380,4297
20211013092051,22380,22380,22380,22380,500
20211013092051,22380,22380,22380,22380,500
20211013092051,22380,22380,22380,22380,1
20211013092052,22385,22385,22385,22385,1
20211013092052,22380,22380,22380,22380,1
20211013092052,22380,22380,22380,22380,1
20211013092052,22380,22380,22380,22380,100
20211013092052,22380,22380,22380,22380,1
20211013092052,22385,22385,22385,22385,2
20211013092052,22380,22380,22380,22380,1
20211013092052,22380,22380,22380,22380,5
20211013092052,22380,22380,22380,22380,20
20211013092053,22380,22380,22380,22380,1
20211013092053,22385,22385,22385,22385,5
20211013092053,22380,22380,22380,22380,10
20211013092054,22380,22380,22380,22380,3000
20211013092055,22380,22380,22380,22380,2700
20211013092055,22385,22385,22385,22385,5
20211013092056,22385,22385,22385,22385,10
20211013092056,22385,22385,22385,22385,45
20211013092057,22385,22385,22385,22385,100
20211013092058,22385,22385,22385,22385,1
20211013092058,22385,22385,22385,22385,1
20211013092058,22385,22385,22385,22385,1
20211013092058,22385,22385,22385,22385,602
20211013092058,22385,22385,22385,22385,10
20211013092058,22390,22390,22390,22390,1
20211013092058,22385,22385,22385,22385,3
20211013092058,22390,22390,22390,22390,20
20211013092058,22385,22385,22385,22385,15
20211013092059,22385,22385,22385,22385,1000
20211013092100,22385,22385,22385,22385,30
20211013092100,22390,22390,22390,22390,6
20211013092100,22385,22385,22385,22385,2
20211013092100,22385,22385,22385,22385,5
20211013092101,22390,22390,22390,22390,1
20211013092101,22390,22390,22390,22390,994
20211013092101,22390,22390,22390,22390,4100
20211013092101,22390,22390,22390,22390,323
20211013092101,22390,22390,22390,22390,30
20211013092102,22390,22390,22390,22390,10
20211013092102,22390,22390,22390,22390,10
20211013092103,22390,22390,22390,22390,3
20211013092103,22395,22395,22395,22395,4
20211013092104,22390,22390,22390,22390,1
20211013092104,22390,22390,22390,22390,100
20211013092104,22395,22395,22395,22395,1
20211013092104,22395,22395,22395,22395,1
20211013092104,22395,22395,22395,22395,1
20211013092104,22395,22395,22395,22395,1
20211013092104,22395,22395,22395,22395,2290
20211013092105,22400,22400,22400,22400,50
20211013092105,22395,22395,22395,22395,1
20211013092105,22400,22400,22400,22400,49
20211013092105,22400,22400,22400,22400,446
20211013092106,22395,22395,22395,22395,10
20211013092106,22400,22400,22400,22400,34
20211013092106,22400,22400,22400,22400,28
20211013092106,22400,22400,22400,22400,500
20211013092106,22395,22395,22395,22395,11
20211013092106,22390,22390,22390,22390,100
20211013092106,22395,22395,22395,22395,100
20211013092106,22395,22395,22395,22395,128
20211013092107,22400,22400,22400,22400,1
20211013092107,22400,22400,22400,22400,1
20211013092107,22395,22395,22395,22395,1
20211013092107,22400,22400,22400,22400,20
20211013092107,22400,22400,22400,22400,1
20211013092107,22400,22400,22400,22400,1
20211013092108,22395,22395,22395,22395,10
20211013092108,22400,22400,22400,22400,28
20211013092108,22400,22400,22400,22400,20
20211013092108,22400,22400,22400,22400,2
20211013092109,22395,22395,22395,22395,456
20211013092109,22390,22390,22390,22390,1
20211013092109,22390,22390,22390,22390,1
20211013092109,22390,22390,22390,22390,2573
20211013092109,22390,22390,22390,22390,200
20211013092109,22395,22395,22395,22395,247
20211013092110,22385,22385,22385,22385,50
20211013092110,22385,22385,22385,22385,10
20211013092110,22390,22390,22390,22390,37
20211013092110,22390,22390,22390,22390,11
20211013092110,22390,22390,22390,22390,500
20211013092110,22395,22395,22395,22395,22
20211013092110,22390,22390,22390,22390,10
20211013092110,22385,22385,22385,22385,1
20211013092110,22385,22385,22385,22385,1450
20211013092110,22390,22390,22390,22390,25
20211013092110,22385,22385,22385,22385,5
20211013092111,22385,22385,22385,22385,1
20211013092111,22385,22385,22385,22385,1
20211013092112,22385,22385,22385,22385,1
20211013092112,22380,22380,22380,22380,1
20211013092112,22380,22380,22380,22380,1
20211013092112,22380,22380,22380,22380,1
20211013092112,22380,22380,22380,22380,5435
20211013092112,22380,22380,22380,22380,1100
20211013092112,22380,22380,22380,22380,1100
20211013092112,22385,22385,22385,22385,1
20211013092112,22380,22380,22380,22380,20003
20211013092112,22380,22380,22380,22380,19
20211013092112,22380,22380,22380,22380,1
20211013092112,22385,22385,22385,22385,1
20211013092112,22385,22385,22385,22385,100
20211013092112,22385,22385,22385,22385,500
20211013092113,22385,22385,22385,22385,2
20211013092113,22380,22380,22380,22380,1
20211013092113,22380,22380,22380,22380,1
20211013092113,22385,22385,22385,22385,1
20211013092113,22380,22380,22380,22380,1
20211013092113,22380,22380,22380,22380,1077
20211013092113,22385,22385,22385,22385,1
20211013092113,22385,22385,22385,22385,5
20211013092114,22380,22380,22380,22380,10
20211013092114,22380,22380,22380,22380,1
20211013092114,22375,22375,22375,22375,1
20211013092114,22375,22375,22375,22375,1
20211013092114,22380,22380,22380,22380,100
20211013092114,22375,22375,22375,22375,1
20211013092114,22380,22380,22380,22380,389
20211013092115,22375,22375,22375,22375,200
20211013092115,22375,22375,22375,22375,1
20211013092115,22385,22385,22385,22385,1
20211013092116,22380,22380,22380,22380,20
20211013092117,22380,22380,22380,22380,1
20211013092117,22380,22380,22380,22380,200
20211013092118,22380,22380,22380,22380,15
20211013092118,22380,22380,22380,22380,464
20211013092118,22380,22380,22380,22380,10
20211013092118,22380,22380,22380,22380,50
20211013092118,22385,22385,22385,22385,28
20211013092120,22385,22385,22385,22385,1
20211013092120,22385,22385,22385,22385,1
20211013092120,22385,22385,22385,22385,1
20211013092120,22385,22385,22385,22385,1
20211013092120,22385,22385,22385,22385,1000
20211013092120,22385,22385,22385,22385,7000
20211013092120,22385,22385,22385,22385,2411
20211013092120,22385,22385,22385,22385,500
20211013092120,22385,22385,22385,22385,900
20211013092120,22385,22385,22385,22385,1400
20211013092120,22385,22385,22385,22385,3200
20211013092120,22385,22385,22385,22385,100
20211013092120,22385,22385,22385,22385,1400
20211013092120,22385,22385,22385,22385,200
20211013092120,22385,22385,22385,22385,855
20211013092120,22385,22385,22385,22385,7800
20211013092120,22385,22385,22385,22385,1116
20211013092121,22385,22385,22385,22385,500
20211013092121,22385,22385,22385,22385,1
20211013092121,22385,22385,22385,22385,1
20211013092121,22385,22385,22385,22385,1
20211013092121,22385,22385,22385,22385,500
20211013092121,22385,22385,22385,22385,1
20211013092121,22385,22385,22385,22385,1
20211013092121,22385,22385,22385,22385,500
20211013092121,22385,22385,22385,22385,1
20211013092121,22385,22385,22385,22385,1
20211013092121,22385,22385,22385,22385,1
20211013092121,22385,22385,22385,22385,1
20211013092121,22385,22385,22385,22385,1
20211013092121,22385,22385,22385,22385,1
20211013092121,22385,22385,22385,22385,1
20211013092121,22385,22385,22385,22385,1
20211013092121,22385,22385,22385,22385,1
20211013092121,22385,22385,22385,22385,1
20211013092121,22385,22385,22385,22385,1
20211013092121,22385,22385,22385,22385,1
20211013092121,22385,22385,22385,22385,1
20211013092121,22385,22385,22385,22385,1
20211013092121,22385,22385,22385,22385,1
20211013092121,22385,22385,22385,22385,1
20211013092121,22385,22385,22385,22385,1
20211013092121,22385,22385,22385,22385,1
20211013092121,22385,22385,22385,22385,477
20211013092121,22380,22380,22380,22380,735
20211013092122,22380,22380,22380,22380,1
20211013092122,22385,22385,22385,22385,1
20211013092122,22380,22380,22380,22380,1
20211013092122,22385,22385,22385,22385,1
20211013092122,22385,22385,22385,22385,1
20211013092123,22380,22380,22380,22380,50
20211013092123,22380,22380,22380,22380,10
20211013092123,22380,22380,22380,22380,50
20211013092124,22380,22380,22380,22380,5
20211013092124,22380,22380,22380,22380,100
20211013092124,22380,22380,22380,22380,1
20211013092125,22380,22380,22380,22380,1
20211013092125,22385,22385,22385,22385,300
20211013092126,22380,22380,22380,22380,1
20211013092126,22380,22380,22380,22380,1
20211013092126,22385,22385,22385,22385,200
20211013092128,22385,22385,22385,22385,20
20211013092129,22380,22380,22380,22380,100
20211013092129,22380,22380,22380,22380,60
20211013092129,22380,22380,22380,22380,10
20211013092129,22385,22385,22385,22385,20
20211013092129,22385,22385,22385,22385,1
20211013092129,22385,22385,22385,22385,500
20211013092129,22385,22385,22385,22385,2
20211013092130,22385,22385,22385,22385,10
20211013092130,22380,22380,22380,22380,1
20211013092131,22385,22385,22385,22385,1
20211013092131,22385,22385,22385,22385,1
20211013092132,22385,22385,22385,22385,1
20211013092132,22385,22385,22385,22385,300
20211013092132,22385,22385,22385,22385,500
20211013092132,22385,22385,22385,22385,472
20211013092132,22385,22385,22385,22385,1
20211013092132,22385,22385,22385,22385,100
20211013092132,22385,22385,22385,22385,1
20211013092132,22380,22380,22380,22380,1178
20211013092133,22380,22380,22380,22380,1
20211013092133,22380,22380,22380,22380,1000
20211013092134,22380,22380,22380,22380,1
20211013092134,22375,22375,22375,22375,1271
20211013092134,22375,22375,22375,22375,100
20211013092134,22375,22375,22375,22375,200
20211013092134,22375,22375,22375,22375,100
20211013092134,22375,22375,22375,22375,2600
20211013092134,22375,22375,22375,22375,1500
20211013092134,22375,22375,22375,22375,200
20211013092134,22375,22375,22375,22375,3923
20211013092134,22375,22375,22375,22375,1
20211013092134,22380,22380,22380,22380,50
20211013092135,22380,22380,22380,22380,30
20211013092135,22375,22375,22375,22375,7
20211013092135,22375,22375,22375,22375,1
20211013092135,22375,22375,22375,22375,1
20211013092135,22375,22375,22375,22375,400
20211013092135,22375,22375,22375,22375,1
20211013092135,22375,22375,22375,22375,1
20211013092135,22375,22375,22375,22375,94
20211013092135,22375,22375,22375,22375,2
20211013092135,22370,22370,22370,22370,10
20211013092135,22375,22375,22375,22375,1
20211013092135,22375,22375,22375,22375,1
20211013092136,22375,22375,22375,22375,400
20211013092136,22375,22375,22375,22375,1265
20211013092136,22370,22370,22370,22370,700
20211013092136,22370,22370,22370,22370,1000
20211013092136,22370,22370,22370,22370,355
20211013092136,22370,22370,22370,22370,1
20211013092136,22365,22365,22365,22365,200
20211013092137,22370,22370,22370,22370,377
20211013092137,22375,22375,22375,22375,1
20211013092137,22370,22370,22370,22370,1
20211013092137,22375,22375,22375,22375,1
20211013092137,22370,22370,22370,22370,179
20211013092138,22365,22365,22365,22365,1
20211013092138,22365,22365,22365,22365,1
20211013092138,22370,22370,22370,22370,1
20211013092138,22370,22370,22370,22370,1
20211013092138,22365,22365,22365,22365,493
20211013092138,22360,22360,22360,22360,7
20211013092138,22360,22360,22360,22360,1
20211013092139,22370,22370,22370,22370,1
20211013092139,22365,22365,22365,22365,4
20211013092139,22360,22360,22360,22360,2000
20211013092140,22370,22370,22370,22370,2
20211013092140,22370,22370,22370,22370,67
20211013092140,22365,22365,22365,22365,43
20211013092140,22365,22365,22365,22365,2
20211013092141,22365,22365,22365,22365,5
20211013092141,22365,22365,22365,22365,3
20211013092141,22360,22360,22360,22360,6
20211013092141,22365,22365,22365,22365,3
20211013092141,22365,22365,22365,22365,3
20211013092141,22370,22370,22370,22370,64
20211013092141,22365,22365,22365,22365,1
20211013092141,22360,22360,22360,22360,873
20211013092142,22365,22365,22365,22365,1
20211013092142,22365,22365,22365,22365,298
20211013092142,22370,22370,22370,22370,67
20211013092142,22365,22365,22365,22365,1284
20211013092142,22370,22370,22370,22370,1
20211013092142,22370,22370,22370,22370,500
20211013092142,22370,22370,22370,22370,1
20211013092142,22370,22370,22370,22370,498
20211013092142,22370,22370,22370,22370,1
20211013092142,22375,22375,22375,22375,1
20211013092143,22370,22370,22370,22370,1
20211013092143,22375,22375,22375,22375,100
20211013092143,22370,22370,22370,22370,10
20211013092144,22370,22370,22370,22370,1
20211013092144,22370,22370,22370,22370,1
20211013092144,22375,22375,22375,22375,30
20211013092144,22370,22370,22370,22370,781
20211013092145,22375,22375,22375,22375,1
20211013092145,22375,22375,22375,22375,1
20211013092145,22375,22375,22375,22375,501
20211013092145,22380,22380,22380,22380,1
20211013092145,22380,22380,22380,22380,1
20211013092145,22375,22375,22375,22375,1
20211013092145,22375,22375,22375,22375,50
20211013092145,22380,22380,22380,22380,67
20211013092146,22375,22375,22375,22375,200
20211013092146,22375,22375,22375,22375,9
20211013092146,22380,22380,22380,22380,50
20211013092146,22375,22375,22375,22375,1
20211013092146,22375,22375,22375,22375,1
20211013092146,22380,22380,22380,22380,28
20211013092146,22375,22375,22375,22375,1
20211013092147,22380,22380,22380,22380,1
20211013092147,22380,22380,22380,22380,1
20211013092147,22380,22380,22380,22380,1
20211013092147,22375,22375,22375,22375,109
20211013092148,22370,22370,22370,22370,1
20211013092148,22370,22370,22370,22370,1
20211013092148,22375,22375,22375,22375,16
20211013092148,22380,22380,22380,22380,4
20211013092149,22375,22375,22375,22375,5
20211013092149,22370,22370,22370,22370,15
20211013092149,22370,22370,22370,22370,475
20211013092149,22375,22375,22375,22375,1
20211013092150,22375,22375,22375,22375,1
20211013092150,22370,22370,22370,22370,1
20211013092150,22370,22370,22370,22370,1
20211013092150,22375,22375,22375,22375,13
20211013092150,22380,22380,22380,22380,1987
20211013092151,22375,22375,22375,22375,27
20211013092151,22375,22375,22375,22375,23
20211013092151,22375,22375,22375,22375,1
20211013092152,22375,22375,22375,22375,1
20211013092153,22370,22370,22370,22370,1
20211013092153,22370,22370,22370,22370,150
20211013092153,22375,22375,22375,22375,10
20211013092153,22370,22370,22370,22370,19
20211013092153,22375,22375,22375,22375,1
20211013092153,22370,22370,22370,22370,1
20211013092154,22370,22370,22370,22370,1
20211013092154,22370,22370,22370,22370,10
20211013092154,22370,22370,22370,22370,1
20211013092154,22365,22365,22365,22365,162
20211013092154,22370,22370,22370,22370,1
20211013092154,22370,22370,22370,22370,500
20211013092154,22365,22365,22365,22365,100
20211013092154,22365,22365,22365,22365,1
20211013092155,22360,22360,22360,22360,1
20211013092155,22365,22365,22365,22365,1
20211013092155,22360,22360,22360,22360,1
20211013092155,22360,22360,22360,22360,1
20211013092155,22360,22360,22360,22360,1
20211013092155,22360,22360,22360,22360,1
20211013092155,22360,22360,22360,22360,500
20211013092155,22360,22360,22360,22360,2805
20211013092155,22365,22365,22365,22365,479
20211013092156,22360,22360,22360,22360,2
20211013092156,22360,22360,22360,22360,1
20211013092157,22355,22355,22355,22355,637
20211013092157,22360,22360,22360,22360,10
20211013092157,22360,22360,22360,22360,1
20211013092157,22360,22360,22360,22360,100
20211013092158,22360,22360,22360,22360,6
20211013092158,22360,22360,22360,22360,500
20211013092158,22355,22355,22355,22355,1
20211013092158,22355,22355,22355,22355,173
20211013092158,22355,22355,22355,22355,10
20211013092158,22355,22355,22355,22355,1
20211013092158,22355,22355,22355,22355,500
20211013092158,22350,22350,22350,22350,1
20211013092200,22355,22355,22355,22355,1523
20211013092200,22355,22355,22355,22355,300
20211013092200,22355,22355,22355,22355,1600
20211013092200,22355,22355,22355,22355,10
20211013092200,22355,22355,22355,22355,1
20211013092200,22350,22350,22350,22350,500
20211013092200,22355,22355,22355,22355,1
20211013092201,22350,22350,22350,22350,400
20211013092201,22355,22355,22355,22355,4
20211013092201,22355,22355,22355,22355,1
20211013092201,22355,22355,22355,22355,460
20211013092201,22355,22355,22355,22355,129
20211013092201,22355,22355,22355,22355,1
20211013092201,22355,22355,22355,22355,1
20211013092201,22355,22355,22355,22355,1
20211013092201,22360,22360,22360,22360,1
20211013092201,22360,22360,22360,22360,1
20211013092202,22355,22355,22355,22355,1
20211013092202,22360,22360,22360,22360,1
20211013092202,22355,22355,22355,22355,3
20211013092203,22355,22355,22355,22355,12365
20211013092203,22360,22360,22360,22360,1
20211013092203,22360,22360,22360,22360,8675
20211013092204,22360,22360,22360,22360,500
20211013092204,22360,22360,22360,22360,1
20211013092204,22360,22360,22360,22360,1
20211013092204,22360,22360,22360,22360,2085
20211013092204,22360,22360,22360,22360,1
20211013092204,22360,22360,22360,22360,99
20211013092204,22365,22365,22365,22365,1
20211013092204,22360,22360,22360,22360,1
20211013092204,22360,22360,22360,22360,1
20211013092204,22360,22360,22360,22360,1
20211013092204,22365,22365,22365,22365,1
20211013092204,22365,22365,22365,22365,1
20211013092204,22365,22365,22365,22365,1
20211013092204,22360,22360,22360,22360,1
20211013092205,22360,22360,22360,22360,10947
20211013092205,22360,22360,22360,22360,2085
20211013092206,22360,22360,22360,22360,60
20211013092206,22360,22360,22360,22360,50
20211013092206,22365,22365,22365,22365,1
20211013092206,22360,22360,22360,22360,1
20211013092206,22360,22360,22360,22360,979
20211013092207,22355,22355,22355,22355,50
20211013092207,22360,22360,22360,22360,200
20211013092207,22360,22360,22360,22360,1000
20211013092207,22365,22365,22365,22365,166
20211013092207,22360,22360,22360,22360,1
20211013092207,22360,22360,22360,22360,34
20211013092208,22360,22360,22360,22360,60
20211013092208,22365,22365,22365,22365,1
20211013092208,22365,22365,22365,22365,10
20211013092208,22360,22360,22360,22360,1
20211013092208,22365,22365,22365,22365,1
20211013092210,22365,22365,22365,22365,1
20211013092210,22360,22360,22360,22360,1
20211013092210,22360,22360,22360,22360,4177
20211013092211,22360,22360,22360,22360,11
20211013092211,22360,22360,22360,22360,1236
20211013092211,22365,22365,22365,22365,10
20211013092212,22360,22360,22360,22360,1
20211013092213,22360,22360,22360,22360,4
20211013092213,22355,22355,22355,22355,6420
20211013092213,22355,22355,22355,22355,200
20211013092213,22355,22355,22355,22355,50
20211013092214,22355,22355,22355,22355,502
20211013092215,22355,22355,22355,22355,1
20211013092215,22350,22350,22350,22350,1
20211013092216,22355,22355,22355,22355,4
20211013092216,22355,22355,22355,22355,96
20211013092217,22355,22355,22355,22355,1
20211013092217,22360,22360,22360,22360,1
20211013092217,22355,22355,22355,22355,2157
20211013092217,22360,22360,22360,22360,25
20211013092217,22360,22360,22360,22360,600
20211013092219,22355,22355,22355,22355,1
20211013092219,22360,22360,22360,22360,1
20211013092220,22355,22355,22355,22355,1
20211013092220,22355,22355,22355,22355,53
20211013092220,22355,22355,22355,22355,53
20211013092220,22355,22355,22355,22355,53
20211013092220,22355,22355,22355,22355,53
20211013092220,22355,22355,22355,22355,53
20211013092220,22360,22360,22360,22360,100
20211013092220,22350,22350,22350,22350,22
20211013092220,22355,22355,22355,22355,1206
20211013092221,22355,22355,22355,22355,1
20211013092221,22350,22350,22350,22350,1
20211013092222,22355,22355,22355,22355,1
20211013092222,22350,22350,22350,22350,10
20211013092223,22355,22355,22355,22355,1
20211013092223,22355,22355,22355,22355,10
20211013092224,22355,22355,22355,22355,10
20211013092224,22350,22350,22350,22350,5000
20211013092224,22355,22355,22355,22355,1
20211013092225,22350,22350,22350,22350,1
20211013092225,22350,22350,22350,22350,979
20211013092225,22350,22350,22350,22350,3753
20211013092225,22350,22350,22350,22350,1348
20211013092225,22345,22345,22345,22345,1
20211013092225,22350,22350,22350,22350,10
20211013092225,22350,22350,22350,22350,1
20211013092226,22345,22345,22345,22345,206
20211013092226,22345,22345,22345,22345,447
20211013092226,22340,22340,22340,22340,1
20211013092226,22340,22340,22340,22340,1
20211013092226,22340,22340,22340,22340,1
20211013092226,22340,22340,22340,22340,1
20211013092226,22345,22345,22345,22345,1
20211013092226,22340,22340,22340,22340,1
20211013092227,22340,22340,22340,22340,1000
20211013092227,22340,22340,22340,22340,30520
20211013092227,22340,22340,22340,22340,1
20211013092227,22335,22335,22335,22335,431
20211013092227,22340,22340,22340,22340,4
20211013092227,22335,22335,22335,22335,1000
20211013092227,22340,22340,22340,22340,2
20211013092227,22340,22340,22340,22340,1
20211013092228,22335,22335,22335,22335,400
20211013092228,22335,22335,22335,22335,40
20211013092229,22340,22340,22340,22340,1
20211013092229,22340,22340,22340,22340,1
20211013092229,22335,22335,22335,22335,107
20211013092229,22335,22335,22335,22335,1
20211013092229,22335,22335,22335,22335,1
20211013092229,22335,22335,22335,22335,1
20211013092229,22340,22340,22340,22340,1
20211013092229,22340,22340,22340,22340,1
20211013092230,22335,22335,22335,22335,30
20211013092230,22335,22335,22335,22335,1000
20211013092230,22335,22335,22335,22335,172
20211013092230,22335,22335,22335,22335,1
20211013092230,22335,22335,22335,22335,20
20211013092230,22340,22340,22340,22340,67
20211013092230,22335,22335,22335,22335,174
20211013092231,22335,22335,22335,22335,1000
20211013092231,22335,22335,22335,22335,500
20211013092231,22335,22335,22335,22335,100
20211013092232,22340,22340,22340,22340,1
20211013092232,22340,22340,22340,22340,8253
20211013092232,22340,22340,22340,22340,231
20211013092232,22340,22340,22340,22340,100
20211013092232,22340,22340,22340,22340,4316
20211013092233,22335,22335,22335,22335,10
20211013092233,22340,22340,22340,22340,2
20211013092233,22335,22335,22335,22335,30
20211013092234,22340,22340,22340,22340,7998
20211013092234,22340,22340,22340,22340,40
20211013092234,22340,22340,22340,22340,400
20211013092234,22345,22345,22345,22345,1
20211013092234,22340,22340,22340,22340,1
20211013092234,22345,22345,22345,22345,50
20211013092234,22340,22340,22340,22340,1717
20211013092234,22335,22335,22335,22335,169
20211013092235,22340,22340,22340,22340,447
20211013092235,22340,22340,22340,22340,2158
20211013092235,22335,22335,22335,22335,500
20211013092235,22340,22340,22340,22340,322
20211013092235,22340,22340,22340,22340,1
20211013092235,22340,22340,22340,22340,436
20211013092236,22340,22340,22340,22340,2276
20211013092236,22340,22340,22340,22340,1000
20211013092236,22345,22345,22345,22345,2085
20211013092236,22345,22345,22345,22345,66
20211013092236,22345,22345,22345,22345,10
20211013092236,22345,22345,22345,22345,2751
20211013092237,22350,22350,22350,22350,1
20211013092237,22345,22345,22345,22345,93
20211013092237,22345,22345,22345,22345,331
20211013092237,22345,22345,22345,22345,500
20211013092238,22350,22350,22350,22350,50
20211013092238,22345,22345,22345,22345,1
20211013092238,22345,22345,22345,22345,1
20211013092238,22345,22345,22345,22345,50
20211013092238,22345,22345,22345,22345,200
20211013092239,22350,22350,22350,22350,10
20211013092239,22345,22345,22345,22345,1
20211013092239,22350,22350,22350,22350,1
20211013092239,22345,22345,22345,22345,450
20211013092239,22345,22345,22345,22345,5000
20211013092240,22345,22345,22345,22345,1
20211013092240,22345,22345,22345,22345,490
20211013092240,22340,22340,22340,22340,110
20211013092242,22345,22345,22345,22345,120
20211013092242,22340,22340,22340,22340,1019
20211013092242,22350,22350,22350,22350,1
20211013092242,22340,22340,22340,22340,100
20211013092242,22340,22340,22340,22340,50
20211013092242,22345,22345,22345,22345,1
20211013092243,22350,22350,22350,22350,30
20211013092243,22340,22340,22340,22340,3
20211013092243,22345,22345,22345,22345,1
20211013092243,22340,22340,22340,22340,49
20211013092244,22345,22345,22345,22345,12
20211013092245,22345,22345,22345,22345,2
20211013092245,22345,22345,22345,22345,77
20211013092245,22350,22350,22350,22350,423
20211013092245,22350,22350,22350,22350,147
20211013092246,22345,22345,22345,22345,500
20211013092246,22345,22345,22345,22345,363
20211013092246,22345,22345,22345,22345,1
20211013092247,22350,22350,22350,22350,1
20211013092247,22350,22350,22350,22350,1
20211013092248,22345,22345,22345,22345,1
20211013092249,22350,22350,22350,22350,1
20211013092249,22350,22350,22350,22350,1
20211013092250,22345,22345,22345,22345,10
20211013092250,22350,22350,22350,22350,9
20211013092250,22345,22345,22345,22345,22
20211013092251,22345,22345,22345,22345,100
20211013092251,22345,22345,22345,22345,1
20211013092251,22345,22345,22345,22345,177
20211013092251,22345,22345,22345,22345,1
20211013092251,22350,22350,22350,22350,100
20211013092252,22350,22350,22350,22350,60
20211013092252,22350,22350,22350,22350,100
20211013092252,22350,22350,22350,22350,10
20211013092253,22350,22350,22350,22350,50
20211013092254,22350,22350,22350,22350,1
20211013092254,22350,22350,22350,22350,1666
20211013092254,22350,22350,22350,22350,1
20211013092254,22350,22350,22350,22350,9
20211013092254,22355,22355,22355,22355,1
20211013092254,22355,22355,22355,22355,1
20211013092254,22355,22355,22355,22355,1
20211013092254,22355,22355,22355,22355,1
20211013092254,22355,22355,22355,22355,1
20211013092255,22350,22350,22350,22350,40
20211013092255,22350,22350,22350,22350,1
20211013092255,22350,22350,22350,22350,200
20211013092256,22350,22350,22350,22350,1
20211013092256,22350,22350,22350,22350,200
20211013092257,22355,22355,22355,22355,5
20211013092257,22355,22355,22355,22355,1
20211013092257,22355,22355,22355,22355,1
20211013092257,22350,22350,22350,22350,50
20211013092257,22350,22350,22350,22350,2
20211013092258,22355,22355,22355,22355,1
20211013092258,22355,22355,22355,22355,1
20211013092258,22350,22350,22350,22350,1
20211013092258,22355,22355,22355,22355,1
20211013092259,22355,22355,22355,22355,1
20211013092259,22350,22350,22350,22350,1
20211013092259,22350,22350,22350,22350,2464
20211013092259,22350,22350,22350,22350,1
20211013092259,22355,22355,22355,22355,1
20211013092259,22355,22355,22355,22355,1
20211013092300,22350,22350,22350,22350,1
20211013092300,22345,22345,22345,22345,50
20211013092300,22350,22350,22350,22350,2
20211013092301,22350,22350,22350,22350,254
20211013092301,22345,22345,22345,22345,13
20211013092301,22345,22345,22345,22345,2
20211013092302,22350,22350,22350,22350,500
20211013092302,22350,22350,22350,22350,125
20211013092302,22350,22350,22350,22350,375
20211013092302,22355,22355,22355,22355,1
20211013092302,22350,22350,22350,22350,1
20211013092302,22350,22350,22350,22350,1
20211013092303,22350,22350,22350,22350,20
20211013092303,22350,22350,22350,22350,1
20211013092303,22345,22345,22345,22345,145
20211013092303,22350,22350,22350,22350,14
20211013092303,22355,22355,22355,22355,16
20211013092303,22350,22350,22350,22350,1
20211013092303,22350,22350,22350,22350,2
20211013092303,22350,22350,22350,22350,1
20211013092303,22350,22350,22350,22350,5
20211013092303,22345,22345,22345,22345,1
20211013092303,22350,22350,22350,22350,1
20211013092304,22350,22350,22350,22350,1
20211013092304,22350,22350,22350,22350,1
20211013092304,22350,22350,22350,22350,1
20211013092304,22350,22350,22350,22350,30
20211013092305,22345,22345,22345,22345,216
20211013092305,22340,22340,22340,22340,1049
20211013092305,22345,22345,22345,22345,3
20211013092305,22345,22345,22345,22345,1
20211013092306,22350,22350,22350,22350,2
20211013092307,22345,22345,22345,22345,1
20211013092307,22345,22345,22345,22345,140
20211013092307,22345,22345,22345,22345,1
20211013092307,22340,22340,22340,22340,430
20211013092307,22345,22345,22345,22345,1
20211013092307,22345,22345,22345,22345,1
20211013092308,22340,22340,22340,22340,1
20211013092308,22340,22340,22340,22340,10
20211013092308,22345,22345,22345,22345,1
20211013092308,22345,22345,22345,22345,100
20211013092308,22345,22345,22345,22345,1
20211013092309,22340,22340,22340,22340,1000
20211013092309,22345,22345,22345,22345,1
20211013092309,22340,22340,22340,22340,1
20211013092309,22340,22340,22340,22340,1
20211013092309,22345,22345,22345,22345,1
20211013092309,22340,22340,22340,22340,1
20211013092309,22345,22345,22345,22345,2
20211013092309,22340,22340,22340,22340,800
20211013092309,22345,22345,22345,22345,1
20211013092309,22335,22335,22335,22335,27
20211013092309,22340,22340,22340,22340,100
20211013092310,22345,22345,22345,22345,1
20211013092310,22345,22345,22345,22345,1
20211013092310,22345,22345,22345,22345,2
20211013092310,22345,22345,22345,22345,500
20211013092310,22345,22345,22345,22345,1
20211013092310,22345,22345,22345,22345,1
20211013092310,22345,22345,22345,22345,1
20211013092310,22345,22345,22345,22345,1
20211013092311,22345,22345,22345,22345,1
20211013092311,22345,22345,22345,22345,1
20211013092311,22345,22345,22345,22345,1
20211013092311,22345,22345,22345,22345,1
20211013092311,22345,22345,22345,22345,1
20211013092311,22345,22345,22345,22345,1
20211013092311,22345,22345,22345,22345,1
20211013092311,22345,22345,22345,22345,1
20211013092311,22345,22345,22345,22345,1
20211013092311,22345,22345,22345,22345,1
20211013092311,22345,22345,22345,22345,1
20211013092311,22345,22345,22345,22345,1
20211013092311,22345,22345,22345,22345,1
20211013092311,22345,22345,22345,22345,1
20211013092311,22345,22345,22345,22345,1
20211013092311,22345,22345,22345,22345,1
20211013092311,22345,22345,22345,22345,1
20211013092311,22345,22345,22345,22345,1
20211013092311,22345,22345,22345,22345,1
20211013092311,22345,22345,22345,22345,1
20211013092311,22345,22345,22345,22345,1
20211013092311,22345,22345,22345,22345,1
20211013092311,22345,22345,22345,22345,1
20211013092311,22345,22345,22345,22345,1
20211013092311,22345,22345,22345,22345,1
20211013092311,22345,22345,22345,22345,1
20211013092311,22345,22345,22345,22345,1
20211013092311,22345,22345,22345,22345,1
20211013092311,22345,22345,22345,22345,1
20211013092311,22345,22345,22345,22345,1
20211013092311,22345,22345,22345,22345,1
20211013092311,22345,22345,22345,22345,1
20211013092311,22345,22345,22345,22345,1
20211013092311,22345,22345,22345,22345,1
20211013092311,22345,22345,22345,22345,10
20211013092311,22345,22345,22345,22345,1
20211013092311,22345,22345,22345,22345,1
20211013092311,22345,22345,22345,22345,558
20211013092311,22350,22350,22350,22350,1
20211013092311,22350,22350,22350,22350,1
20211013092311,22345,22345,22345,22345,40
20211013092311,22345,22345,22345,22345,276
20211013092311,22350,22350,22350,22350,1
20211013092311,22350,22350,22350,22350,2085
20211013092311,22350,22350,22350,22350,1
20211013092311,22350,22350,22350,22350,4900
20211013092311,22350,22350,22350,22350,2085
20211013092311,22350,22350,22350,22350,400
20211013092311,22350,22350,22350,22350,2653
20211013092311,22350,22350,22350,22350,20
20211013092311,22350,22350,22350,22350,1
20211013092311,22350,22350,22350,22350,1
20211013092311,22350,22350,22350,22350,1
20211013092311,22350,22350,22350,22350,2027
20211013092311,22350,22350,22350,22350,2289
20211013092312,22350,22350,22350,22350,1
20211013092312,22350,22350,22350,22350,1
20211013092313,22350,22350,22350,22350,1
20211013092313,22350,22350,22350,22350,29
20211013092314,22355,22355,22355,22355,111
20211013092315,22350,22350,22350,22350,2
20211013092315,22345,22345,22345,22345,90
20211013092315,22350,22350,22350,22350,1
20211013092315,22350,22350,22350,22350,1
20211013092316,22350,22350,22350,22350,10
20211013092316,22345,22345,22345,22345,50
20211013092316,22350,22350,22350,22350,1
20211013092317,22350,22350,22350,22350,2
20211013092319,22350,22350,22350,22350,740
20211013092319,22350,22350,22350,22350,50
20211013092319,22350,22350,22350,22350,8
20211013092319,22355,22355,22355,22355,1
20211013092319,22345,22345,22345,22345,30
20211013092320,22350,22350,22350,22350,1
20211013092320,22350,22350,22350,22350,2
20211013092321,22350,22350,22350,22350,1000
20211013092321,22345,22345,22345,22345,1
20211013092322,22350,22350,22350,22350,620
20211013092323,22345,22345,22345,22345,200
20211013092324,22345,22345,22345,22345,1
20211013092325,22345,22345,22345,22345,1
20211013092325,22350,22350,22350,22350,3
20211013092325,22345,22345,22345,22345,50
20211013092325,22350,22350,22350,22350,20
20211013092326,22350,22350,22350,22350,1
20211013092326,22345,22345,22345,22345,1
20211013092326,22350,22350,22350,22350,2274
20211013092326,22350,22350,22350,22350,30
20211013092326,22350,22350,22350,22350,300
20211013092327,22355,22355,22355,22355,3785
20211013092328,22355,22355,22355,22355,1000
20211013092328,22360,22360,22360,22360,10
20211013092329,22355,22355,22355,22355,1
20211013092329,22360,22360,22360,22360,10
20211013092329,22355,22355,22355,22355,369
20211013092330,22360,22360,22360,22360,22
20211013092330,22360,22360,22360,22360,45
20211013092330,22360,22360,22360,22360,1
20211013092331,22355,22355,22355,22355,1
20211013092331,22355,22355,22355,22355,1
20211013092331,22355,22355,22355,22355,4
20211013092331,22360,22360,22360,22360,25
20211013092332,22355,22355,22355,22355,49
20211013092332,22355,22355,22355,22355,50
20211013092332,22355,22355,22355,22355,1
20211013092332,22355,22355,22355,22355,649
20211013092332,22355,22355,22355,22355,1
20211013092332,22355,22355,22355,22355,3795
20211013092332,22360,22360,22360,22360,10
20211013092333,22350,22350,22350,22350,10
20211013092333,22350,22350,22350,22350,20
20211013092333,22350,22350,22350,22350,1
20211013092333,22350,22350,22350,22350,1
20211013092333,22350,22350,22350,22350,100
20211013092334,22350,22350,22350,22350,1
20211013092334,22350,22350,22350,22350,1
20211013092334,22350,22350,22350,22350,1
20211013092334,22355,22355,22355,22355,485
20211013092334,22355,22355,22355,22355,20
20211013092335,22350,22350,22350,22350,1
20211013092335,22350,22350,22350,22350,2
20211013092335,22350,22350,22350,22350,55
20211013092336,22345,22345,22345,22345,100
20211013092336,22350,22350,22350,22350,50
20211013092336,22350,22350,22350,22350,20
20211013092337,22345,22345,22345,22345,907
20211013092338,22350,22350,22350,22350,22
20211013092339,22350,22350,22350,22350,50
20211013092339,22350,22350,22350,22350,100
20211013092339,22355,22355,22355,22355,60
20211013092340,22350,22350,22350,22350,80
20211013092340,22350,22350,22350,22350,1
20211013092340,22355,22355,22355,22355,100
20211013092341,22360,22360,22360,22360,500
20211013092341,22350,22350,22350,22350,250
20211013092341,22360,22360,22360,22360,20
20211013092341,22355,22355,22355,22355,2
20211013092342,22355,22355,22355,22355,15
20211013092343,22355,22355,22355,22355,100
20211013092343,22355,22355,22355,22355,111
20211013092343,22355,22355,22355,22355,589
20211013092343,22360,22360,22360,22360,2411
20211013092344,22360,22360,22360,22360,1
20211013092344,22360,22360,22360,22360,666
20211013092344,22355,22355,22355,22355,1000
20211013092344,22355,22355,22355,22355,4
20211013092345,22355,22355,22355,22355,4
20211013092345,22355,22355,22355,22355,1000
20211013092347,22355,22355,22355,22355,1
20211013092347,22360,22360,22360,22360,2
20211013092348,22360,22360,22360,22360,1
20211013092348,22355,22355,22355,22355,1
20211013092349,22355,22355,22355,22355,1
20211013092350,22355,22355,22355,22355,1
20211013092350,22350,22350,22350,22350,1
20211013092350,22350,22350,22350,22350,901
20211013092351,22355,22355,22355,22355,1
20211013092351,22355,22355,22355,22355,200
20211013092352,22350,22350,22350,22350,5
20211013092352,22350,22350,22350,22350,30
20211013092352,22350,22350,22350,22350,1
20211013092352,22345,22345,22345,22345,1
20211013092353,22345,22345,22345,22345,4322
20211013092353,22345,22345,22345,22345,1500
20211013092353,22345,22345,22345,22345,1583
20211013092353,22350,22350,22350,22350,3
20211013092353,22350,22350,22350,22350,2
20211013092353,22345,22345,22345,22345,50
20211013092354,22345,22345,22345,22345,1
20211013092355,22345,22345,22345,22345,1
20211013092356,22340,22340,22340,22340,1
20211013092356,22340,22340,22340,22340,1898
20211013092356,22340,22340,22340,22340,2
20211013092357,22340,22340,22340,22340,20
20211013092358,22335,22335,22335,22335,1
20211013092358,22335,22335,22335,22335,319
20211013092358,22340,22340,22340,22340,1
20211013092359,22340,22340,22340,22340,3
20211013092359,22335,22335,22335,22335,1
20211013092359,22335,22335,22335,22335,1
20211013092359,22340,22340,22340,22340,1
20211013092400,22335,22335,22335,22335,1
20211013092400,22340,22340,22340,22340,1
20211013092400,22340,22340,22340,22340,1296
20211013092400,22340,22340,22340,22340,1
20211013092400,22340,22340,22340,22340,24
20211013092401,22340,22340,22340,22340,100
20211013092401,22345,22345,22345,22345,10
20211013092402,22340,22340,22340,22340,300
20211013092402,22340,22340,22340,22340,2000
20211013092402,22340,22340,22340,22340,100
20211013092403,22345,22345,22345,22345,867
20211013092404,22345,22345,22345,22345,2
20211013092404,22345,22345,22345,22345,1539
20211013092405,22345,22345,22345,22345,5
20211013092406,22350,22350,22350,22350,1000
20211013092406,22345,22345,22345,22345,1
20211013092406,22345,22345,22345,22345,30
20211013092406,22350,22350,22350,22350,5
20211013092406,22350,22350,22350,22350,1
20211013092407,22355,22355,22355,22355,1777
20211013092407,22355,22355,22355,22355,1
20211013092407,22355,22355,22355,22355,1
20211013092407,22355,22355,22355,22355,3
20211013092407,22355,22355,22355,22355,1
20211013092407,22350,22350,22350,22350,100
20211013092408,22350,22350,22350,22350,1
20211013092409,22350,22350,22350,22350,50
20211013092409,22355,22355,22355,22355,1
20211013092409,22350,22350,22350,22350,5
20211013092409,22355,22355,22355,22355,11
20211013092410,22355,22355,22355,22355,1
20211013092410,22350,22350,22350,22350,18
20211013092410,22350,22350,22350,22350,1
20211013092411,22350,22350,22350,22350,100
20211013092411,22350,22350,22350,22350,323
20211013092411,22350,22350,22350,22350,29
20211013092411,22355,22355,22355,22355,2246
20211013092411,22355,22355,22355,22355,503
20211013092411,22350,22350,22350,22350,5
20211013092412,22360,22360,22360,22360,1
20211013092413,22355,22355,22355,22355,10
20211013092413,22360,22360,22360,22360,50
20211013092413,22360,22360,22360,22360,1
20211013092413,22355,22355,22355,22355,150
20211013092414,22360,22360,22360,22360,100
20211013092415,22355,22355,22355,22355,5
20211013092416,22360,22360,22360,22360,4265
20211013092416,22360,22360,22360,22360,1
20211013092416,22365,22365,22365,22365,1
20211013092416,22360,22360,22360,22360,51
20211013092416,22360,22360,22360,22360,1
20211013092416,22360,22360,22360,22360,2
20211013092417,22365,22365,22365,22365,1
20211013092417,22365,22365,22365,22365,1
20211013092417,22360,22360,22360,22360,1
20211013092417,22360,22360,22360,22360,1
20211013092417,22365,22365,22365,22365,1
20211013092417,22365,22365,22365,22365,1
20211013092417,22365,22365,22365,22365,1
20211013092417,22360,22360,22360,22360,1
20211013092417,22360,22360,22360,22360,1
20211013092418,22360,22360,22360,22360,2
20211013092418,22360,22360,22360,22360,2
20211013092418,22360,22360,22360,22360,1
20211013092418,22360,22360,22360,22360,1
20211013092418,22360,22360,22360,22360,1
20211013092420,22365,22365,22365,22365,1
20211013092420,22365,22365,22365,22365,3330
20211013092420,22365,22365,22365,22365,2
20211013092420,22370,22370,22370,22370,1
20211013092420,22370,22370,22370,22370,2446
20211013092420,22370,22370,22370,22370,500
20211013092420,22370,22370,22370,22370,500
20211013092420,22375,22375,22375,22375,1
20211013092421,22370,22370,22370,22370,500
20211013092421,22375,22375,22375,22375,25
20211013092421,22370,22370,22370,22370,2
20211013092421,22375,22375,22375,22375,8
20211013092421,22375,22375,22375,22375,1
20211013092421,22370,22370,22370,22370,200
20211013092421,22370,22370,22370,22370,1
20211013092421,22370,22370,22370,22370,1
20211013092421,22370,22370,22370,22370,1
20211013092421,22370,22370,22370,22370,1
20211013092421,22370,22370,22370,22370,1
20211013092421,22370,22370,22370,22370,1
20211013092421,22370,22370,22370,22370,1
20211013092421,22370,22370,22370,22370,1
20211013092422,22370,22370,22370,22370,1
20211013092423,22370,22370,22370,22370,1
20211013092423,22375,22375,22375,22375,942
20211013092423,22370,22370,22370,22370,1
20211013092424,22370,22370,22370,22370,220
20211013092424,22370,22370,22370,22370,3971
20211013092424,22370,22370,22370,22370,1
20211013092424,22365,22365,22365,22365,100
20211013092424,22365,22365,22365,22365,455
20211013092424,22370,22370,22370,22370,25
20211013092425,22370,22370,22370,22370,1
20211013092425,22370,22370,22370,22370,100
20211013092425,22365,22365,22365,22365,82
20211013092425,22370,22370,22370,22370,1
20211013092427,22375,22375,22375,22375,1000
20211013092427,22370,22370,22370,22370,1
20211013092427,22370,22370,22370,22370,111
20211013092428,22375,22375,22375,22375,50
20211013092428,22370,22370,22370,22370,30
20211013092428,22375,22375,22375,22375,1
20211013092428,22370,22370,22370,22370,5
20211013092428,22370,22370,22370,22370,1
20211013092429,22370,22370,22370,22370,1
20211013092430,22370,22370,22370,22370,100
20211013092430,22370,22370,22370,22370,400
20211013092431,22375,22375,22375,22375,959
20211013092431,22380,22380,22380,22380,1
20211013092431,22375,22375,22375,22375,1
20211013092431,22375,22375,22375,22375,1
20211013092431,22375,22375,22375,22375,30
20211013092431,22375,22375,22375,22375,300
20211013092431,22375,22375,22375,22375,100
20211013092432,22375,22375,22375,22375,1
20211013092432,22375,22375,22375,22375,111
20211013092432,22380,22380,22380,22380,1
20211013092432,22375,22375,22375,22375,10
20211013092432,22370,22370,22370,22370,230
20211013092433,22375,22375,22375,22375,12
20211013092434,22375,22375,22375,22375,1
20211013092434,22375,22375,22375,22375,7
20211013092435,22375,22375,22375,22375,10
20211013092435,22375,22375,22375,22375,1
20211013092435,22380,22380,22380,22380,1000
20211013092435,22375,22375,22375,22375,30
20211013092435,22375,22375,22375,22375,1
20211013092437,22375,22375,22375,22375,4
20211013092437,22380,22380,22380,22380,1
20211013092437,22375,22375,22375,22375,10
20211013092437,22380,22380,22380,22380,40
20211013092438,22375,22375,22375,22375,5
20211013092438,22380,22380,22380,22380,50
20211013092439,22375,22375,22375,22375,1
20211013092439,22375,22375,22375,22375,1
20211013092440,22375,22375,22375,22375,1
20211013092441,22375,22375,22375,22375,92
20211013092441,22370,22370,22370,22370,388
20211013092443,22370,22370,22370,22370,50
20211013092444,22370,22370,22370,22370,20
20211013092444,22375,22375,22375,22375,484
20211013092445,22375,22375,22375,22375,5
20211013092445,22375,22375,22375,22375,1
20211013092445,22375,22375,22375,22375,419
20211013092445,22375,22375,22375,22375,274
20211013092446,22375,22375,22375,22375,30
20211013092446,22375,22375,22375,22375,333
20211013092447,22375,22375,22375,22375,50
20211013092447,22375,22375,22375,22375,5
20211013092448,22380,22380,22380,22380,1
20211013092448,22380,22380,22380,22380,1
20211013092448,22380,22380,22380,22380,5166
20211013092448,22380,22380,22380,22380,1
20211013092448,22380,22380,22380,22380,100
20211013092448,22380,22380,22380,22380,1
20211013092449,22380,22380,22380,22380,6
20211013092450,22385,22385,22385,22385,222
20211013092450,22385,22385,22385,22385,1
20211013092450,22385,22385,22385,22385,2400
20211013092450,22385,22385,22385,22385,111
20211013092450,22390,22390,22390,22390,1
20211013092450,22385,22385,22385,22385,2
20211013092450,22385,22385,22385,22385,1
20211013092450,22390,22390,22390,22390,1000
20211013092451,22385,22385,22385,22385,1
20211013092451,22390,22390,22390,22390,1
20211013092451,22390,22390,22390,22390,1
20211013092451,22390,22390,22390,22390,1
20211013092453,22390,22390,22390,22390,1255
20211013092453,22385,22385,22385,22385,8
20211013092454,22390,22390,22390,22390,128
20211013092454,22390,22390,22390,22390,35
20211013092455,22385,22385,22385,22385,484
20211013092455,22390,22390,22390,22390,20
20211013092455,22390,22390,22390,22390,4969
20211013092456,22390,22390,22390,22390,80
20211013092456,22390,22390,22390,22390,7
20211013092456,22390,22390,22390,22390,1
20211013092457,22390,22390,22390,22390,1
20211013092457,22395,22395,22395,22395,1
20211013092457,22395,22395,22395,22395,1
20211013092457,22390,22390,22390,22390,1
20211013092457,22395,22395,22395,22395,30
20211013092458,22390,22390,22390,22390,3717
20211013092458,22390,22390,22390,22390,5
20211013092458,22385,22385,22385,22385,1
20211013092458,22390,22390,22390,22390,50
20211013092458,22385,22385,22385,22385,1
20211013092458,22390,22390,22390,22390,2
20211013092459,22380,22380,22380,22380,20
20211013092459,22390,22390,22390,22390,100
20211013092459,22385,22385,22385,22385,2
20211013092500,22385,22385,22385,22385,8
20211013092500,22385,22385,22385,22385,10
20211013092500,22385,22385,22385,22385,6
20211013092501,22385,22385,22385,22385,1
20211013092502,22385,22385,22385,22385,8
20211013092502,22385,22385,22385,22385,45
20211013092502,22385,22385,22385,22385,1
20211013092502,22385,22385,22385,22385,1
20211013092503,22385,22385,22385,22385,1
20211013092503,22385,22385,22385,22385,1
20211013092503,22385,22385,22385,22385,1
20211013092504,22390,22390,22390,22390,446
20211013092504,22390,22390,22390,22390,1
20211013092504,22390,22390,22390,22390,1
20211013092504,22385,22385,22385,22385,1
20211013092504,22385,22385,22385,22385,1
20211013092504,22385,22385,22385,22385,1
20211013092504,22385,22385,22385,22385,30
20211013092504,22385,22385,22385,22385,1
20211013092505,22385,22385,22385,22385,500
20211013092505,22385,22385,22385,22385,4918
20211013092506,22380,22380,22380,22380,15
20211013092506,22380,22380,22380,22380,1
20211013092506,22380,22380,22380,22380,1
20211013092506,22380,22380,22380,22380,1
20211013092507,22385,22385,22385,22385,5
20211013092507,22385,22385,22385,22385,1
20211013092507,22385,22385,22385,22385,1
20211013092508,22385,22385,22385,22385,1
20211013092508,22385,22385,22385,22385,1
20211013092508,22385,22385,22385,22385,10
20211013092508,22380,22380,22380,22380,50
20211013092509,22385,22385,22385,22385,1
20211013092510,22385,22385,22385,22385,591
20211013092510,22385,22385,22385,22385,1
20211013092510,22385,22385,22385,22385,1
20211013092510,22385,22385,22385,22385,1
20211013092510,22385,22385,22385,22385,1
20211013092510,22385,22385,22385,22385,1
20211013092510,22385,22385,22385,22385,1
20211013092510,22385,22385,22385,22385,1
20211013092510,22385,22385,22385,22385,1
20211013092510,22385,22385,22385,22385,1
20211013092510,22385,22385,22385,22385,1
20211013092510,22385,22385,22385,22385,1
20211013092510,22385,22385,22385,22385,1
20211013092510,22385,22385,22385,22385,1
20211013092510,22385,22385,22385,22385,1
20211013092510,22385,22385,22385,22385,1
20211013092510,22385,22385,22385,22385,1
20211013092510,22385,22385,22385,22385,1
20211013092510,22385,22385,22385,22385,1
20211013092510,22385,22385,22385,22385,1
20211013092510,22385,22385,22385,22385,1
20211013092510,22385,22385,22385,22385,1
20211013092510,22385,22385,22385,22385,1
20211013092510,22385,22385,22385,22385,1
20211013092510,22385,22385,22385,22385,1
20211013092510,22385,22385,22385,22385,1
20211013092510,22385,22385,22385,22385,1
20211013092510,22385,22385,22385,22385,1
20211013092510,22385,22385,22385,22385,1
20211013092510,22385,22385,22385,22385,1
20211013092510,22385,22385,22385,22385,1
20211013092510,22385,22385,22385,22385,1
20211013092510,22385,22385,22385,22385,1
20211013092510,22385,22385,22385,22385,1
20211013092510,22385,22385,22385,22385,1
20211013092510,22385,22385,22385,22385,1
20211013092510,22385,22385,22385,22385,1
20211013092510,22385,22385,22385,22385,1
20211013092510,22385,22385,22385,22385,1
20211013092510,22385,22385,22385,22385,1
20211013092510,22385,22385,22385,22385,1
20211013092510,22380,22380,22380,22380,42
20211013092510,22385,22385,22385,22385,1
20211013092511,22380,22380,22380,22380,300
20211013092511,22385,22385,22385,22385,1
20211013092512,22385,22385,22385,22385,10
20211013092512,22385,22385,22385,22385,130
20211013092512,22390,22390,22390,22390,2000
20211013092512,22390,22390,22390,22390,727
20211013092512,22385,22385,22385,22385,1
20211013092512,22390,22390,22390,22390,1
20211013092513,22385,22385,22385,22385,200
20211013092516,22385,22385,22385,22385,500
20211013092517,22385,22385,22385,22385,733
20211013092517,22385,22385,22385,22385,1
20211013092517,22385,22385,22385,22385,12600
20211013092517,22385,22385,22385,22385,2399
20211013092517,22380,22380,22380,22380,2085
20211013092517,22380,22380,22380,22380,1
20211013092517,22380,22380,22380,22380,445
20211013092517,22380,22380,22380,22380,671
20211013092518,22380,22380,22380,22380,10
20211013092518,22375,22375,22375,22375,2277
20211013092518,22380,22380,22380,22380,1
20211013092519,22375,22375,22375,22375,2
20211013092519,22380,22380,22380,22380,1
20211013092519,22375,22375,22375,22375,1275
20211013092519,22375,22375,22375,22375,2085
20211013092519,22375,22375,22375,22375,1637
20211013092520,22375,22375,22375,22375,89
20211013092520,22380,22380,22380,22380,111
20211013092520,22375,22375,22375,22375,1
20211013092520,22375,22375,22375,22375,50
20211013092521,22370,22370,22370,22370,824
20211013092522,22365,22365,22365,22365,1
20211013092522,22365,22365,22365,22365,1
20211013092522,22365,22365,22365,22365,3
20211013092523,22370,22370,22370,22370,152
20211013092523,22365,22365,22365,22365,1259
20211013092523,22360,22360,22360,22360,1017
20211013092524,22365,22365,22365,22365,500
20211013092524,22360,22360,22360,22360,755
20211013092524,22370,22370,22370,22370,1
20211013092524,22365,22365,22365,22365,6
20211013092525,22360,22360,22360,22360,100
20211013092525,22360,22360,22360,22360,2001
20211013092525,22365,22365,22365,22365,1
20211013092526,22365,22365,22365,22365,1
20211013092526,22360,22360,22360,22360,1
20211013092526,22365,22365,22365,22365,348
20211013092526,22365,22365,22365,22365,500
20211013092527,22365,22365,22365,22365,1
20211013092528,22365,22365,22365,22365,20
20211013092528,22365,22365,22365,22365,3
20211013092529,22365,22365,22365,22365,2
20211013092529,22365,22365,22365,22365,1
20211013092529,22365,22365,22365,22365,100
20211013092529,22365,22365,22365,22365,1
20211013092530,22360,22360,22360,22360,1
20211013092530,22360,22360,22360,22360,468
20211013092530,22365,22365,22365,22365,1
20211013092530,22365,22365,22365,22365,1
20211013092531,22365,22365,22365,22365,1
20211013092532,22365,22365,22365,22365,20
20211013092532,22365,22365,22365,22365,1
20211013092532,22360,22360,22360,22360,10
20211013092532,22360,22360,22360,22360,200
20211013092532,22365,22365,22365,22365,1
20211013092532,22365,22365,22365,22365,7
20211013092532,22365,22365,22365,22365,501
20211013092532,22360,22360,22360,22360,499
20211013092533,22365,22365,22365,22365,1
20211013092533,22365,22365,22365,22365,250
20211013092533,22370,22370,22370,22370,501
20211013092533,22375,22375,22375,22375,4499
20211013092533,22375,22375,22375,22375,1
20211013092534,22370,22370,22370,22370,1
20211013092534,22370,22370,22370,22370,1
20211013092534,22375,22375,22375,22375,1
20211013092535,22375,22375,22375,22375,1
20211013092535,22365,22365,22365,22365,100
20211013092535,22370,22370,22370,22370,1
20211013092535,22370,22370,22370,22370,232
20211013092536,22370,22370,22370,22370,1
20211013092536,22370,22370,22370,22370,1
20211013092536,22375,22375,22375,22375,9
20211013092537,22375,22375,22375,22375,1
20211013092537,22375,22375,22375,22375,20
20211013092537,22370,22370,22370,22370,2
20211013092537,22375,22375,22375,22375,98
20211013092538,22375,22375,22375,22375,10
20211013092538,22370,22370,22370,22370,1
20211013092539,22370,22370,22370,22370,5
20211013092540,22370,22370,22370,22370,50
20211013092540,22370,22370,22370,22370,1
20211013092540,22370,22370,22370,22370,84
20211013092540,22375,22375,22375,22375,1
20211013092541,22370,22370,22370,22370,1
20211013092541,22370,22370,22370,22370,30
20211013092541,22375,22375,22375,22375,1
20211013092541,22370,22370,22370,22370,2
20211013092542,22370,22370,22370,22370,201
20211013092542,22370,22370,22370,22370,20
20211013092543,22370,22370,22370,22370,2
20211013092543,22375,22375,22375,22375,1
20211013092543,22370,22370,22370,22370,20
20211013092544,22370,22370,22370,22370,1
20211013092544,22370,22370,22370,22370,1
20211013092544,22370,22370,22370,22370,198
20211013092544,22370,22370,22370,22370,199
20211013092544,22370,22370,22370,22370,1
20211013092546,22370,22370,22370,22370,20
20211013092547,22375,22375,22375,22375,1
20211013092547,22370,22370,22370,22370,1
20211013092548,22370,22370,22370,22370,1
20211013092548,22365,22365,22365,22365,9
20211013092548,22375,22375,22375,22375,1
20211013092549,22370,22370,22370,22370,1
20211013092550,22370,22370,22370,22370,1
20211013092550,22375,22375,22375,22375,1
20211013092550,22375,22375,22375,22375,1
20211013092550,22370,22370,22370,22370,1
20211013092551,22370,22370,22370,22370,20
20211013092551,22370,22370,22370,22370,1
20211013092551,22375,22375,22375,22375,1
20211013092552,22375,22375,22375,22375,1
20211013092552,22370,22370,22370,22370,1
20211013092552,22370,22370,22370,22370,1
20211013092552,22370,22370,22370,22370,111
20211013092552,22370,22370,22370,22370,28
20211013092553,22370,22370,22370,22370,1
20211013092554,22365,22365,22365,22365,1
20211013092554,22370,22370,22370,22370,1
20211013092555,22370,22370,22370,22370,500
20211013092555,22365,22365,22365,22365,20
20211013092556,22370,22370,22370,22370,1
20211013092556,22365,22365,22365,22365,30
20211013092556,22365,22365,22365,22365,1
20211013092558,22365,22365,22365,22365,1
20211013092558,22370,22370,22370,22370,1
20211013092559,22370,22370,22370,22370,1
20211013092559,22370,22370,22370,22370,608
20211013092559,22370,22370,22370,22370,1369
20211013092559,22370,22370,22370,22370,1369
20211013092559,22370,22370,22370,22370,1
20211013092601,22370,22370,22370,22370,1
20211013092601,22370,22370,22370,22370,19
20211013092602,22370,22370,22370,22370,1
20211013092602,22375,22375,22375,22375,1
20211013092603,22375,22375,22375,22375,1
20211013092603,22375,22375,22375,22375,3452
20211013092604,22375,22375,22375,22375,1245
20211013092604,22375,22375,22375,22375,1
20211013092604,22370,22370,22370,22370,12896
20211013092604,22370,22370,22370,22370,1
20211013092604,22370,22370,22370,22370,44
20211013092604,22370,22370,22370,22370,2355
20211013092604,22370,22370,22370,22370,2355
20211013092604,22370,22370,22370,22370,2355
20211013092604,22370,22370,22370,22370,2355
20211013092605,22365,22365,22365,22365,400
20211013092605,22370,22370,22370,22370,1
20211013092605,22370,22370,22370,22370,1
20211013092606,22370,22370,22370,22370,1
20211013092606,22370,22370,22370,22370,10
20211013092607,22375,22375,22375,22375,1
20211013092607,22370,22370,22370,22370,1
20211013092608,22370,22370,22370,22370,20
20211013092608,22370,22370,22370,22370,100
20211013092608,22370,22370,22370,22370,500
20211013092608,22375,22375,22375,22375,1
20211013092609,22370,22370,22370,22370,100
20211013092609,22370,22370,22370,22370,1
20211013092610,22375,22375,22375,22375,1
20211013092610,22370,22370,22370,22370,1
20211013092610,22365,22365,22365,22365,900
20211013092611,22375,22375,22375,22375,1
20211013092611,22370,22370,22370,22370,1
20211013092612,22370,22370,22370,22370,1
20211013092613,22370,22370,22370,22370,1
20211013092613,22365,22365,22365,22365,7312
20211013092613,22370,22370,22370,22370,28
20211013092614,22370,22370,22370,22370,1
20211013092615,22370,22370,22370,22370,1
20211013092616,22365,22365,22365,22365,3
20211013092617,22370,22370,22370,22370,1
20211013092617,22370,22370,22370,22370,50
20211013092618,22365,22365,22365,22365,1
20211013092618,22365,22365,22365,22365,1
20211013092618,22360,22360,22360,22360,25
20211013092618,22370,22370,22370,22370,1
20211013092618,22365,22365,22365,22365,1
20211013092619,22360,22360,22360,22360,600
20211013092619,22370,22370,22370,22370,11
20211013092619,22365,22365,22365,22365,41
20211013092620,22370,22370,22370,22370,1
20211013092620,22365,22365,22365,22365,1
20211013092620,22360,22360,22360,22360,99
20211013092621,22370,22370,22370,22370,1
20211013092622,22365,22365,22365,22365,3
20211013092622,22365,22365,22365,22365,1
20211013092622,22365,22365,22365,22365,850
20211013092623,22370,22370,22370,22370,1
20211013092624,22365,22365,22365,22365,2
20211013092624,22370,22370,22370,22370,1
20211013092624,22365,22365,22365,22365,2001
20211013092625,22360,22360,22360,22360,5000
20211013092625,22365,22365,22365,22365,1
20211013092625,22370,22370,22370,22370,20
20211013092625,22365,22365,22365,22365,1
20211013092626,22360,22360,22360,22360,1
20211013092626,22365,22365,22365,22365,1
20211013092626,22365,22365,22365,22365,1
20211013092626,22360,22360,22360,22360,1808
20211013092626,22360,22360,22360,22360,500
20211013092627,22360,22360,22360,22360,1
20211013092627,22360,22360,22360,22360,1
20211013092628,22355,22355,22355,22355,1
20211013092628,22360,22360,22360,22360,1
20211013092628,22355,22355,22355,22355,383
20211013092628,22360,22360,22360,22360,1
20211013092629,22360,22360,22360,22360,1
20211013092629,22360,22360,22360,22360,1
20211013092629,22355,22355,22355,22355,1
20211013092629,22355,22355,22355,22355,99
20211013092630,22355,22355,22355,22355,1
20211013092630,22355,22355,22355,22355,1
20211013092630,22360,22360,22360,22360,50
20211013092631,22360,22360,22360,22360,1
20211013092631,22360,22360,22360,22360,1
20211013092631,22360,22360,22360,22360,1
20211013092632,22365,22365,22365,22365,1
20211013092632,22360,22360,22360,22360,10
20211013092633,22360,22360,22360,22360,489
20211013092633,22355,22355,22355,22355,11
20211013092633,22365,22365,22365,22365,111
20211013092633,22365,22365,22365,22365,1
20211013092634,22360,22360,22360,22360,100
20211013092635,22360,22360,22360,22360,50
20211013092635,22365,22365,22365,22365,1
20211013092635,22360,22360,22360,22360,587
20211013092635,22360,22360,22360,22360,1
20211013092635,22365,22365,22365,22365,111
20211013092636,22360,22360,22360,22360,51
20211013092636,22360,22360,22360,22360,1
20211013092636,22365,22365,22365,22365,1
20211013092637,22360,22360,22360,22360,1
20211013092638,22360,22360,22360,22360,1
20211013092638,22360,22360,22360,22360,1
20211013092638,22365,22365,22365,22365,1
20211013092638,22365,22365,22365,22365,50
20211013092639,22360,22360,22360,22360,1
20211013092639,22355,22355,22355,22355,19
20211013092639,22360,22360,22360,22360,2000
20211013092639,22360,22360,22360,22360,1
20211013092639,22365,22365,22365,22365,1
20211013092640,22360,22360,22360,22360,1
20211013092640,22360,22360,22360,22360,1
20211013092641,22365,22365,22365,22365,1
20211013092642,22360,22360,22360,22360,200
20211013092642,22360,22360,22360,22360,6
20211013092642,22360,22360,22360,22360,34
20211013092642,22365,22365,22365,22365,1
20211013092643,22360,22360,22360,22360,3
20211013092643,22360,22360,22360,22360,3
20211013092643,22360,22360,22360,22360,41
20211013092644,22365,22365,22365,22365,1
20211013092644,22360,22360,22360,22360,1
20211013092644,22355,22355,22355,22355,299
20211013092645,22360,22360,22360,22360,1
20211013092645,22360,22360,22360,22360,100
20211013092645,22360,22360,22360,22360,1
20211013092645,22360,22360,22360,22360,1
20211013092646,22355,22355,22355,22355,100
20211013092647,22360,22360,22360,22360,3
20211013092647,22360,22360,22360,22360,1
20211013092647,22360,22360,22360,22360,1
20211013092647,22360,22360,22360,22360,100
20211013092648,22365,22365,22365,22365,1
20211013092648,22360,22360,22360,22360,104
20211013092649,22360,22360,22360,22360,100
20211013092649,22360,22360,22360,22360,1
20211013092650,22355,22355,22355,22355,1174
20211013092650,22360,22360,22360,22360,1
20211013092650,22360,22360,22360,22360,99
20211013092650,22360,22360,22360,22360,1
20211013092651,22360,22360,22360,22360,5
20211013092651,22360,22360,22360,22360,1
20211013092651,22360,22360,22360,22360,3000
20211013092652,22355,22355,22355,22355,134
20211013092652,22360,22360,22360,22360,1000
20211013092654,22360,22360,22360,22360,10
20211013092655,22360,22360,22360,22360,1
20211013092655,22360,22360,22360,22360,31
20211013092658,22360,22360,22360,22360,400
20211013092658,22365,22365,22365,22365,1
20211013092658,22365,22365,22365,22365,1452
20211013092658,22365,22365,22365,22365,500
20211013092659,22365,22365,22365,22365,59
20211013092659,22365,22365,22365,22365,5
20211013092700,22365,22365,22365,22365,10
20211013092701,22370,22370,22370,22370,1
20211013092701,22370,22370,22370,22370,2864
20211013092701,22370,22370,22370,22370,1
20211013092701,22370,22370,22370,22370,511
20211013092701,22370,22370,22370,22370,1
20211013092701,22365,22365,22365,22365,10
20211013092701,22370,22370,22370,22370,6723
20211013092701,22375,22375,22375,22375,1
20211013092701,22365,22365,22365,22365,1122
20211013092702,22365,22365,22365,22365,1
20211013092702,22360,22360,22360,22360,225
20211013092703,22370,22370,22370,22370,1
20211013092703,22365,22365,22365,22365,50
20211013092704,22365,22365,22365,22365,22
20211013092704,22370,22370,22370,22370,1
20211013092705,22365,22365,22365,22365,300
20211013092705,22365,22365,22365,22365,1
20211013092705,22365,22365,22365,22365,10
20211013092705,22365,22365,22365,22365,1
20211013092706,22365,22365,22365,22365,1
20211013092706,22365,22365,22365,22365,1
20211013092706,22365,22365,22365,22365,1
20211013092706,22360,22360,22360,22360,1
20211013092706,22360,22360,22360,22360,10
20211013092707,22370,22370,22370,22370,1
20211013092708,22365,22365,22365,22365,2
20211013092708,22360,22360,22360,22360,400
20211013092708,22365,22365,22365,22365,1
20211013092709,22365,22365,22365,22365,1
20211013092709,22360,22360,22360,22360,1
20211013092709,22360,22360,22360,22360,1
20211013092709,22360,22360,22360,22360,10
20211013092710,22365,22365,22365,22365,1
20211013092710,22365,22365,22365,22365,299
20211013092710,22370,22370,22370,22370,1
20211013092711,22365,22365,22365,22365,1
20211013092711,22365,22365,22365,22365,1
20211013092713,22365,22365,22365,22365,2
20211013092713,22365,22365,22365,22365,145
20211013092713,22365,22365,22365,22365,145
20211013092713,22365,22365,22365,22365,145
20211013092713,22365,22365,22365,22365,63
20211013092713,22370,22370,22370,22370,1
20211013092713,22370,22370,22370,22370,1
20211013092714,22365,22365,22365,22365,1
20211013092714,22360,22360,22360,22360,4
20211013092714,22370,22370,22370,22370,1
20211013092714,22370,22370,22370,22370,4
20211013092716,22370,22370,22370,22370,1
20211013092716,22365,22365,22365,22365,2
20211013092717,22365,22365,22365,22365,1
20211013092718,22365,22365,22365,22365,1
20211013092718,22365,22365,22365,22365,1
20211013092719,22365,22365,22365,22365,1
20211013092719,22365,22365,22365,22365,5
20211013092720,22365,22365,22365,22365,1
20211013092720,22365,22365,22365,22365,628
20211013092720,22360,22360,22360,22360,1
20211013092720,22365,22365,22365,22365,1
20211013092721,22365,22365,22365,22365,1
20211013092722,22360,22360,22360,22360,100
20211013092722,22360,22360,22360,22360,208
20211013092722,22360,22360,22360,22360,28
20211013092723,22360,22360,22360,22360,1
20211013092723,22360,22360,22360,22360,1
20211013092723,22360,22360,22360,22360,44
20211013092724,22360,22360,22360,22360,1
20211013092724,22360,22360,22360,22360,1
20211013092724,22360,22360,22360,22360,1
20211013092725,22360,22360,22360,22360,1
20211013092725,22360,22360,22360,22360,1
20211013092725,22360,22360,22360,22360,4
20211013092726,22360,22360,22360,22360,1
20211013092726,22360,22360,22360,22360,1
20211013092727,22355,22355,22355,22355,1301
20211013092727,22355,22355,22355,22355,1
20211013092727,22355,22355,22355,22355,1
20211013092728,22355,22355,22355,22355,1
20211013092729,22355,22355,22355,22355,1
20211013092730,22355,22355,22355,22355,10
20211013092730,22355,22355,22355,22355,30
20211013092731,22360,22360,22360,22360,50
20211013092731,22355,22355,22355,22355,1
20211013092731,22355,22355,22355,22355,1
20211013092731,22355,22355,22355,22355,1000
20211013092731,22350,22350,22350,22350,2
20211013092732,22355,22355,22355,22355,1
20211013092733,22355,22355,22355,22355,1
20211013092733,22355,22355,22355,22355,610
20211013092733,22350,22350,22350,22350,4
20211013092733,22355,22355,22355,22355,1
20211013092733,22355,22355,22355,22355,1
20211013092734,22350,22350,22350,22350,1
20211013092734,22350,22350,22350,22350,1
20211013092734,22350,22350,22350,22350,1
20211013092734,22355,22355,22355,22355,1
20211013092734,22350,22350,22350,22350,1
20211013092734,22350,22350,22350,22350,200
20211013092734,22350,22350,22350,22350,1
20211013092734,22350,22350,22350,22350,8015
20211013092734,22355,22355,22355,22355,1
20211013092734,22355,22355,22355,22355,1
20211013092735,22355,22355,22355,22355,1
20211013092735,22355,22355,22355,22355,1
20211013092735,22355,22355,22355,22355,1
20211013092735,22350,22350,22350,22350,1
20211013092736,22350,22350,22350,22350,1
20211013092736,22345,22345,22345,22345,1244
20211013092736,22355,22355,22355,22355,12
20211013092736,22355,22355,22355,22355,1
20211013092736,22355,22355,22355,22355,1
20211013092737,22355,22355,22355,22355,303
20211013092738,22355,22355,22355,22355,848
20211013092738,22360,22360,22360,22360,1
20211013092739,22355,22355,22355,22355,1
20211013092739,22355,22355,22355,22355,1
20211013092740,22350,22350,22350,22350,1
20211013092740,22355,22355,22355,22355,1
20211013092740,22355,22355,22355,22355,1
20211013092741,22350,22350,22350,22350,1
20211013092741,22355,22355,22355,22355,398
20211013092741,22355,22355,22355,22355,1
20211013092741,22350,22350,22350,22350,4
20211013092742,22355,22355,22355,22355,10
20211013092742,22355,22355,22355,22355,500
20211013092742,22355,22355,22355,22355,1
20211013092743,22355,22355,22355,22355,1
20211013092743,22355,22355,22355,22355,498
20211013092743,22355,22355,22355,22355,1
20211013092744,22355,22355,22355,22355,1
20211013092744,22355,22355,22355,22355,1
20211013092744,22355,22355,22355,22355,499
20211013092745,22355,22355,22355,22355,200
20211013092745,22355,22355,22355,22355,2
20211013092746,22355,22355,22355,22355,1
20211013092746,22350,22350,22350,22350,1
20211013092746,22350,22350,22350,22350,1
20211013092747,22355,22355,22355,22355,799
20211013092747,22355,22355,22355,22355,37
20211013092747,22355,22355,22355,22355,1
20211013092747,22355,22355,22355,22355,10
20211013092747,22355,22355,22355,22355,1
20211013092748,22355,22355,22355,22355,1
20211013092749,22355,22355,22355,22355,1
20211013092749,22350,22350,22350,22350,1
20211013092749,22355,22355,22355,22355,1
20211013092749,22350,22350,22350,22350,169
20211013092750,22355,22355,22355,22355,1
20211013092751,22355,22355,22355,22355,1
20211013092751,22355,22355,22355,22355,1
20211013092751,22355,22355,22355,22355,100
20211013092752,22355,22355,22355,22355,1
20211013092752,22355,22355,22355,22355,1
20211013092753,22355,22355,22355,22355,1
20211013092753,22350,22350,22350,22350,1
20211013092753,22355,22355,22355,22355,1
20211013092753,22355,22355,22355,22355,1
20211013092754,22355,22355,22355,22355,1
20211013092755,22350,22350,22350,22350,134
20211013092755,22345,22345,22345,22345,1404
20211013092755,22355,22355,22355,22355,1
20211013092756,22350,22350,22350,22350,125
20211013092756,22350,22350,22350,22350,500
20211013092756,22355,22355,22355,22355,1
20211013092757,22350,22350,22350,22350,1
20211013092758,22350,22350,22350,22350,1
20211013092759,22355,22355,22355,22355,1
20211013092759,22355,22355,22355,22355,1
20211013092759,22355,22355,22355,22355,1
20211013092800,22350,22350,22350,22350,2
20211013092800,22355,22355,22355,22355,1
20211013092801,22355,22355,22355,22355,1
20211013092801,22355,22355,22355,22355,836
20211013092801,22355,22355,22355,22355,2
20211013092801,22360,22360,22360,22360,3680
20211013092801,22355,22355,22355,22355,672
20211013092802,22355,22355,22355,22355,4
20211013092803,22360,22360,22360,22360,2
20211013092803,22360,22360,22360,22360,3
20211013092803,22365,22365,22365,22365,2547
20211013092803,22360,22360,22360,22360,4
20211013092804,22360,22360,22360,22360,4
20211013092804,22365,22365,22365,22365,4
20211013092804,22365,22365,22365,22365,48
20211013092804,22365,22365,22365,22365,500
20211013092805,22365,22365,22365,22365,64
20211013092805,22365,22365,22365,22365,4
20211013092805,22365,22365,22365,22365,100
20211013092805,22370,22370,22370,22370,1
20211013092805,22370,22370,22370,22370,1
20211013092805,22370,22370,22370,22370,10790
20211013092805,22365,22365,22365,22365,500
20211013092805,22365,22365,22365,22365,4
20211013092805,22370,22370,22370,22370,1
20211013092805,22370,22370,22370,22370,1
20211013092805,22370,22370,22370,22370,3001
20211013092805,22370,22370,22370,22370,1
20211013092805,22370,22370,22370,22370,1
20211013092805,22370,22370,22370,22370,1553
20211013092805,22370,22370,22370,22370,1553
20211013092805,22370,22370,22370,22370,1553
20211013092805,22370,22370,22370,22370,500
20211013092805,22370,22370,22370,22370,1
20211013092805,22370,22370,22370,22370,2839
20211013092805,22370,22370,22370,22370,2839
20211013092805,22370,22370,22370,22370,2839
20211013092805,22370,22370,22370,22370,500
20211013092805,22370,22370,22370,22370,1
20211013092805,22370,22370,22370,22370,1
20211013092805,22370,22370,22370,22370,1770
20211013092805,22370,22370,22370,22370,1
20211013092805,22370,22370,22370,22370,2839
20211013092805,22370,22370,22370,22370,2839
20211013092805,22370,22370,22370,22370,1
20211013092806,22370,22370,22370,22370,3
20211013092806,22370,22370,22370,22370,1
20211013092806,22370,22370,22370,22370,20
20211013092806,22370,22370,22370,22370,1
20211013092806,22365,22365,22365,22365,50
20211013092806,22365,22365,22365,22365,1
20211013092808,22365,22365,22365,22365,4
20211013092809,22370,22370,22370,22370,20
20211013092809,22365,22365,22365,22365,650
20211013092810,22365,22365,22365,22365,1235
20211013092811,22365,22365,22365,22365,4
20211013092811,22370,22370,22370,22370,21
20211013092812,22365,22365,22365,22365,4
20211013092812,22370,22370,22370,22370,153
20211013092814,22370,22370,22370,22370,1
20211013092815,22365,22365,22365,22365,1
20211013092815,22365,22365,22365,22365,3
20211013092815,22365,22365,22365,22365,1
20211013092816,22365,22365,22365,22365,1
20211013092816,22360,22360,22360,22360,1001
20211013092816,22360,22360,22360,22360,274
20211013092816,22360,22360,22360,22360,21
20211013092817,22355,22355,22355,22355,1
20211013092817,22360,22360,22360,22360,44
20211013092817,22360,22360,22360,22360,1
20211013092817,22355,22355,22355,22355,5
20211013092818,22360,22360,22360,22360,1
20211013092819,22360,22360,22360,22360,1
20211013092819,22355,22355,22355,22355,5006
20211013092819,22355,22355,22355,22355,1
20211013092819,22350,22350,22350,22350,1
20211013092819,22350,22350,22350,22350,154
20211013092820,22345,22345,22345,22345,5
20211013092820,22350,22350,22350,22350,1
20211013092821,22350,22350,22350,22350,256
20211013092823,22355,22355,22355,22355,50
20211013092823,22350,22350,22350,22350,1
20211013092824,22345,22345,22345,22345,872
20211013092824,22350,22350,22350,22350,5
20211013092825,22340,22340,22340,22340,50
20211013092825,22345,22345,22345,22345,4
20211013092825,22340,22340,22340,22340,50
20211013092826,22350,22350,22350,22350,11
20211013092826,22350,22350,22350,22350,1
20211013092827,22345,22345,22345,22345,200
20211013092827,22345,22345,22345,22345,1
20211013092828,22345,22345,22345,22345,5
20211013092829,22345,22345,22345,22345,2
20211013092830,22350,22350,22350,22350,1
20211013092831,22350,22350,22350,22350,1
20211013092831,22345,22345,22345,22345,303
20211013092831,22350,22350,22350,22350,1
20211013092831,22345,22345,22345,22345,500
20211013092831,22345,22345,22345,22345,118
20211013092832,22350,22350,22350,22350,1
20211013092833,22345,22345,22345,22345,4
20211013092833,22340,22340,22340,22340,198
20211013092834,22350,22350,22350,22350,1
20211013092834,22350,22350,22350,22350,163
20211013092834,22345,22345,22345,22345,500
20211013092834,22350,22350,22350,22350,10
20211013092835,22350,22350,22350,22350,90
20211013092835,22350,22350,22350,22350,90
20211013092835,22350,22350,22350,22350,210
20211013092835,22345,22345,22345,22345,100
20211013092835,22355,22355,22355,22355,1
20211013092836,22355,22355,22355,22355,1
20211013092836,22355,22355,22355,22355,1
20211013092836,22350,22350,22350,22350,44
20211013092836,22350,22350,22350,22350,225
20211013092837,22355,22355,22355,22355,2550
20211013092837,22360,22360,22360,22360,1
20211013092838,22360,22360,22360,22360,1
20211013092840,22355,22355,22355,22355,1
20211013092840,22360,22360,22360,22360,9
20211013092840,22355,22355,22355,22355,1
20211013092844,22355,22355,22355,22355,111
20211013092845,22355,22355,22355,22355,500
20211013092845,22355,22355,22355,22355,1
20211013092846,22350,22350,22350,22350,2
20211013092847,22355,22355,22355,22355,1
20211013092847,22350,22350,22350,22350,450
20211013092848,22355,22355,22355,22355,1
20211013092848,22355,22355,22355,22355,1
20211013092850,22350,22350,22350,22350,100
20211013092850,22355,22355,22355,22355,1
20211013092850,22355,22355,22355,22355,1
20211013092850,22350,22350,22350,22350,1
20211013092851,22355,22355,22355,22355,1
20211013092851,22350,22350,22350,22350,1
20211013092851,22355,22355,22355,22355,1
20211013092851,22355,22355,22355,22355,1
20211013092852,22355,22355,22355,22355,1632
20211013092852,22355,22355,22355,22355,10
20211013092853,22355,22355,22355,22355,10
20211013092853,22355,22355,22355,22355,4
20211013092853,22360,22360,22360,22360,1
20211013092853,22360,22360,22360,22360,1
20211013092853,22355,22355,22355,22355,73
20211013092854,22350,22350,22350,22350,31
20211013092854,22355,22355,22355,22355,1
20211013092856,22355,22355,22355,22355,1
20211013092856,22350,22350,22350,22350,5142
20211013092856,22345,22345,22345,22345,40
20211013092856,22345,22345,22345,22345,1
20211013092857,22350,22350,22350,22350,50
20211013092857,22350,22350,22350,22350,1
20211013092857,22345,22345,22345,22345,180
20211013092857,22345,22345,22345,22345,1
20211013092858,22345,22345,22345,22345,10
20211013092858,22340,22340,22340,22340,1
20211013092858,22340,22340,22340,22340,3
20211013092858,22340,22340,22340,22340,1
20211013092858,22345,22345,22345,22345,1
20211013092858,22345,22345,22345,22345,1
20211013092858,22340,22340,22340,22340,5804
20211013092859,22340,22340,22340,22340,10
20211013092859,22340,22340,22340,22340,1
20211013092900,22340,22340,22340,22340,10
20211013092900,22340,22340,22340,22340,500
20211013092900,22340,22340,22340,22340,500
20211013092900,22335,22335,22335,22335,930
20211013092900,22345,22345,22345,22345,1
20211013092900,22345,22345,22345,22345,16
20211013092901,22345,22345,22345,22345,1
20211013092901,22345,22345,22345,22345,200
20211013092902,22340,22340,22340,22340,1
20211013092902,22335,22335,22335,22335,44
20211013092902,22340,22340,22340,22340,1
20211013092903,22335,22335,22335,22335,1
20211013092903,22340,22340,22340,22340,1
20211013092903,22335,22335,22335,22335,3
20211013092904,22340,22340,22340,22340,1
20211013092904,22345,22345,22345,22345,1
20211013092904,22335,22335,22335,22335,50
20211013092905,22340,22340,22340,22340,16
20211013092905,22340,22340,22340,22340,1
20211013092905,22335,22335,22335,22335,1
20211013092905,22340,22340,22340,22340,10
20211013092906,22335,22335,22335,22335,675
20211013092906,22340,22340,22340,22340,1
20211013092906,22340,22340,22340,22340,155
20211013092907,22340,22340,22340,22340,1
20211013092907,22340,22340,22340,22340,1
20211013092907,22345,22345,22345,22345,1
20211013092907,22340,22340,22340,22340,1
20211013092907,22340,22340,22340,22340,1000
20211013092908,22340,22340,22340,22340,27694
20211013092908,22340,22340,22340,22340,1
20211013092908,22345,22345,22345,22345,7710
20211013092908,22345,22345,22345,22345,1
20211013092909,22340,22340,22340,22340,1
20211013092909,22340,22340,22340,22340,99
20211013092909,22340,22340,22340,22340,4
20211013092909,22340,22340,22340,22340,1
20211013092910,22345,22345,22345,22345,20
20211013092911,22345,22345,22345,22345,4
20211013092911,22355,22355,22355,22355,1
20211013092911,22345,22345,22345,22345,16
20211013092911,22345,22345,22345,22345,700
20211013092911,22345,22345,22345,22345,500
20211013092912,22345,22345,22345,22345,4
20211013092912,22355,22355,22355,22355,1
20211013092912,22345,22345,22345,22345,4
20211013092913,22345,22345,22345,22345,4
20211013092914,22355,22355,22355,22355,238
20211013092914,22350,22350,22350,22350,40
20211013092914,22350,22350,22350,22350,55
20211013092915,22355,22355,22355,22355,1
20211013092916,22350,22350,22350,22350,250
20211013092917,22355,22355,22355,22355,562
20211013092917,22350,22350,22350,22350,20
20211013092918,22350,22350,22350,22350,1
20211013092918,22350,22350,22350,22350,113
20211013092918,22350,22350,22350,22350,1
20211013092918,22350,22350,22350,22350,1
20211013092919,22355,22355,22355,22355,1
20211013092922,22355,22355,22355,22355,1
20211013092922,22355,22355,22355,22355,1
20211013092923,22355,22355,22355,22355,106
20211013092923,22355,22355,22355,22355,4
20211013092923,22355,22355,22355,22355,100
20211013092923,22355,22355,22355,22355,2
20211013092924,22355,22355,22355,22355,3
20211013092924,22355,22355,22355,22355,220
20211013092925,22350,22350,22350,22350,3
20211013092925,22355,22355,22355,22355,11
20211013092925,22355,22355,22355,22355,1
20211013092925,22355,22355,22355,22355,2
20211013092927,22360,22360,22360,22360,10
20211013092931,22360,22360,22360,22360,1
20211013092932,22360,22360,22360,22360,1
20211013092932,22360,22360,22360,22360,1
20211013092932,22360,22360,22360,22360,8154
20211013092934,22360,22360,22360,22360,1
20211013092934,22360,22360,22360,22360,10
20211013092934,22360,22360,22360,22360,360
20211013092935,22365,22365,22365,22365,2672
20211013092935,22365,22365,22365,22365,1000
20211013092935,22365,22365,22365,22365,700
20211013092935,22370,22370,22370,22370,6924
20211013092935,22375,22375,22375,22375,1
20211013092937,22370,22370,22370,22370,100
20211013092937,22375,22375,22375,22375,10
20211013092938,22375,22375,22375,22375,1
20211013092939,22370,22370,22370,22370,4
20211013092939,22370,22370,22370,22370,1
20211013092940,22365,22365,22365,22365,1
20211013092941,22370,22370,22370,22370,1
20211013092941,22365,22365,22365,22365,100
20211013092942,22360,22360,22360,22360,45
20211013092942,22370,22370,22370,22370,1
20211013092943,22370,22370,22370,22370,1
20211013092943,22370,22370,22370,22370,1
20211013092943,22370,22370,22370,22370,1
20211013092944,22370,22370,22370,22370,165
20211013092944,22375,22375,22375,22375,1
20211013092945,22370,22370,22370,22370,11
20211013092945,22375,22375,22375,22375,1
20211013092946,22375,22375,22375,22375,1
20211013092946,22370,22370,22370,22370,30
20211013092947,22375,22375,22375,22375,1
20211013092947,22375,22375,22375,22375,1
20211013092947,22370,22370,22370,22370,1
20211013092947,22370,22370,22370,22370,47
20211013092947,22370,22370,22370,22370,894
20211013092947,22375,22375,22375,22375,1
20211013092948,22375,22375,22375,22375,1
20211013092948,22375,22375,22375,22375,1
20211013092948,22375,22375,22375,22375,1
20211013092949,22375,22375,22375,22375,1
20211013092950,22375,22375,22375,22375,1
20211013092950,22375,22375,22375,22375,1
20211013092950,22375,22375,22375,22375,1
20211013092950,22375,22375,22375,22375,12898
20211013092950,22375,22375,22375,22375,500
20211013092950,22380,22380,22380,22380,1
20211013092950,22375,22375,22375,22375,3
20211013092950,22380,22380,22380,22380,1
20211013092950,22380,22380,22380,22380,1
20211013092950,22375,22375,22375,22375,1
20211013092950,22375,22375,22375,22375,1
20211013092950,22375,22375,22375,22375,98
20211013092950,22375,22375,22375,22375,1
20211013092951,22375,22375,22375,22375,1
20211013092951,22375,22375,22375,22375,10
20211013092951,22375,22375,22375,22375,1
20211013092951,22375,22375,22375,22375,500
20211013092952,22375,22375,22375,22375,1
20211013092953,22375,22375,22375,22375,1
20211013092953,22375,22375,22375,22375,1
20211013092953,22370,22370,22370,22370,1
20211013092953,22370,22370,22370,22370,1
20211013092953,22370,22370,22370,22370,1
20211013092953,22370,22370,22370,22370,1731
20211013092953,22375,22375,22375,22375,1
20211013092953,22375,22375,22375,22375,1
20211013092954,22375,22375,22375,22375,1
20211013092954,22370,22370,22370,22370,1
20211013092955,22370,22370,22370,22370,13
20211013092955,22365,22365,22365,22365,37
20211013092955,22370,22370,22370,22370,6
20211013092955,22370,22370,22370,22370,1
20211013092955,22370,22370,22370,22370,33
20211013092955,22375,22375,22375,22375,28
20211013092956,22370,22370,22370,22370,1
20211013092956,22375,22375,22375,22375,1
20211013092956,22365,22365,22365,22365,136
20211013092956,22365,22365,22365,22365,1
20211013092956,22365,22365,22365,22365,1
20211013092956,22370,22370,22370,22370,1
20211013092957,22365,22365,22365,22365,1
20211013092957,22365,22365,22365,22365,1
20211013092958,22365,22365,22365,22365,1
20211013092958,22370,22370,22370,22370,1
20211013092959,22365,22365,22365,22365,1
20211013092959,22365,22365,22365,22365,40
20211013093000,22370,22370,22370,22370,1
20211013093000,22370,22370,22370,22370,29
20211013093000,22370,22370,22370,22370,1
20211013093000,22370,22370,22370,22370,1
20211013093000,22375,22375,22375,22375,5
20211013093001,22370,22370,22370,22370,1
20211013093001,22370,22370,22370,22370,275
20211013093001,22370,22370,22370,22370,1
20211013093001,22370,22370,22370,22370,1
20211013093002,22370,22370,22370,22370,500
20211013093003,22375,22375,22375,22375,1
20211013093003,22365,22365,22365,22365,100
20211013093004,22370,22370,22370,22370,100
20211013093004,22375,22375,22375,22375,100
20211013093004,22365,22365,22365,22365,200
20211013093004,22375,22375,22375,22375,1
20211013093005,22375,22375,22375,22375,28
20211013093005,22375,22375,22375,22375,1
20211013093005,22375,22375,22375,22375,10383
20211013093005,22380,22380,22380,22380,55
20211013093006,22375,22375,22375,22375,1
20211013093006,22375,22375,22375,22375,1
20211013093007,22375,22375,22375,22375,50
20211013093007,22370,22370,22370,22370,1
20211013093007,22375,22375,22375,22375,1
20211013093007,22375,22375,22375,22375,1
20211013093007,22370,22370,22370,22370,2084
20211013093008,22365,22365,22365,22365,2006
20211013093008,22360,22360,22360,22360,129
20211013093008,22360,22360,22360,22360,1000
20211013093009,22360,22360,22360,22360,3
20211013093009,22360,22360,22360,22360,6
20211013093009,22370,22370,22370,22370,1
20211013093009,22360,22360,22360,22360,45
20211013093010,22370,22370,22370,22370,20
20211013093011,22370,22370,22370,22370,1
20211013093012,22365,22365,22365,22365,1
20211013093012,22365,22365,22365,22365,3
20211013093012,22370,22370,22370,22370,1
20211013093012,22365,22365,22365,22365,4
20211013093014,22365,22365,22365,22365,1
20211013093014,22360,22360,22360,22360,1
20211013093014,22365,22365,22365,22365,1
20211013093015,22365,22365,22365,22365,1
20211013093015,22360,22360,22360,22360,584
20211013093016,22365,22365,22365,22365,1
20211013093016,22365,22365,22365,22365,1
20211013093016,22370,22370,22370,22370,976
20211013093016,22370,22370,22370,22370,28
20211013093017,22360,22360,22360,22360,1
20211013093017,22370,22370,22370,22370,1
20211013093018,22370,22370,22370,22370,1
20211013093018,22360,22360,22360,22360,1
20211013093018,22365,22365,22365,22365,1
20211013093019,22360,22360,22360,22360,159
20211013093019,22365,22365,22365,22365,50
20211013093019,22360,22360,22360,22360,20
20211013093020,22365,22365,22365,22365,2
20211013093020,22355,22355,22355,22355,3029
20211013093021,22350,22350,22350,22350,150
20211013093021,22345,22345,22345,22345,362
20211013093021,22345,22345,22345,22345,1
20211013093021,22350,22350,22350,22350,4
20211013093021,22350,22350,22350,22350,1
20211013093021,22350,22350,22350,22350,3080
20211013093022,22355,22355,22355,22355,1
20211013093023,22355,22355,22355,22355,356
20211013093023,22355,22355,22355,22355,2
20211013093023,22350,22350,22350,22350,1
20211013093023,22350,22350,22350,22350,1
20211013093024,22350,22350,22350,22350,1
20211013093024,22350,22350,22350,22350,1
20211013093024,22350,22350,22350,22350,1
20211013093025,22355,22355,22355,22355,1
20211013093025,22355,22355,22355,22355,1
20211013093025,22355,22355,22355,22355,734
20211013093026,22360,22360,22360,22360,55
20211013093026,22355,22355,22355,22355,20
20211013093029,22355,22355,22355,22355,1
20211013093029,22355,22355,22355,22355,1
20211013093030,22355,22355,22355,22355,1
20211013093030,22355,22355,22355,22355,1
20211013093031,22355,22355,22355,22355,1
20211013093031,22355,22355,22355,22355,2
20211013093032,22350,22350,22350,22350,1
20211013093032,22355,22355,22355,22355,1
20211013093033,22355,22355,22355,22355,1
20211013093034,22355,22355,22355,22355,1
20211013093034,22355,22355,22355,22355,10
20211013093034,22355,22355,22355,22355,1
20211013093035,22350,22350,22350,22350,634
20211013093035,22350,22350,22350,22350,500
20211013093035,22350,22350,22350,22350,102
20211013093035,22350,22350,22350,22350,102
20211013093035,22350,22350,22350,22350,102
20211013093035,22350,22350,22350,22350,102
20211013093035,22350,22350,22350,22350,102
20211013093035,22350,22350,22350,22350,102
20211013093035,22350,22350,22350,22350,102
20211013093035,22350,22350,22350,22350,102
20211013093035,22350,22350,22350,22350,50
20211013093035,22350,22350,22350,22350,1
20211013093036,22355,22355,22355,22355,28
20211013093036,22355,22355,22355,22355,1
20211013093037,22355,22355,22355,22355,1
20211013093037,22355,22355,22355,22355,10
20211013093038,22355,22355,22355,22355,10
20211013093038,22355,22355,22355,22355,1
20211013093038,22355,22355,22355,22355,1
20211013093038,22355,22355,22355,22355,1
20211013093038,22355,22355,22355,22355,1
20211013093039,22355,22355,22355,22355,1
20211013093040,22355,22355,22355,22355,1
20211013093042,22355,22355,22355,22355,130
20211013093042,22355,22355,22355,22355,10
20211013093042,22355,22355,22355,22355,1
20211013093042,22355,22355,22355,22355,1
20211013093042,22350,22350,22350,22350,1
20211013093043,22355,22355,22355,22355,1
20211013093044,22355,22355,22355,22355,1
20211013093044,22355,22355,22355,22355,1
20211013093044,22355,22355,22355,22355,216
20211013093045,22355,22355,22355,22355,10
20211013093045,22360,22360,22360,22360,1
20211013093045,22355,22355,22355,22355,100
20211013093045,22360,22360,22360,22360,48
20211013093045,22355,22355,22355,22355,30
20211013093046,22355,22355,22355,22355,44
20211013093046,22355,22355,22355,22355,300
20211013093046,22360,22360,22360,22360,1
20211013093047,22355,22355,22355,22355,20
20211013093048,22355,22355,22355,22355,4
20211013093048,22360,22360,22360,22360,1
20211013093049,22355,22355,22355,22355,4
20211013093050,22355,22355,22355,22355,748
20211013093050,22355,22355,22355,22355,1
20211013093050,22355,22355,22355,22355,4
20211013093051,22360,22360,22360,22360,18
20211013093051,22355,22355,22355,22355,4
20211013093051,22355,22355,22355,22355,4
20211013093051,22360,22360,22360,22360,1
20211013093052,22355,22355,22355,22355,4
20211013093052,22355,22355,22355,22355,4
20211013093053,22360,22360,22360,22360,2711
20211013093053,22360,22360,22360,22360,1
20211013093054,22365,22365,22365,22365,122
20211013093055,22365,22365,22365,22365,1
20211013093056,22360,22360,22360,22360,1
20211013093056,22360,22360,22360,22360,923
20211013093056,22355,22355,22355,22355,223
20211013093056,22360,22360,22360,22360,1
20211013093056,22360,22360,22360,22360,75
20211013093057,22360,22360,22360,22360,10
20211013093057,22360,22360,22360,22360,10
20211013093057,22360,22360,22360,22360,6
20211013093058,22365,22365,22365,22365,1
20211013093059,22365,22365,22365,22365,1
20211013093100,22365,22365,22365,22365,23
20211013093100,22365,22365,22365,22365,37
20211013093100,22370,22370,22370,22370,2228
20211013093100,22370,22370,22370,22370,1
20211013093100,22370,22370,22370,22370,4955
20211013093100,22370,22370,22370,22370,3606
20211013093100,22375,22375,22375,22375,1
20211013093100,22375,22375,22375,22375,1
20211013093101,22370,22370,22370,22370,730
20211013093101,22370,22370,22370,22370,300
20211013093101,22370,22370,22370,22370,4
20211013093101,22375,22375,22375,22375,28
20211013093102,22375,22375,22375,22375,1
20211013093102,22370,22370,22370,22370,4
20211013093102,22370,22370,22370,22370,22
20211013093102,22370,22370,22370,22370,70
20211013093103,22375,22375,22375,22375,768
20211013093103,22375,22375,22375,22375,1
20211013093103,22380,22380,22380,22380,1
20211013093103,22380,22380,22380,22380,1
20211013093104,22370,22370,22370,22370,3585
20211013093104,22370,22370,22370,22370,2
20211013093105,22375,22375,22375,22375,1
20211013093106,22375,22375,22375,22375,1
20211013093106,22375,22375,22375,22375,1
20211013093107,22370,22370,22370,22370,1
20211013093107,22375,22375,22375,22375,1
20211013093108,22370,22370,22370,22370,1
20211013093109,22375,22375,22375,22375,1
20211013093109,22370,22370,22370,22370,1
20211013093109,22370,22370,22370,22370,1
20211013093109,22365,22365,22365,22365,36
20211013093110,22365,22365,22365,22365,1
20211013093110,22365,22365,22365,22365,100
20211013093110,22365,22365,22365,22365,1
20211013093110,22365,22365,22365,22365,1341
20211013093110,22365,22365,22365,22365,1
20211013093111,22360,22360,22360,22360,1
20211013093111,22360,22360,22360,22360,127
20211013093111,22360,22360,22360,22360,1
20211013093111,22360,22360,22360,22360,28
20211013093111,22360,22360,22360,22360,1
20211013093112,22360,22360,22360,22360,300
20211013093112,22360,22360,22360,22360,10
20211013093112,22355,22355,22355,22355,325
20211013093112,22360,22360,22360,22360,1
20211013093112,22350,22350,22350,22350,1323
20211013093112,22350,22350,22350,22350,1
20211013093113,22350,22350,22350,22350,1
20211013093113,22350,22350,22350,22350,44
20211013093113,22350,22350,22350,22350,1
20211013093113,22350,22350,22350,22350,1
20211013093114,22350,22350,22350,22350,1
20211013093114,22350,22350,22350,22350,1
20211013093114,22350,22350,22350,22350,1
20211013093114,22350,22350,22350,22350,1
20211013093115,22350,22350,22350,22350,1
20211013093115,22350,22350,22350,22350,1
20211013093115,22350,22350,22350,22350,1
20211013093115,22350,22350,22350,22350,1
20211013093115,22350,22350,22350,22350,1
20211013093115,22350,22350,22350,22350,1
20211013093115,22350,22350,22350,22350,1
20211013093115,22345,22345,22345,22345,1
20211013093116,22350,22350,22350,22350,1
20211013093116,22350,22350,22350,22350,1
20211013093116,22350,22350,22350,22350,100
20211013093116,22350,22350,22350,22350,1
20211013093116,22345,22345,22345,22345,1
20211013093116,22345,22345,22345,22345,1
20211013093117,22345,22345,22345,22345,1306
20211013093117,22345,22345,22345,22345,424
20211013093117,22345,22345,22345,22345,424
20211013093117,22350,22350,22350,22350,1
20211013093117,22345,22345,22345,22345,2
20211013093117,22340,22340,22340,22340,998
20211013093118,22350,22350,22350,22350,10
20211013093118,22350,22350,22350,22350,1
20211013093118,22350,22350,22350,22350,1
20211013093118,22345,22345,22345,22345,1
20211013093118,22345,22345,22345,22345,1
20211013093118,22345,22345,22345,22345,1
20211013093118,22350,22350,22350,22350,1
20211013093119,22350,22350,22350,22350,1
20211013093120,22350,22350,22350,22350,1
20211013093120,22350,22350,22350,22350,1
20211013093121,22345,22345,22345,22345,100
20211013093121,22350,22350,22350,22350,1
20211013093123,22350,22350,22350,22350,10
20211013093123,22350,22350,22350,22350,1
20211013093123,22345,22345,22345,22345,7
20211013093123,22345,22345,22345,22345,1
20211013093124,22350,22350,22350,22350,1
20211013093124,22345,22345,22345,22345,1
20211013093124,22345,22345,22345,22345,1
20211013093124,22345,22345,22345,22345,1
20211013093124,22345,22345,22345,22345,1
20211013093124,22340,22340,22340,22340,2458
20211013093125,22340,22340,22340,22340,1
20211013093125,22340,22340,22340,22340,2158
20211013093125,22345,22345,22345,22345,1
20211013093125,22345,22345,22345,22345,10
20211013093125,22345,22345,22345,22345,28
20211013093126,22340,22340,22340,22340,1
20211013093126,22340,22340,22340,22340,512
20211013093126,22345,22345,22345,22345,1
20211013093127,22340,22340,22340,22340,1
20211013093127,22340,22340,22340,22340,1
20211013093127,22340,22340,22340,22340,1
20211013093127,22345,22345,22345,22345,1
20211013093127,22340,22340,22340,22340,1
20211013093128,22340,22340,22340,22340,1
20211013093128,22335,22335,22335,22335,1
20211013093128,22340,22340,22340,22340,1
20211013093128,22335,22335,22335,22335,250
20211013093128,22335,22335,22335,22335,1069
20211013093128,22340,22340,22340,22340,1
20211013093129,22335,22335,22335,22335,1
20211013093129,22335,22335,22335,22335,1
20211013093129,22335,22335,22335,22335,10
20211013093129,22340,22340,22340,22340,100
20211013093129,22335,22335,22335,22335,25
20211013093129,22340,22340,22340,22340,1
20211013093129,22340,22340,22340,22340,1
20211013093129,22340,22340,22340,22340,1
20211013093130,22340,22340,22340,22340,1
20211013093130,22335,22335,22335,22335,1
20211013093130,22340,22340,22340,22340,1
20211013093130,22335,22335,22335,22335,422
20211013093131,22335,22335,22335,22335,1
20211013093131,22335,22335,22335,22335,1
20211013093132,22340,22340,22340,22340,1
20211013093132,22335,22335,22335,22335,1
20211013093132,22340,22340,22340,22340,1
20211013093132,22340,22340,22340,22340,29
20211013093132,22340,22340,22340,22340,2129
20211013093133,22340,22340,22340,22340,1
20211013093133,22335,22335,22335,22335,250
20211013093134,22345,22345,22345,22345,1
20211013093134,22340,22340,22340,22340,10
20211013093135,22335,22335,22335,22335,300
20211013093135,22335,22335,22335,22335,10
20211013093135,22335,22335,22335,22335,1
20211013093135,22335,22335,22335,22335,1
20211013093135,22340,22340,22340,22340,1
20211013093136,22335,22335,22335,22335,1
20211013093136,22335,22335,22335,22335,1
20211013093136,22335,22335,22335,22335,12
20211013093136,22330,22330,22330,22330,1000
20211013093136,22330,22330,22330,22330,676
20211013093137,22335,22335,22335,22335,1
20211013093137,22335,22335,22335,22335,1
20211013093137,22330,22330,22330,22330,1528
20211013093137,22330,22330,22330,22330,1
20211013093137,22330,22330,22330,22330,1
20211013093137,22330,22330,22330,22330,1
20211013093137,22330,22330,22330,22330,1
20211013093137,22330,22330,22330,22330,4184
20211013093137,22330,22330,22330,22330,4
20211013093138,22325,22325,22325,22325,300
20211013093138,22325,22325,22325,22325,3380
20211013093138,22325,22325,22325,22325,1
20211013093138,22325,22325,22325,22325,22
20211013093138,22330,22330,22330,22330,20
20211013093138,22325,22325,22325,22325,10
20211013093138,22320,22320,22320,22320,2639
20211013093139,22320,22320,22320,22320,1
20211013093139,22320,22320,22320,22320,999
20211013093139,22325,22325,22325,22325,1
20211013093139,22320,22320,22320,22320,500
20211013093139,22315,22315,22315,22315,735
20211013093139,22315,22315,22315,22315,5
20211013093140,22320,22320,22320,22320,1
20211013093140,22320,22320,22320,22320,100
20211013093140,22325,22325,22325,22325,1
20211013093140,22325,22325,22325,22325,1188
20211013093140,22320,22320,22320,22320,1
20211013093141,22315,22315,22315,22315,500
20211013093141,22320,22320,22320,22320,4
20211013093141,22315,22315,22315,22315,1
20211013093141,22315,22315,22315,22315,1
20211013093141,22320,22320,22320,22320,1
20211013093141,22315,22315,22315,22315,5951
20211013093142,22315,22315,22315,22315,80
20211013093142,22315,22315,22315,22315,500
20211013093142,22315,22315,22315,22315,1
20211013093142,22315,22315,22315,22315,100
20211013093142,22320,22320,22320,22320,2
20211013093143,22320,22320,22320,22320,1
20211013093143,22315,22315,22315,22315,11505
20211013093143,22310,22310,22310,22310,4522
20211013093143,22315,22315,22315,22315,1
20211013093143,22310,22310,22310,22310,1195
20211013093143,22310,22310,22310,22310,200
20211013093143,22315,22315,22315,22315,1
20211013093143,22315,22315,22315,22315,1
20211013093143,22315,22315,22315,22315,1
20211013093143,22315,22315,22315,22315,1
20211013093144,22315,22315,22315,22315,1
20211013093144,22310,22310,22310,22310,500
20211013093144,22310,22310,22310,22310,900
20211013093144,22315,22315,22315,22315,4
20211013093144,22315,22315,22315,22315,1
20211013093144,22315,22315,22315,22315,1
20211013093144,22310,22310,22310,22310,504
20211013093144,22310,22310,22310,22310,1
20211013093144,22305,22305,22305,22305,80
20211013093144,22305,22305,22305,22305,20
20211013093145,22310,22310,22310,22310,1
20211013093145,22305,22305,22305,22305,1
20211013093145,22305,22305,22305,22305,1
20211013093145,22310,22310,22310,22310,1
20211013093146,22310,22310,22310,22310,1
20211013093146,22305,22305,22305,22305,1397
20211013093146,22305,22305,22305,22305,4
20211013093146,22310,22310,22310,22310,1
20211013093146,22310,22310,22310,22310,1
20211013093146,22305,22305,22305,22305,888
20211013093146,22315,22315,22315,22315,1
20211013093146,22310,22310,22310,22310,1
20211013093147,22310,22310,22310,22310,1
20211013093147,22310,22310,22310,22310,9
20211013093147,22305,22305,22305,22305,10
20211013093148,22310,22310,22310,22310,2085
20211013093148,22310,22310,22310,22310,1
20211013093148,22310,22310,22310,22310,1
20211013093148,22310,22310,22310,22310,4
20211013093149,22310,22310,22310,22310,1
20211013093149,22305,22305,22305,22305,99
20211013093149,22310,22310,22310,22310,101
20211013093149,22305,22305,22305,22305,399
20211013093149,22315,22315,22315,22315,3947
20211013093149,22310,22310,22310,22310,4
20211013093150,22320,22320,22320,22320,1
20211013093150,22310,22310,22310,22310,500
20211013093150,22320,22320,22320,22320,10
20211013093150,22315,22315,22315,22315,1
20211013093151,22310,22310,22310,22310,1
20211013093152,22310,22310,22310,22310,159
20211013093152,22305,22305,22305,22305,84
20211013093152,22310,22310,22310,22310,1
20211013093152,22310,22310,22310,22310,3
20211013093153,22315,22315,22315,22315,1
20211013093153,22310,22310,22310,22310,9400
20211013093153,22310,22310,22310,22310,5
20211013093153,22310,22310,22310,22310,10
20211013093153,22310,22310,22310,22310,2
20211013093153,22310,22310,22310,22310,98
20211013093154,22310,22310,22310,22310,10
20211013093154,22310,22310,22310,22310,1
20211013093154,22310,22310,22310,22310,50
20211013093154,22310,22310,22310,22310,1
20211013093154,22310,22310,22310,22310,3
20211013093154,22315,22315,22315,22315,200
20211013093154,22310,22310,22310,22310,740
20211013093154,22315,22315,22315,22315,1
20211013093154,22310,22310,22310,22310,1
20211013093155,22310,22310,22310,22310,200
20211013093155,22310,22310,22310,22310,1
20211013093155,22305,22305,22305,22305,25
20211013093155,22310,22310,22310,22310,1
20211013093155,22310,22310,22310,22310,2084
20211013093155,22305,22305,22305,22305,10
20211013093155,22315,22315,22315,22315,28
20211013093156,22310,22310,22310,22310,30
20211013093156,22310,22310,22310,22310,459
20211013093156,22310,22310,22310,22310,4
20211013093156,22310,22310,22310,22310,1
20211013093157,22315,22315,22315,22315,10
20211013093157,22310,22310,22310,22310,12
20211013093157,22310,22310,22310,22310,1
20211013093157,22310,22310,22310,22310,1
20211013093158,22305,22305,22305,22305,1
20211013093158,22310,22310,22310,22310,1
20211013093158,22310,22310,22310,22310,10
20211013093158,22310,22310,22310,22310,1
20211013093158,22310,22310,22310,22310,12
20211013093158,22310,22310,22310,22310,1
20211013093159,22310,22310,22310,22310,1
20211013093159,22305,22305,22305,22305,3816
20211013093159,22305,22305,22305,22305,1
20211013093159,22300,22300,22300,22300,1
20211013093159,22300,22300,22300,22300,1
20211013093159,22305,22305,22305,22305,1
20211013093159,22305,22305,22305,22305,1
20211013093159,22300,22300,22300,22300,1
20211013093200,22305,22305,22305,22305,1
20211013093200,22305,22305,22305,22305,1
20211013093200,22305,22305,22305,22305,88
20211013093200,22305,22305,22305,22305,1
20211013093200,22300,22300,22300,22300,1
20211013093200,22300,22300,22300,22300,1
20211013093200,22300,22300,22300,22300,1
20211013093200,22300,22300,22300,22300,1
20211013093201,22300,22300,22300,22300,1
20211013093201,22300,22300,22300,22300,5877
20211013093201,22295,22295,22295,22295,500
20211013093201,22300,22300,22300,22300,1
20211013093201,22300,22300,22300,22300,1
20211013093201,22300,22300,22300,22300,1
20211013093202,22300,22300,22300,22300,4
20211013093202,22300,22300,22300,22300,10
20211013093202,22295,22295,22295,22295,1
20211013093202,22295,22295,22295,22295,581
20211013093202,22295,22295,22295,22295,1
20211013093202,22290,22290,22290,22290,3
20211013093202,22290,22290,22290,22290,100
20211013093203,22290,22290,22290,22290,1
20211013093203,22295,22295,22295,22295,1
20211013093203,22295,22295,22295,22295,1
20211013093204,22295,22295,22295,22295,2242
20211013093204,22295,22295,22295,22295,100
20211013093204,22295,22295,22295,22295,1000
20211013093204,22295,22295,22295,22295,75
20211013093205,22295,22295,22295,22295,1
20211013093205,22300,22300,22300,22300,1
20211013093205,22300,22300,22300,22300,1
20211013093205,22295,22295,22295,22295,238
20211013093206,22290,22290,22290,22290,25
20211013093206,22295,22295,22295,22295,4
20211013093206,22300,22300,22300,22300,1
20211013093206,22295,22295,22295,22295,10
20211013093206,22295,22295,22295,22295,1
20211013093207,22295,22295,22295,22295,1
20211013093207,22295,22295,22295,22295,1
20211013093207,22295,22295,22295,22295,1
20211013093207,22295,22295,22295,22295,147
20211013093207,22295,22295,22295,22295,781
20211013093207,22295,22295,22295,22295,572
20211013093207,22295,22295,22295,22295,1
20211013093207,22295,22295,22295,22295,1
20211013093208,22295,22295,22295,22295,1
20211013093208,22295,22295,22295,22295,499
20211013093208,22295,22295,22295,22295,20
20211013093208,22295,22295,22295,22295,1
20211013093208,22295,22295,22295,22295,2
20211013093208,22290,22290,22290,22290,251
20211013093208,22295,22295,22295,22295,1
20211013093208,22295,22295,22295,22295,1
20211013093208,22295,22295,22295,22295,199
20211013093209,22295,22295,22295,22295,100
20211013093209,22295,22295,22295,22295,30
20211013093210,22295,22295,22295,22295,1
20211013093210,22295,22295,22295,22295,1
20211013093210,22295,22295,22295,22295,60
20211013093210,22295,22295,22295,22295,1
20211013093210,22300,22300,22300,22300,1455
20211013093210,22305,22305,22305,22305,1
20211013093211,22295,22295,22295,22295,1000
20211013093211,22295,22295,22295,22295,5
20211013093212,22300,22300,22300,22300,10
20211013093212,22300,22300,22300,22300,90
20211013093213,22295,22295,22295,22295,51
20211013093213,22295,22295,22295,22295,250
20211013093213,22295,22295,22295,22295,45
20211013093214,22305,22305,22305,22305,1
20211013093214,22300,22300,22300,22300,1
20211013093214,22300,22300,22300,22300,300
20211013093215,22305,22305,22305,22305,400
20211013093215,22300,22300,22300,22300,200
20211013093216,22300,22300,22300,22300,1000
20211013093216,22300,22300,22300,22300,50
20211013093216,22310,22310,22310,22310,100
20211013093216,22310,22310,22310,22310,11
20211013093216,22305,22305,22305,22305,100
20211013093217,22310,22310,22310,22310,1
20211013093217,22310,22310,22310,22310,1
20211013093217,22305,22305,22305,22305,1
20211013093217,22310,22310,22310,22310,1
20211013093218,22310,22310,22310,22310,28
20211013093218,22310,22310,22310,22310,10
20211013093218,22305,22305,22305,22305,780
20211013093218,22310,22310,22310,22310,1
20211013093219,22310,22310,22310,22310,1
20211013093219,22305,22305,22305,22305,1
20211013093219,22305,22305,22305,22305,1
20211013093219,22305,22305,22305,22305,1498
20211013093220,22305,22305,22305,22305,63
20211013093220,22305,22305,22305,22305,10
20211013093221,22305,22305,22305,22305,10
20211013093221,22305,22305,22305,22305,11
20211013093221,22300,22300,22300,22300,1
20211013093221,22300,22300,22300,22300,1
20211013093222,22300,22300,22300,22300,2180
20211013093222,22300,22300,22300,22300,357
20211013093222,22305,22305,22305,22305,10
20211013093223,22295,22295,22295,22295,1
20211013093224,22300,22300,22300,22300,1
20211013093224,22300,22300,22300,22300,99
20211013093224,22295,22295,22295,22295,500
20211013093225,22295,22295,22295,22295,1
20211013093225,22300,22300,22300,22300,10
20211013093225,22300,22300,22300,22300,1
20211013093225,22295,22295,22295,22295,15322
20211013093225,22295,22295,22295,22295,1
20211013093225,22290,22290,22290,22290,10
20211013093225,22295,22295,22295,22295,1
20211013093225,22290,22290,22290,22290,1
20211013093225,22295,22295,22295,22295,1000
20211013093225,22295,22295,22295,22295,1
20211013093225,22295,22295,22295,22295,1
20211013093226,22290,22290,22290,22290,274
20211013093226,22295,22295,22295,22295,1
20211013093226,22295,22295,22295,22295,20
20211013093227,22295,22295,22295,22295,1
20211013093227,22290,22290,22290,22290,1314
20211013093227,22290,22290,22290,22290,3000
20211013093228,22295,22295,22295,22295,20
20211013093228,22290,22290,22290,22290,1
20211013093228,22285,22285,22285,22285,1023
20211013093228,22290,22290,22290,22290,250
20211013093228,22290,22290,22290,22290,1
20211013093228,22290,22290,22290,22290,1
20211013093229,22285,22285,22285,22285,2085
20211013093229,22285,22285,22285,22285,1
20211013093229,22285,22285,22285,22285,109
20211013093229,22285,22285,22285,22285,1
20211013093229,22280,22280,22280,22280,1
20211013093229,22285,22285,22285,22285,20
20211013093229,22285,22285,22285,22285,1
20211013093229,22285,22285,22285,22285,1
20211013093229,22280,22280,22280,22280,2085
20211013093229,22285,22285,22285,22285,1
20211013093229,22285,22285,22285,22285,1
20211013093229,22285,22285,22285,22285,1
20211013093229,22285,22285,22285,22285,2059
20211013093229,22280,22280,22280,22280,1950
20211013093230,22280,22280,22280,22280,1000
20211013093230,22285,22285,22285,22285,1
20211013093230,22290,22290,22290,22290,20
20211013093230,22285,22285,22285,22285,50
20211013093232,22290,22290,22290,22290,448
20211013093232,22290,22290,22290,22290,1
20211013093232,22285,22285,22285,22285,100
20211013093232,22285,22285,22285,22285,100
20211013093233,22285,22285,22285,22285,48
20211013093233,22290,22290,22290,22290,1
20211013093233,22285,22285,22285,22285,1
20211013093233,22285,22285,22285,22285,10
20211013093235,22285,22285,22285,22285,319
20211013093236,22285,22285,22285,22285,2085
20211013093236,22285,22285,22285,22285,1
20211013093236,22285,22285,22285,22285,1300
20211013093236,22290,22290,22290,22290,45
20211013093236,22285,22285,22285,22285,454
20211013093236,22290,22290,22290,22290,1
20211013093236,22285,22285,22285,22285,100
20211013093236,22290,22290,22290,22290,1
20211013093237,22290,22290,22290,22290,200
20211013093237,22290,22290,22290,22290,14987
20211013093238,22290,22290,22290,22290,10
20211013093239,22290,22290,22290,22290,100
20211013093239,22295,22295,22295,22295,10
20211013093240,22295,22295,22295,22295,11
20211013093241,22290,22290,22290,22290,1
20211013093241,22290,22290,22290,22290,947
20211013093241,22290,22290,22290,22290,20
20211013093242,22290,22290,22290,22290,30
20211013093242,22290,22290,22290,22290,20
20211013093243,22285,22285,22285,22285,500
20211013093243,22290,22290,22290,22290,607
20211013093243,22295,22295,22295,22295,50
20211013093244,22295,22295,22295,22295,1
20211013093244,22290,22290,22290,22290,20
20211013093244,22290,22290,22290,22290,2
20211013093244,22285,22285,22285,22285,701
20211013093244,22285,22285,22285,22285,1
20211013093245,22285,22285,22285,22285,10844
20211013093245,22285,22285,22285,22285,1
20211013093245,22280,22280,22280,22280,50
20211013093245,22285,22285,22285,22285,20
20211013093245,22285,22285,22285,22285,28
20211013093245,22285,22285,22285,22285,1
20211013093246,22285,22285,22285,22285,20
20211013093247,22285,22285,22285,22285,20
20211013093247,22280,22280,22280,22280,2085
20211013093247,22280,22280,22280,22280,1
20211013093247,22285,22285,22285,22285,20
20211013093247,22285,22285,22285,22285,20
20211013093248,22285,22285,22285,22285,20
20211013093248,22285,22285,22285,22285,50
20211013093248,22280,22280,22280,22280,100
20211013093248,22280,22280,22280,22280,1564
20211013093249,22285,22285,22285,22285,1
20211013093250,22285,22285,22285,22285,10
20211013093251,22280,22280,22280,22280,1587
20211013093251,22280,22280,22280,22280,120
20211013093251,22280,22280,22280,22280,1
20211013093251,22280,22280,22280,22280,20
20211013093251,22280,22280,22280,22280,1
20211013093251,22280,22280,22280,22280,500
20211013093251,22280,22280,22280,22280,20
20211013093252,22280,22280,22280,22280,1
20211013093252,22280,22280,22280,22280,20
20211013093252,22280,22280,22280,22280,1
20211013093252,22280,22280,22280,22280,1
20211013093252,22280,22280,22280,22280,1
20211013093252,22280,22280,22280,22280,20
20211013093252,22275,22275,22275,22275,1
20211013093252,22280,22280,22280,22280,200
20211013093253,22280,22280,22280,22280,20
20211013093253,22275,22275,22275,22275,499
20211013093253,22275,22275,22275,22275,1
20211013093253,22275,22275,22275,22275,28
20211013093253,22275,22275,22275,22275,33
20211013093253,22275,22275,22275,22275,1
20211013093253,22270,22270,22270,22270,1
20211013093253,22275,22275,22275,22275,1
20211013093253,22275,22275,22275,22275,30
20211013093253,22275,22275,22275,22275,30
20211013093253,22275,22275,22275,22275,1
20211013093254,22275,22275,22275,22275,1
20211013093254,22275,22275,22275,22275,10
20211013093254,22275,22275,22275,22275,20
20211013093254,22270,22270,22270,22270,14
20211013093254,22275,22275,22275,22275,1
20211013093254,22275,22275,22275,22275,20
20211013093255,22270,22270,22270,22270,391
20211013093255,22275,22275,22275,22275,20
20211013093255,22275,22275,22275,22275,1
20211013093255,22275,22275,22275,22275,20
20211013093255,22270,22270,22270,22270,3093
20211013093255,22275,22275,22275,22275,2
20211013093255,22270,22270,22270,22270,1
20211013093256,22275,22275,22275,22275,20
20211013093256,22265,22265,22265,22265,300
20211013093256,22275,22275,22275,22275,20
20211013093256,22270,22270,22270,22270,1
20211013093256,22270,22270,22270,22270,1
20211013093256,22275,22275,22275,22275,500
20211013093256,22275,22275,22275,22275,1
20211013093257,22270,22270,22270,22270,1
20211013093257,22265,22265,22265,22265,50
20211013093257,22270,22270,22270,22270,8
20211013093257,22270,22270,22270,22270,20
20211013093257,22265,22265,22265,22265,1
20211013093257,22265,22265,22265,22265,1
20211013093257,22270,22270,22270,22270,18
20211013093257,22270,22270,22270,22270,20
20211013093258,22265,22265,22265,22265,73
20211013093258,22265,22265,22265,22265,20
20211013093258,22265,22265,22265,22265,1009
20211013093258,22265,22265,22265,22265,1009
20211013093258,22265,22265,22265,22265,1
20211013093258,22265,22265,22265,22265,46
20211013093258,22265,22265,22265,22265,10
20211013093258,22270,22270,22270,22270,20
20211013093258,22270,22270,22270,22270,20
20211013093259,22270,22270,22270,22270,1
20211013093259,22270,22270,22270,22270,1384
20211013093259,22275,22275,22275,22275,1
20211013093259,22275,22275,22275,22275,1
20211013093259,22275,22275,22275,22275,1
20211013093259,22275,22275,22275,22275,1
20211013093259,22270,22270,22270,22270,1
20211013093259,22275,22275,22275,22275,1
20211013093259,22270,22270,22270,22270,2207
20211013093259,22275,22275,22275,22275,50
20211013093300,22270,22270,22270,22270,40
20211013093300,22265,22265,22265,22265,1
20211013093300,22270,22270,22270,22270,500
20211013093300,22270,22270,22270,22270,500
20211013093300,22270,22270,22270,22270,10
20211013093300,22270,22270,22270,22270,346
20211013093300,22270,22270,22270,22270,346
20211013093300,22270,22270,22270,22270,343
20211013093300,22275,22275,22275,22275,28
20211013093300,22275,22275,22275,22275,10
20211013093300,22270,22270,22270,22270,20
20211013093300,22270,22270,22270,22270,180
20211013093300,22270,22270,22270,22270,1
20211013093301,22270,22270,22270,22270,11
20211013093301,22270,22270,22270,22270,1
20211013093301,22270,22270,22270,22270,100
20211013093301,22270,22270,22270,22270,40
20211013093301,22275,22275,22275,22275,4750
20211013093301,22275,22275,22275,22275,500
20211013093301,22280,22280,22280,22280,1
20211013093302,22280,22280,22280,22280,100
20211013093302,22280,22280,22280,22280,1
20211013093302,22280,22280,22280,22280,1
20211013093302,22275,22275,22275,22275,1000
20211013093302,22280,22280,22280,22280,11
20211013093302,22280,22280,22280,22280,572
20211013093303,22285,22285,22285,22285,1
20211013093303,22285,22285,22285,22285,14694
20211013093303,22285,22285,22285,22285,1762
20211013093303,22285,22285,22285,22285,1560
20211013093304,22280,22280,22280,22280,300
20211013093304,22280,22280,22280,22280,11
20211013093304,22280,22280,22280,22280,150
20211013093304,22280,22280,22280,22280,1000
20211013093304,22285,22285,22285,22285,50
20211013093304,22285,22285,22285,22285,12
20211013093304,22280,22280,22280,22280,1
20211013093305,22285,22285,22285,22285,1
20211013093305,22285,22285,22285,22285,1187
20211013093306,22290,22290,22290,22290,1
20211013093307,22285,22285,22285,22285,25
20211013093308,22280,22280,22280,22280,4855
20211013093309,22280,22280,22280,22280,50
20211013093309,22280,22280,22280,22280,1
20211013093309,22280,22280,22280,22280,55
20211013093309,22280,22280,22280,22280,55
20211013093309,22280,22280,22280,22280,1
20211013093309,22280,22280,22280,22280,1
20211013093309,22280,22280,22280,22280,56
20211013093309,22280,22280,22280,22280,56
20211013093309,22280,22280,22280,22280,56
20211013093309,22280,22280,22280,22280,56
20211013093309,22280,22280,22280,22280,56
20211013093309,22280,22280,22280,22280,100
20211013093309,22280,22280,22280,22280,20
20211013093309,22280,22280,22280,22280,10
20211013093309,22280,22280,22280,22280,490
20211013093310,22280,22280,22280,22280,1
20211013093310,22280,22280,22280,22280,99
20211013093310,22285,22285,22285,22285,1
20211013093310,22285,22285,22285,22285,100
20211013093310,22290,22290,22290,22290,718
20211013093312,22290,22290,22290,22290,10
20211013093313,22285,22285,22285,22285,1
20211013093313,22285,22285,22285,22285,2
20211013093313,22280,22280,22280,22280,1
20211013093314,22285,22285,22285,22285,22
20211013093314,22285,22285,22285,22285,1
20211013093314,22285,22285,22285,22285,1
20211013093314,22280,22280,22280,22280,1
20211013093315,22280,22280,22280,22280,1
20211013093315,22285,22285,22285,22285,373
20211013093317,22290,22290,22290,22290,3820
20211013093318,22290,22290,22290,22290,10
20211013093319,22295,22295,22295,22295,1
20211013093319,22290,22290,22290,22290,7
20211013093320,22290,22290,22290,22290,80
20211013093320,22295,22295,22295,22295,385
20211013093320,22300,22300,22300,22300,1
20211013093320,22300,22300,22300,22300,1
20211013093320,22290,22290,22290,22290,200
20211013093321,22300,22300,22300,22300,10
20211013093321,22300,22300,22300,22300,10
20211013093321,22300,22300,22300,22300,5218
20211013093322,22295,22295,22295,22295,5
20211013093322,22300,22300,22300,22300,1
20211013093322,22300,22300,22300,22300,3
20211013093323,22295,22295,22295,22295,1
20211013093323,22295,22295,22295,22295,299
20211013093323,22290,22290,22290,22290,100
20211013093324,22290,22290,22290,22290,1372
20211013093324,22290,22290,22290,22290,35
20211013093327,22300,22300,22300,22300,1
20211013093328,22300,22300,22300,22300,2
20211013093328,22300,22300,22300,22300,30
20211013093329,22295,22295,22295,22295,200
20211013093330,22300,22300,22300,22300,783
20211013093330,22300,22300,22300,22300,783
20211013093330,22300,22300,22300,22300,1036
20211013093330,22305,22305,22305,22305,1
20211013093330,22300,22300,22300,22300,1
20211013093330,22305,22305,22305,22305,1
20211013093330,22300,22300,22300,22300,1
20211013093331,22305,22305,22305,22305,142
20211013093331,22310,22310,22310,22310,1
20211013093331,22300,22300,22300,22300,10
20211013093331,22300,22300,22300,22300,404
20211013093331,22305,22305,22305,22305,2
20211013093332,22305,22305,22305,22305,5
20211013093332,22310,22310,22310,22310,1
20211013093332,22305,22305,22305,22305,100
20211013093332,22310,22310,22310,22310,1
20211013093332,22310,22310,22310,22310,1
20211013093333,22305,22305,22305,22305,10
20211013093333,22300,22300,22300,22300,4
20211013093333,22295,22295,22295,22295,196
20211013093334,22300,22300,22300,22300,90
20211013093334,22300,22300,22300,22300,1
20211013093334,22305,22305,22305,22305,1
20211013093335,22305,22305,22305,22305,1
20211013093335,22305,22305,22305,22305,1
20211013093335,22305,22305,22305,22305,28
20211013093335,22305,22305,22305,22305,2
20211013093337,22300,22300,22300,22300,1
20211013093337,22300,22300,22300,22300,30
20211013093337,22305,22305,22305,22305,2316
20211013093338,22310,22310,22310,22310,28
20211013093338,22310,22310,22310,22310,1
20211013093338,22310,22310,22310,22310,1
20211013093338,22305,22305,22305,22305,90
20211013093339,22310,22310,22310,22310,1026
20211013093340,22315,22315,22315,22315,2740
20211013093340,22310,22310,22310,22310,15
20211013093341,22310,22310,22310,22310,899
20211013093341,22310,22310,22310,22310,3
20211013093341,22320,22320,22320,22320,28
20211013093341,22315,22315,22315,22315,247
20211013093341,22315,22315,22315,22315,200
20211013093342,22310,22310,22310,22310,1
20211013093342,22320,22320,22320,22320,1224
20211013093342,22315,22315,22315,22315,5
20211013093342,22320,22320,22320,22320,28
20211013093343,22310,22310,22310,22310,500
20211013093344,22320,22320,22320,22320,28
20211013093344,22320,22320,22320,22320,100
20211013093344,22315,22315,22315,22315,1
20211013093344,22315,22315,22315,22315,1
20211013093344,22315,22315,22315,22315,1
20211013093344,22315,22315,22315,22315,1
20211013093345,22315,22315,22315,22315,1
20211013093345,22315,22315,22315,22315,4
20211013093345,22320,22320,22320,22320,1
20211013093345,22320,22320,22320,22320,1
20211013093345,22320,22320,22320,22320,1
20211013093345,22320,22320,22320,22320,5327
20211013093345,22320,22320,22320,22320,115
20211013093345,22325,22325,22325,22325,1311
20211013093345,22325,22325,22325,22325,1
20211013093346,22330,22330,22330,22330,28
20211013093346,22330,22330,22330,22330,524
20211013093346,22335,22335,22335,22335,10
20211013093346,22330,22330,22330,22330,1
20211013093346,22325,22325,22325,22325,20
20211013093346,22325,22325,22325,22325,30
20211013093347,22325,22325,22325,22325,940
20211013093347,22325,22325,22325,22325,5
20211013093347,22330,22330,22330,22330,1
20211013093347,22330,22330,22330,22330,1
20211013093347,22335,22335,22335,22335,28
20211013093348,22330,22330,22330,22330,3
20211013093348,22330,22330,22330,22330,1
20211013093348,22325,22325,22325,22325,564
20211013093348,22325,22325,22325,22325,1
20211013093348,22325,22325,22325,22325,1
20211013093348,22325,22325,22325,22325,2158
20211013093349,22325,22325,22325,22325,1
20211013093349,22320,22320,22320,22320,151
20211013093349,22315,22315,22315,22315,200
20211013093349,22325,22325,22325,22325,50
20211013093349,22315,22315,22315,22315,2
20211013093349,22325,22325,22325,22325,1
20211013093349,22320,22320,22320,22320,1
20211013093350,22320,22320,22320,22320,1
20211013093350,22320,22320,22320,22320,120
20211013093350,22320,22320,22320,22320,379
20211013093350,22325,22325,22325,22325,621
20211013093350,22320,22320,22320,22320,1
20211013093351,22320,22320,22320,22320,1
20211013093352,22325,22325,22325,22325,10
20211013093352,22320,22320,22320,22320,1
20211013093353,22320,22320,22320,22320,1
20211013093353,22320,22320,22320,22320,6
20211013093354,22315,22315,22315,22315,555
20211013093354,22310,22310,22310,22310,445
20211013093355,22315,22315,22315,22315,1
20211013093355,22310,22310,22310,22310,2
20211013093355,22305,22305,22305,22305,48
20211013093356,22315,22315,22315,22315,4
20211013093356,22310,22310,22310,22310,8
20211013093356,22305,22305,22305,22305,481
20211013093356,22310,22310,22310,22310,2
20211013093358,22315,22315,22315,22315,1
20211013093359,22320,22320,22320,22320,40
20211013093359,22315,22315,22315,22315,10
20211013093400,22315,22315,22315,22315,1
20211013093400,22315,22315,22315,22315,3
20211013093400,22320,22320,22320,22320,1
20211013093400,22320,22320,22320,22320,240
20211013093403,22320,22320,22320,22320,2
20211013093403,22320,22320,22320,22320,1
20211013093403,22320,22320,22320,22320,7
20211013093404,22325,22325,22325,22325,1
20211013093404,22320,22320,22320,22320,4404
20211013093404,22320,22320,22320,22320,4
20211013093404,22325,22325,22325,22325,1
20211013093404,22325,22325,22325,22325,2147
20211013093404,22325,22325,22325,22325,50
20211013093404,22325,22325,22325,22325,1361
20211013093404,22325,22325,22325,22325,1
20211013093404,22325,22325,22325,22325,199
20211013093405,22325,22325,22325,22325,5
20211013093405,22330,22330,22330,22330,1
20211013093405,22325,22325,22325,22325,8
20211013093405,22325,22325,22325,22325,50
20211013093405,22330,22330,22330,22330,100
20211013093405,22325,22325,22325,22325,1
20211013093405,22320,22320,22320,22320,4
20211013093406,22330,22330,22330,22330,13262
20211013093406,22325,22325,22325,22325,10
20211013093407,22330,22330,22330,22330,11
20211013093407,22325,22325,22325,22325,89
20211013093408,22330,22330,22330,22330,1
20211013093408,22325,22325,22325,22325,4
20211013093409,22335,22335,22335,22335,1
20211013093409,22335,22335,22335,22335,1
20211013093409,22335,22335,22335,22335,897
20211013093409,22335,22335,22335,22335,60
20211013093409,22335,22335,22335,22335,1
20211013093409,22335,22335,22335,22335,462
20211013093410,22335,22335,22335,22335,10
20211013093410,22335,22335,22335,22335,10
20211013093410,22335,22335,22335,22335,1
20211013093410,22335,22335,22335,22335,31
20211013093411,22340,22340,22340,22340,278
20211013093411,22345,22345,22345,22345,2
20211013093412,22335,22335,22335,22335,30
20211013093412,22335,22335,22335,22335,6
20211013093412,22335,22335,22335,22335,30
20211013093412,22335,22335,22335,22335,1
20211013093412,22340,22340,22340,22340,217
20211013093412,22340,22340,22340,22340,801
20211013093412,22340,22340,22340,22340,801
20211013093412,22340,22340,22340,22340,556
20211013093412,22335,22335,22335,22335,10
20211013093413,22340,22340,22340,22340,25
20211013093414,22335,22335,22335,22335,16
20211013093414,22345,22345,22345,22345,100
20211013093415,22340,22340,22340,22340,11617
20211013093415,22340,22340,22340,22340,7
20211013093415,22345,22345,22345,22345,1186
20211013093416,22345,22345,22345,22345,1
20211013093416,22345,22345,22345,22345,5
20211013093416,22345,22345,22345,22345,2153
20211013093417,22335,22335,22335,22335,38
20211013093418,22340,22340,22340,22340,1
20211013093418,22340,22340,22340,22340,1
20211013093420,22340,22340,22340,22340,28
20211013093421,22340,22340,22340,22340,10
20211013093421,22340,22340,22340,22340,6
20211013093421,22340,22340,22340,22340,194
20211013093422,22345,22345,22345,22345,66
20211013093422,22350,22350,22350,22350,200
20211013093422,22345,22345,22345,22345,70
20211013093422,22345,22345,22345,22345,5
20211013093422,22345,22345,22345,22345,50
20211013093422,22345,22345,22345,22345,100
20211013093423,22350,22350,22350,22350,1
20211013093423,22345,22345,22345,22345,9
20211013093423,22345,22345,22345,22345,1
20211013093423,22350,22350,22350,22350,28
20211013093423,22345,22345,22345,22345,100
20211013093424,22350,22350,22350,22350,1000
20211013093424,22350,22350,22350,22350,28
20211013093425,22350,22350,22350,22350,6384
20211013093425,22350,22350,22350,22350,227
20211013093425,22350,22350,22350,22350,16
20211013093425,22350,22350,22350,22350,100
20211013093425,22355,22355,22355,22355,191
20211013093425,22350,22350,22350,22350,543
20211013093426,22355,22355,22355,22355,29
20211013093426,22355,22355,22355,22355,5
20211013093426,22360,22360,22360,22360,1
20211013093426,22355,22355,22355,22355,22
20211013093426,22360,22360,22360,22360,50
20211013093426,22360,22360,22360,22360,100
20211013093426,22355,22355,22355,22355,3981
20211013093426,22350,22350,22350,22350,10
20211013093427,22350,22350,22350,22350,50
20211013093427,22355,22355,22355,22355,1
20211013093427,22355,22355,22355,22355,28
20211013093427,22355,22355,22355,22355,36
20211013093428,22355,22355,22355,22355,100
20211013093428,22355,22355,22355,22355,2
20211013093428,22355,22355,22355,22355,1
20211013093428,22355,22355,22355,22355,19
20211013093428,22355,22355,22355,22355,500
20211013093428,22360,22360,22360,22360,500
20211013093428,22355,22355,22355,22355,16
20211013093429,22360,22360,22360,22360,100
20211013093429,22355,22355,22355,22355,5
20211013093429,22355,22355,22355,22355,10
20211013093429,22355,22355,22355,22355,10
20211013093429,22360,22360,22360,22360,440
20211013093429,22360,22360,22360,22360,2525
20211013093429,22360,22360,22360,22360,50
20211013093430,22360,22360,22360,22360,2
20211013093430,22360,22360,22360,22360,2158
20211013093430,22355,22355,22355,22355,2646
20211013093430,22355,22355,22355,22355,60
20211013093430,22365,22365,22365,22365,28
20211013093430,22360,22360,22360,22360,2
20211013093430,22360,22360,22360,22360,1
20211013093431,22365,22365,22365,22365,1
20211013093431,22365,22365,22365,22365,187
20211013093431,22360,22360,22360,22360,683
20211013093431,22365,22365,22365,22365,2
20211013093431,22365,22365,22365,22365,1
20211013093431,22360,22360,22360,22360,11
20211013093431,22360,22360,22360,22360,10
20211013093432,22370,22370,22370,22370,1954
20211013093432,22365,22365,22365,22365,2085
20211013093432,22365,22365,22365,22365,2
20211013093432,22365,22365,22365,22365,1
20211013093432,22365,22365,22365,22365,28
20211013093433,22365,22365,22365,22365,1
20211013093433,22365,22365,22365,22365,1
20211013093433,22365,22365,22365,22365,1
20211013093433,22365,22365,22365,22365,1
20211013093433,22365,22365,22365,22365,1
20211013093433,22365,22365,22365,22365,1
20211013093433,22365,22365,22365,22365,1
20211013093433,22365,22365,22365,22365,1
20211013093433,22365,22365,22365,22365,1
20211013093433,22365,22365,22365,22365,1
20211013093433,22360,22360,22360,22360,1000
20211013093433,22360,22360,22360,22360,1
20211013093433,22360,22360,22360,22360,1
20211013093433,22360,22360,22360,22360,1
20211013093433,22360,22360,22360,22360,5
20211013093433,22360,22360,22360,22360,6
20211013093433,22360,22360,22360,22360,2
20211013093433,22355,22355,22355,22355,11
20211013093433,22360,22360,22360,22360,1
20211013093434,22360,22360,22360,22360,10
20211013093434,22355,22355,22355,22355,1
20211013093434,22360,22360,22360,22360,1
20211013093434,22365,22365,22365,22365,10
20211013093434,22360,22360,22360,22360,134
20211013093434,22355,22355,22355,22355,1
20211013093434,22355,22355,22355,22355,50
20211013093435,22360,22360,22360,22360,1
20211013093436,22365,22365,22365,22365,28
20211013093436,22365,22365,22365,22365,1
20211013093437,22360,22360,22360,22360,1
20211013093437,22365,22365,22365,22365,500
20211013093437,22370,22370,22370,22370,1674
20211013093437,22370,22370,22370,22370,705
20211013093437,22370,22370,22370,22370,500
20211013093437,22370,22370,22370,22370,1
20211013093437,22370,22370,22370,22370,1
20211013093437,22370,22370,22370,22370,1
20211013093437,22375,22375,22375,22375,1
20211013093437,22375,22375,22375,22375,1
20211013093437,22370,22370,22370,22370,22
20211013093437,22375,22375,22375,22375,20
20211013093438,22370,22370,22370,22370,4
20211013093438,22370,22370,22370,22370,1
20211013093438,22370,22370,22370,22370,1
20211013093438,22370,22370,22370,22370,10
20211013093439,22375,22375,22375,22375,1
20211013093439,22370,22370,22370,22370,12
20211013093439,22370,22370,22370,22370,28
20211013093439,22365,22365,22365,22365,2186
20211013093439,22365,22365,22365,22365,1
20211013093439,22360,22360,22360,22360,500
20211013093440,22365,22365,22365,22365,1
20211013093440,22365,22365,22365,22365,200
20211013093441,22370,22370,22370,22370,1000
20211013093441,22370,22370,22370,22370,28
20211013093441,22365,22365,22365,22365,1
20211013093441,22365,22365,22365,22365,2
20211013093442,22370,22370,22370,22370,1
20211013093442,22365,22365,22365,22365,1000
20211013093442,22365,22365,22365,22365,1
20211013093442,22365,22365,22365,22365,1
20211013093443,22360,22360,22360,22360,800
20211013093443,22365,22365,22365,22365,1
20211013093444,22365,22365,22365,22365,1
20211013093444,22365,22365,22365,22365,28
20211013093444,22360,22360,22360,22360,100
20211013093444,22360,22360,22360,22360,1
20211013093444,22365,22365,22365,22365,1
20211013093444,22360,22360,22360,22360,5
20211013093445,22365,22365,22365,22365,1
20211013093445,22365,22365,22365,22365,1
20211013093445,22365,22365,22365,22365,1
20211013093446,22365,22365,22365,22365,1
20211013093446,22365,22365,22365,22365,28
20211013093446,22365,22365,22365,22365,1
20211013093446,22365,22365,22365,22365,13
20211013093447,22365,22365,22365,22365,5
20211013093447,22370,22370,22370,22370,5256
20211013093447,22370,22370,22370,22370,30
20211013093447,22365,22365,22365,22365,15
20211013093449,22370,22370,22370,22370,500
20211013093449,22370,22370,22370,22370,500
20211013093450,22365,22365,22365,22365,1
20211013093450,22365,22365,22365,22365,100
20211013093451,22365,22365,22365,22365,30
20211013093452,22370,22370,22370,22370,1
20211013093452,22370,22370,22370,22370,1102
20211013093453,22375,22375,22375,22375,9
20211013093454,22370,22370,22370,22370,23
20211013093454,22375,22375,22375,22375,2085
20211013093454,22375,22375,22375,22375,1
20211013093454,22375,22375,22375,22375,1
20211013093454,22375,22375,22375,22375,9061
20211013093454,22370,22370,22370,22370,30
20211013093455,22375,22375,22375,22375,100
20211013093455,22370,22370,22370,22370,1
20211013093455,22370,22370,22370,22370,1
20211013093455,22370,22370,22370,22370,1
20211013093456,22375,22375,22375,22375,1763
20211013093456,22375,22375,22375,22375,60
20211013093456,22380,22380,22380,22380,1
20211013093456,22380,22380,22380,22380,1
20211013093456,22380,22380,22380,22380,1
20211013093456,22375,22375,22375,22375,15
20211013093456,22375,22375,22375,22375,3
20211013093456,22375,22375,22375,22375,244
20211013093457,22375,22375,22375,22375,300
20211013093457,22370,22370,22370,22370,102
20211013093457,22370,22370,22370,22370,10
20211013093458,22370,22370,22370,22370,5
20211013093458,22365,22365,22365,22365,18
20211013093458,22375,22375,22375,22375,1
20211013093458,22375,22375,22375,22375,509
20211013093458,22375,22375,22375,22375,165
20211013093458,22375,22375,22375,22375,165
20211013093458,22375,22375,22375,22375,165
20211013093458,22375,22375,22375,22375,165
20211013093458,22375,22375,22375,22375,1
20211013093458,22375,22375,22375,22375,1
20211013093458,22375,22375,22375,22375,1
20211013093458,22375,22375,22375,22375,1
20211013093458,22375,22375,22375,22375,162
20211013093458,22375,22375,22375,22375,162
20211013093458,22375,22375,22375,22375,1
20211013093458,22375,22375,22375,22375,165
20211013093458,22375,22375,22375,22375,1
20211013093458,22375,22375,22375,22375,165
20211013093458,22375,22375,22375,22375,1
20211013093458,22375,22375,22375,22375,165
20211013093458,22375,22375,22375,22375,1
20211013093458,22375,22375,22375,22375,89
20211013093459,22375,22375,22375,22375,1000
20211013093459,22375,22375,22375,22375,5000
20211013093459,22375,22375,22375,22375,30
20211013093459,22375,22375,22375,22375,36
20211013093500,22375,22375,22375,22375,1916
20211013093500,22380,22380,22380,22380,6
20211013093500,22375,22375,22375,22375,100
20211013093501,22380,22380,22380,22380,1
20211013093501,22380,22380,22380,22380,1
20211013093501,22380,22380,22380,22380,2085
20211013093501,22380,22380,22380,22380,5219
20211013093501,22380,22380,22380,22380,500
20211013093501,22385,22385,22385,22385,1
20211013093501,22385,22385,22385,22385,1
20211013093502,22380,22380,22380,22380,100
20211013093502,22380,22380,22380,22380,1
20211013093502,22380,22380,22380,22380,1
20211013093502,22380,22380,22380,22380,10
20211013093502,22380,22380,22380,22380,100
20211013093502,22380,22380,22380,22380,1
20211013093503,22380,22380,22380,22380,1000
20211013093503,22380,22380,22380,22380,1
20211013093503,22385,22385,22385,22385,1
20211013093503,22385,22385,22385,22385,1
20211013093503,22380,22380,22380,22380,1
20211013093503,22380,22380,22380,22380,1
20211013093503,22380,22380,22380,22380,1086
20211013093503,22380,22380,22380,22380,2315
20211013093503,22380,22380,22380,22380,20
20211013093503,22380,22380,22380,22380,2980
20211013093505,22375,22375,22375,22375,12151
20211013093505,22375,22375,22375,22375,50
20211013093505,22375,22375,22375,22375,4
20211013093507,22370,22370,22370,22370,41
20211013093507,22365,22365,22365,22365,1
20211013093507,22365,22365,22365,22365,12
20211013093507,22370,22370,22370,22370,1
20211013093507,22370,22370,22370,22370,158
20211013093507,22375,22375,22375,22375,58
20211013093507,22370,22370,22370,22370,1
20211013093507,22370,22370,22370,22370,457
20211013093508,22375,22375,22375,22375,8
20211013093510,22375,22375,22375,22375,28
20211013093510,22370,22370,22370,22370,1
20211013093511,22375,22375,22375,22375,4
20211013093511,22370,22370,22370,22370,1
20211013093512,22370,22370,22370,22370,1
20211013093512,22370,22370,22370,22370,4
20211013093513,22370,22370,22370,22370,1
20211013093513,22365,22365,22365,22365,14171
20211013093513,22365,22365,22365,22365,2
20211013093513,22365,22365,22365,22365,6000
20211013093513,22365,22365,22365,22365,500
20211013093513,22365,22365,22365,22365,1244
20211013093513,22365,22365,22365,22365,983
20211013093514,22370,22370,22370,22370,1
20211013093514,22370,22370,22370,22370,1213
20211013093514,22370,22370,22370,22370,3924
20211013093514,22370,22370,22370,22370,1
20211013093514,22370,22370,22370,22370,49
20211013093514,22370,22370,22370,22370,10
20211013093514,22370,22370,22370,22370,11
20211013093515,22370,22370,22370,22370,1000
20211013093515,22365,22365,22365,22365,1
20211013093515,22360,22360,22360,22360,873
20211013093515,22355,22355,22355,22355,33
20211013093516,22365,22365,22365,22365,30
20211013093517,22365,22365,22365,22365,1
20211013093518,22365,22365,22365,22365,100
20211013093518,22365,22365,22365,22365,1
20211013093521,22365,22365,22365,22365,1
20211013093521,22360,22360,22360,22360,1
20211013093521,22365,22365,22365,22365,1
20211013093521,22360,22360,22360,22360,2724
20211013093521,22365,22365,22365,22365,1
20211013093521,22365,22365,22365,22365,113
20211013093524,22365,22365,22365,22365,6
20211013093524,22360,22360,22360,22360,1
20211013093524,22365,22365,22365,22365,3
20211013093524,22365,22365,22365,22365,1
20211013093524,22365,22365,22365,22365,1
20211013093524,22365,22365,22365,22365,1
20211013093524,22365,22365,22365,22365,1
20211013093524,22365,22365,22365,22365,3
20211013093525,22365,22365,22365,22365,1
20211013093525,22360,22360,22360,22360,3150
20211013093525,22365,22365,22365,22365,10
20211013093526,22365,22365,22365,22365,1
20211013093526,22365,22365,22365,22365,9
20211013093526,22370,22370,22370,22370,1
20211013093527,22370,22370,22370,22370,1
20211013093527,22365,22365,22365,22365,50
20211013093527,22365,22365,22365,22365,1
20211013093528,22370,22370,22370,22370,28
20211013093528,22365,22365,22365,22365,226
20211013093528,22370,22370,22370,22370,774
20211013093528,22370,22370,22370,22370,1
20211013093529,22365,22365,22365,22365,100
20211013093529,22365,22365,22365,22365,1
20211013093530,22365,22365,22365,22365,1
20211013093530,22370,22370,22370,22370,1
20211013093532,22365,22365,22365,22365,1
20211013093533,22370,22370,22370,22370,1
20211013093533,22365,22365,22365,22365,10
20211013093533,22365,22365,22365,22365,1
20211013093534,22365,22365,22365,22365,1
20211013093535,22365,22365,22365,22365,1
20211013093535,22365,22365,22365,22365,10
20211013093535,22365,22365,22365,22365,1
20211013093536,22365,22365,22365,22365,1
20211013093536,22365,22365,22365,22365,4
20211013093536,22365,22365,22365,22365,6
20211013093536,22365,22365,22365,22365,1
20211013093537,22365,22365,22365,22365,1636
20211013093537,22365,22365,22365,22365,10
20211013093538,22365,22365,22365,22365,1
20211013093538,22365,22365,22365,22365,1
20211013093539,22365,22365,22365,22365,1
20211013093539,22365,22365,22365,22365,1
20211013093539,22365,22365,22365,22365,1
20211013093539,22365,22365,22365,22365,1
20211013093540,22365,22365,22365,22365,1
20211013093540,22360,22360,22360,22360,8
20211013093540,22365,22365,22365,22365,1
20211013093540,22365,22365,22365,22365,1
20211013093541,22365,22365,22365,22365,1
20211013093541,22360,22360,22360,22360,1223
20211013093541,22360,22360,22360,22360,2
20211013093541,22360,22360,22360,22360,1
20211013093541,22360,22360,22360,22360,1
20211013093542,22360,22360,22360,22360,1
20211013093542,22365,22365,22365,22365,500
20211013093542,22360,22360,22360,22360,1
20211013093542,22360,22360,22360,22360,1
20211013093542,22360,22360,22360,22360,97
20211013093542,22360,22360,22360,22360,1
20211013093542,22360,22360,22360,22360,1
20211013093543,22360,22360,22360,22360,500
20211013093543,22355,22355,22355,22355,1
20211013093543,22355,22355,22355,22355,2993
20211013093543,22350,22350,22350,22350,305
20211013093544,22355,22355,22355,22355,1
20211013093544,22355,22355,22355,22355,1
20211013093545,22345,22345,22345,22345,1
20211013093545,22345,22345,22345,22345,1
20211013093545,22350,22350,22350,22350,1
20211013093545,22345,22345,22345,22345,1
20211013093545,22350,22350,22350,22350,1
20211013093546,22345,22345,22345,22345,1
20211013093546,22345,22345,22345,22345,4
20211013093546,22355,22355,22355,22355,1
20211013093547,22345,22345,22345,22345,300
20211013093548,22345,22345,22345,22345,8
20211013093548,22350,22350,22350,22350,1
20211013093548,22350,22350,22350,22350,200
20211013093548,22355,22355,22355,22355,1
20211013093549,22355,22355,22355,22355,1
20211013093550,22355,22355,22355,22355,1
20211013093550,22355,22355,22355,22355,1
20211013093550,22350,22350,22350,22350,2
20211013093551,22350,22350,22350,22350,1
20211013093551,22355,22355,22355,22355,1
20211013093551,22355,22355,22355,22355,1
20211013093551,22350,22350,22350,22350,10
20211013093551,22355,22355,22355,22355,210
20211013093552,22350,22350,22350,22350,50
20211013093552,22355,22355,22355,22355,10
20211013093552,22360,22360,22360,22360,1
20211013093552,22355,22355,22355,22355,500
20211013093552,22350,22350,22350,22350,396
20211013093552,22355,22355,22355,22355,500
20211013093552,22360,22360,22360,22360,4500
20211013093553,22355,22355,22355,22355,1
20211013093553,22360,22360,22360,22360,1201
20211013093553,22360,22360,22360,22360,2
20211013093554,22365,22365,22365,22365,1
20211013093554,22365,22365,22365,22365,1
20211013093554,22360,22360,22360,22360,30
20211013093554,22360,22360,22360,22360,4
20211013093554,22365,22365,22365,22365,704
20211013093555,22365,22365,22365,22365,1
20211013093555,22360,22360,22360,22360,1
20211013093556,22370,22370,22370,22370,1
20211013093558,22370,22370,22370,22370,1344
20211013093558,22370,22370,22370,22370,1
20211013093558,22370,22370,22370,22370,20
20211013093559,22365,22365,22365,22365,1
20211013093559,22370,22370,22370,22370,1
20211013093559,22360,22360,22360,22360,200
20211013093600,22365,22365,22365,22365,5
20211013093600,22370,22370,22370,22370,1
20211013093601,22370,22370,22370,22370,1
20211013093601,22370,22370,22370,22370,1
20211013093601,22370,22370,22370,22370,4242
20211013093602,22365,22365,22365,22365,100
20211013093602,22375,22375,22375,22375,1
20211013093602,22370,22370,22370,22370,1
20211013093603,22370,22370,22370,22370,1
20211013093603,22370,22370,22370,22370,5
20211013093605,22370,22370,22370,22370,10
20211013093605,22370,22370,22370,22370,10
20211013093606,22370,22370,22370,22370,1
20211013093606,22370,22370,22370,22370,63
20211013093606,22365,22365,22365,22365,20
20211013093606,22375,22375,22375,22375,2816
20211013093606,22375,22375,22375,22375,20
20211013093607,22380,22380,22380,22380,5896
20211013093607,22385,22385,22385,22385,10
20211013093607,22380,22380,22380,22380,1
20211013093607,22385,22385,22385,22385,1
20211013093607,22380,22380,22380,22380,1
20211013093607,22380,22380,22380,22380,181
20211013093608,22380,22380,22380,22380,1
20211013093608,22380,22380,22380,22380,1
20211013093608,22380,22380,22380,22380,1
20211013093608,22385,22385,22385,22385,1
20211013093608,22380,22380,22380,22380,1
20211013093608,22385,22385,22385,22385,1
20211013093608,22380,22380,22380,22380,2
20211013093609,22385,22385,22385,22385,100
20211013093609,22385,22385,22385,22385,1
20211013093609,22380,22380,22380,22380,1
20211013093609,22380,22380,22380,22380,1
20211013093609,22380,22380,22380,22380,1
20211013093610,22385,22385,22385,22385,1
20211013093610,22385,22385,22385,22385,1
20211013093610,22385,22385,22385,22385,20
20211013093611,22385,22385,22385,22385,6449
20211013093611,22390,22390,22390,22390,1
20211013093611,22390,22390,22390,22390,3721
20211013093611,22385,22385,22385,22385,485
20211013093612,22395,22395,22395,22395,500
20211013093612,22395,22395,22395,22395,1
20211013093612,22390,22390,22390,22390,10
20211013093612,22390,22390,22390,22390,20
20211013093612,22395,22395,22395,22395,1
20211013093613,22390,22390,22390,22390,1
20211013093613,22390,22390,22390,22390,12
20211013093613,22390,22390,22390,22390,1
20211013093614,22395,22395,22395,22395,15034
20211013093614,22395,22395,22395,22395,2
20211013093614,22400,22400,22400,22400,16833
20211013093614,22400,22400,22400,22400,1
20211013093614,22400,22400,22400,22400,1
20211013093614,22395,22395,22395,22395,1
20211013093614,22400,22400,22400,22400,25000
20211013093614,22400,22400,22400,22400,2509
20211013093614,22400,22400,22400,22400,2085
20211013093614,22400,22400,22400,22400,2085
20211013093614,22400,22400,22400,22400,5000
20211013093614,22400,22400,22400,22400,1918
20211013093614,22400,22400,22400,22400,4117
20211013093614,22400,22400,22400,22400,1
20211013093614,22400,22400,22400,22400,1
20211013093614,22395,22395,22395,22395,1
20211013093614,22395,22395,22395,22395,1
20211013093614,22395,22395,22395,22395,1
20211013093614,22400,22400,22400,22400,1
20211013093614,22395,22395,22395,22395,1
20211013093614,22400,22400,22400,22400,89
20211013093615,22395,22395,22395,22395,4259
20211013093615,22395,22395,22395,22395,10
20211013093615,22390,22390,22390,22390,1
20211013093615,22390,22390,22390,22390,1
20211013093615,22395,22395,22395,22395,1
20211013093615,22390,22390,22390,22390,1
20211013093615,22390,22390,22390,22390,1
20211013093615,22390,22390,22390,22390,1
20211013093615,22390,22390,22390,22390,1
20211013093615,22395,22395,22395,22395,49
20211013093615,22400,22400,22400,22400,400
20211013093615,22400,22400,22400,22400,1000
20211013093616,22400,22400,22400,22400,10
20211013093616,22400,22400,22400,22400,1
20211013093616,22395,22395,22395,22395,2
20211013093616,22395,22395,22395,22395,1
20211013093616,22395,22395,22395,22395,324
20211013093616,22395,22395,22395,22395,324
20211013093616,22395,22395,22395,22395,325
20211013093616,22395,22395,22395,22395,325
20211013093616,22395,22395,22395,22395,325
20211013093616,22395,22395,22395,22395,96
20211013093616,22400,22400,22400,22400,500
20211013093616,22395,22395,22395,22395,1
20211013093616,22395,22395,22395,22395,14
20211013093616,22395,22395,22395,22395,50
20211013093617,22395,22395,22395,22395,1
20211013093617,22395,22395,22395,22395,1
20211013093617,22400,22400,22400,22400,1
20211013093618,22400,22400,22400,22400,101
20211013093618,22395,22395,22395,22395,1
20211013093618,22400,22400,22400,22400,15
20211013093618,22405,22405,22405,22405,100
20211013093619,22400,22400,22400,22400,6
20211013093619,22400,22400,22400,22400,25
20211013093619,22400,22400,22400,22400,20
20211013093619,22400,22400,22400,22400,2159
20211013093619,22400,22400,22400,22400,1
20211013093619,22400,22400,22400,22400,2795
20211013093620,22395,22395,22395,22395,10
20211013093620,22395,22395,22395,22395,20
20211013093620,22395,22395,22395,22395,100
20211013093620,22400,22400,22400,22400,41
20211013093621,22405,22405,22405,22405,1
20211013093621,22405,22405,22405,22405,2022
20211013093621,22405,22405,22405,22405,1500
20211013093621,22400,22400,22400,22400,3500
20211013093621,22400,22400,22400,22400,330
20211013093621,22410,22410,22410,22410,500
20211013093622,22410,22410,22410,22410,508
20211013093622,22410,22410,22410,22410,30
20211013093622,22405,22405,22405,22405,100
20211013093622,22410,22410,22410,22410,28
20211013093622,22410,22410,22410,22410,1
20211013093622,22410,22410,22410,22410,1
20211013093622,22410,22410,22410,22410,1
20211013093622,22410,22410,22410,22410,1
20211013093622,22410,22410,22410,22410,4326
20211013093622,22410,22410,22410,22410,500
20211013093622,22410,22410,22410,22410,500
20211013093622,22410,22410,22410,22410,1
20211013093622,22410,22410,22410,22410,1
20211013093622,22410,22410,22410,22410,1
20211013093622,22410,22410,22410,22410,1
20211013093622,22415,22415,22415,22415,100
20211013093622,22410,22410,22410,22410,20
20211013093623,22415,22415,22415,22415,3
20211013093623,22410,22410,22410,22410,10
20211013093623,22410,22410,22410,22410,1
20211013093623,22410,22410,22410,22410,4619
20211013093623,22410,22410,22410,22410,600
20211013093623,22405,22405,22405,22405,2
20211013093623,22405,22405,22405,22405,1
20211013093623,22410,22410,22410,22410,200
20211013093623,22405,22405,22405,22405,1
20211013093623,22405,22405,22405,22405,2
20211013093623,22400,22400,22400,22400,1
20211013093624,22405,22405,22405,22405,1
20211013093624,22410,22410,22410,22410,28
20211013093624,22410,22410,22410,22410,500
20211013093625,22405,22405,22405,22405,478
20211013093625,22400,22400,22400,22400,1
20211013093625,22405,22405,22405,22405,100
20211013093625,22400,22400,22400,22400,1
20211013093625,22410,22410,22410,22410,1
20211013093625,22405,22405,22405,22405,1
20211013093625,22405,22405,22405,22405,4
20211013093625,22405,22405,22405,22405,28
20211013093625,22405,22405,22405,22405,2235
20211013093625,22400,22400,22400,22400,4275
20211013093625,22400,22400,22400,22400,398
20211013093625,22400,22400,22400,22400,327
20211013093626,22405,22405,22405,22405,20
20211013093626,22405,22405,22405,22405,1
20211013093626,22400,22400,22400,22400,1
20211013093626,22400,22400,22400,22400,300
20211013093626,22400,22400,22400,22400,200
20211013093626,22405,22405,22405,22405,28
20211013093626,22410,22410,22410,22410,500
20211013093627,22405,22405,22405,22405,1
20211013093627,22405,22405,22405,22405,200
20211013093627,22405,22405,22405,22405,200
20211013093627,22405,22405,22405,22405,500
20211013093627,22400,22400,22400,22400,100
20211013093628,22405,22405,22405,22405,328
20211013093628,22405,22405,22405,22405,20
20211013093628,22405,22405,22405,22405,50
20211013093629,22400,22400,22400,22400,100
20211013093629,22405,22405,22405,22405,28
20211013093630,22405,22405,22405,22405,1500
20211013093630,22405,22405,22405,22405,49
20211013093630,22405,22405,22405,22405,974
20211013093631,22405,22405,22405,22405,2429
20211013093631,22405,22405,22405,22405,181
20211013093631,22405,22405,22405,22405,1
20211013093631,22405,22405,22405,22405,1
20211013093631,22400,22400,22400,22400,1
20211013093631,22405,22405,22405,22405,55
20211013093631,22405,22405,22405,22405,1
20211013093631,22405,22405,22405,22405,19
20211013093632,22405,22405,22405,22405,100
20211013093632,22405,22405,22405,22405,150
20211013093632,22400,22400,22400,22400,1
20211013093633,22400,22400,22400,22400,200
20211013093633,22400,22400,22400,22400,1431
20211013093633,22400,22400,22400,22400,355
20211013093634,22400,22400,22400,22400,9
20211013093635,22400,22400,22400,22400,1
20211013093635,22400,22400,22400,22400,200
20211013093635,22400,22400,22400,22400,1
20211013093636,22405,22405,22405,22405,129
20211013093636,22400,22400,22400,22400,1
20211013093636,22400,22400,22400,22400,1
20211013093637,22400,22400,22400,22400,1
20211013093637,22400,22400,22400,22400,1
20211013093637,22400,22400,22400,22400,1
20211013093637,22400,22400,22400,22400,1
20211013093637,22400,22400,22400,22400,6
20211013093637,22400,22400,22400,22400,6
20211013093638,22395,22395,22395,22395,1
20211013093638,22400,22400,22400,22400,4
20211013093638,22395,22395,22395,22395,1000
20211013093638,22395,22395,22395,22395,7
20211013093638,22400,22400,22400,22400,5
20211013093638,22400,22400,22400,22400,1
20211013093639,22400,22400,22400,22400,1
20211013093639,22400,22400,22400,22400,10
20211013093639,22405,22405,22405,22405,47
20211013093639,22400,22400,22400,22400,1
20211013093640,22400,22400,22400,22400,50
20211013093640,22405,22405,22405,22405,1
20211013093640,22400,22400,22400,22400,20
20211013093640,22400,22400,22400,22400,9
20211013093640,22405,22405,22405,22405,40
20211013093641,22400,22400,22400,22400,40
20211013093641,22400,22400,22400,22400,400
20211013093641,22405,22405,22405,22405,100
20211013093641,22405,22405,22405,22405,17
20211013093641,22405,22405,22405,22405,979
20211013093642,22405,22405,22405,22405,954
20211013093642,22405,22405,22405,22405,500
20211013093642,22405,22405,22405,22405,1078
20211013093642,22405,22405,22405,22405,1078
20211013093642,22405,22405,22405,22405,1078
20211013093642,22405,22405,22405,22405,1078
20211013093642,22405,22405,22405,22405,188
20211013093642,22405,22405,22405,22405,1
20211013093642,22405,22405,22405,22405,50
20211013093643,22405,22405,22405,22405,50
20211013093643,22410,22410,22410,22410,2322
20211013093643,22410,22410,22410,22410,1230
20211013093644,22410,22410,22410,22410,10
20211013093644,22415,22415,22415,22415,7
20211013093645,22410,22410,22410,22410,1
20211013093645,22410,22410,22410,22410,40
20211013093645,22415,22415,22415,22415,50
20211013093645,22415,22415,22415,22415,100
20211013093646,22415,22415,22415,22415,700
20211013093646,22415,22415,22415,22415,1
20211013093646,22415,22415,22415,22415,12285
20211013093646,22415,22415,22415,22415,30
20211013093646,22415,22415,22415,22415,1
20211013093646,22420,22420,22420,22420,1
20211013093646,22420,22420,22420,22420,100
20211013093646,22420,22420,22420,22420,1
20211013093646,22420,22420,22420,22420,112
20211013093646,22415,22415,22415,22415,14201
20211013093646,22415,22415,22415,22415,1
20211013093647,22415,22415,22415,22415,7950
20211013093647,22420,22420,22420,22420,2050
20211013093647,22415,22415,22415,22415,2158
20211013093647,22415,22415,22415,22415,334
20211013093648,22415,22415,22415,22415,28
20211013093648,22415,22415,22415,22415,1
20211013093648,22415,22415,22415,22415,2
20211013093648,22415,22415,22415,22415,1556
20211013093649,22415,22415,22415,22415,1
20211013093649,22410,22410,22410,22410,2
20211013093650,22415,22415,22415,22415,2158
20211013093650,22410,22410,22410,22410,1
20211013093650,22410,22410,22410,22410,11506
20211013093650,22410,22410,22410,22410,1
20211013093650,22410,22410,22410,22410,9999
20211013093650,22410,22410,22410,22410,50
20211013093650,22410,22410,22410,22410,311
20211013093650,22415,22415,22415,22415,689
20211013093650,22410,22410,22410,22410,20
20211013093651,22405,22405,22405,22405,73
20211013093651,22410,22410,22410,22410,376
20211013093651,22410,22410,22410,22410,11
20211013093651,22410,22410,22410,22410,346
20211013093652,22410,22410,22410,22410,1
20211013093652,22410,22410,22410,22410,499
20211013093652,22410,22410,22410,22410,1
20211013093652,22410,22410,22410,22410,4
20211013093653,22415,22415,22415,22415,500
20211013093653,22410,22410,22410,22410,100
20211013093654,22410,22410,22410,22410,2
20211013093654,22415,22415,22415,22415,28
20211013093655,22415,22415,22415,22415,22
20211013093655,22410,22410,22410,22410,100
20211013093656,22415,22415,22415,22415,1
20211013093656,22415,22415,22415,22415,1622
20211013093656,22415,22415,22415,22415,536
20211013093657,22415,22415,22415,22415,200
20211013093657,22415,22415,22415,22415,2158
20211013093657,22415,22415,22415,22415,5
20211013093658,22410,22410,22410,22410,11314
20211013093658,22410,22410,22410,22410,500
20211013093658,22410,22410,22410,22410,1
20211013093658,22405,22405,22405,22405,1
20211013093658,22415,22415,22415,22415,5
20211013093658,22410,22410,22410,22410,223
20211013093658,22410,22410,22410,22410,100
20211013093659,22410,22410,22410,22410,1
20211013093659,22410,22410,22410,22410,1000
20211013093659,22415,22415,22415,22415,50
20211013093700,22410,22410,22410,22410,1
20211013093700,22410,22410,22410,22410,9612
20211013093700,22410,22410,22410,22410,10388
20211013093700,22410,22410,22410,22410,100
20211013093700,22410,22410,22410,22410,1
20211013093701,22410,22410,22410,22410,1
20211013093702,22410,22410,22410,22410,50
20211013093703,22410,22410,22410,22410,1
20211013093703,22410,22410,22410,22410,7
20211013093703,22410,22410,22410,22410,500
20211013093703,22410,22410,22410,22410,500
20211013093703,22410,22410,22410,22410,1
20211013093703,22410,22410,22410,22410,1
20211013093703,22410,22410,22410,22410,1
20211013093703,22410,22410,22410,22410,317
20211013093704,22410,22410,22410,22410,1
20211013093704,22410,22410,22410,22410,5
20211013093704,22415,22415,22415,22415,1
20211013093704,22410,22410,22410,22410,1
20211013093704,22410,22410,22410,22410,1
20211013093704,22415,22415,22415,22415,223
20211013093704,22410,22410,22410,22410,705
20211013093705,22410,22410,22410,22410,1
20211013093705,22405,22405,22405,22405,2021
20211013093705,22405,22405,22405,22405,500
20211013093705,22400,22400,22400,22400,1
20211013093705,22400,22400,22400,22400,2
20211013093705,22410,22410,22410,22410,1
20211013093705,22410,22410,22410,22410,100
20211013093705,22405,22405,22405,22405,1
20211013093705,22405,22405,22405,22405,29
20211013093706,22405,22405,22405,22405,150
20211013093706,22405,22405,22405,22405,1
20211013093706,22400,22400,22400,22400,13816
20211013093706,22405,22405,22405,22405,1
20211013093706,22400,22400,22400,22400,44
20211013093707,22405,22405,22405,22405,1
20211013093707,22405,22405,22405,22405,28
20211013093707,22405,22405,22405,22405,1
20211013093707,22400,22400,22400,22400,1
20211013093707,22405,22405,22405,22405,1
20211013093708,22405,22405,22405,22405,1
20211013093708,22400,22400,22400,22400,1
20211013093708,22405,22405,22405,22405,1
20211013093708,22400,22400,22400,22400,48
20211013093708,22400,22400,22400,22400,1
20211013093709,22400,22400,22400,22400,1
20211013093709,22400,22400,22400,22400,1
20211013093709,22395,22395,22395,22395,10
20211013093710,22400,22400,22400,22400,5
20211013093710,22400,22400,22400,22400,1
20211013093710,22395,22395,22395,22395,79
20211013093710,22400,22400,22400,22400,1
20211013093710,22400,22400,22400,22400,1
20211013093711,22395,22395,22395,22395,1
20211013093711,22400,22400,22400,22400,1
20211013093711,22400,22400,22400,22400,1
20211013093711,22400,22400,22400,22400,1
20211013093711,22400,22400,22400,22400,1
20211013093711,22400,22400,22400,22400,1
20211013093711,22400,22400,22400,22400,4
20211013093711,22405,22405,22405,22405,1
20211013093711,22400,22400,22400,22400,1
20211013093712,22400,22400,22400,22400,1
20211013093712,22400,22400,22400,22400,1
20211013093712,22400,22400,22400,22400,1
20211013093712,22395,22395,22395,22395,1329
20211013093713,22395,22395,22395,22395,1
20211013093713,22395,22395,22395,22395,5
20211013093713,22400,22400,22400,22400,1
20211013093713,22400,22400,22400,22400,1
20211013093714,22400,22400,22400,22400,1
20211013093715,22395,22395,22395,22395,803
20211013093715,22390,22390,22390,22390,620
20211013093715,22400,22400,22400,22400,200
20211013093715,22400,22400,22400,22400,5
20211013093716,22395,22395,22395,22395,504
20211013093716,22390,22390,22390,22390,46
20211013093716,22395,22395,22395,22395,1
20211013093716,22390,22390,22390,22390,99
20211013093717,22400,22400,22400,22400,50
20211013093719,22395,22395,22395,22395,7
20211013093719,22395,22395,22395,22395,1
20211013093719,22395,22395,22395,22395,1
20211013093720,22395,22395,22395,22395,10
20211013093720,22390,22390,22390,22390,1
20211013093720,22395,22395,22395,22395,1
20211013093720,22395,22395,22395,22395,5
20211013093720,22395,22395,22395,22395,1
20211013093720,22395,22395,22395,22395,1
20211013093721,22395,22395,22395,22395,1
20211013093721,22395,22395,22395,22395,1
20211013093721,22395,22395,22395,22395,29
20211013093721,22400,22400,22400,22400,227
20211013093722,22395,22395,22395,22395,1
20211013093722,22390,22390,22390,22390,1
20211013093722,22390,22390,22390,22390,1
20211013093722,22395,22395,22395,22395,1
20211013093722,22395,22395,22395,22395,500
20211013093722,22395,22395,22395,22395,1
20211013093723,22395,22395,22395,22395,1
20211013093723,22395,22395,22395,22395,1
20211013093724,22395,22395,22395,22395,889
20211013093724,22395,22395,22395,22395,5
20211013093724,22395,22395,22395,22395,142
20211013093724,22390,22390,22390,22390,1
20211013093724,22395,22395,22395,22395,1
20211013093727,22395,22395,22395,22395,50
20211013093727,22395,22395,22395,22395,229
20211013093727,22395,22395,22395,22395,2303
20211013093728,22395,22395,22395,22395,1
20211013093728,22395,22395,22395,22395,1
20211013093728,22390,22390,22390,22390,1
20211013093728,22400,22400,22400,22400,30
20211013093729,22395,22395,22395,22395,200
20211013093730,22400,22400,22400,22400,1
20211013093730,22400,22400,22400,22400,1
20211013093730,22395,22395,22395,22395,907
20211013093730,22395,22395,22395,22395,1
20211013093731,22395,22395,22395,22395,1
20211013093731,22395,22395,22395,22395,1
20211013093731,22390,22390,22390,22390,1
20211013093731,22390,22390,22390,22390,1649
20211013093731,22390,22390,22390,22390,1
20211013093731,22390,22390,22390,22390,1
20211013093731,22390,22390,22390,22390,42
20211013093731,22390,22390,22390,22390,1
20211013093732,22395,22395,22395,22395,1
20211013093732,22385,22385,22385,22385,2071
20211013093732,22390,22390,22390,22390,1
20211013093732,22390,22390,22390,22390,100
20211013093733,22390,22390,22390,22390,1
20211013093733,22390,22390,22390,22390,1
20211013093733,22395,22395,22395,22395,1
20211013093733,22385,22385,22385,22385,200
20211013093733,22390,22390,22390,22390,10
20211013093733,22385,22385,22385,22385,16
20211013093734,22385,22385,22385,22385,1
20211013093734,22385,22385,22385,22385,1
20211013093734,22385,22385,22385,22385,2
20211013093734,22390,22390,22390,22390,1
20211013093734,22385,22385,22385,22385,1
20211013093734,22390,22390,22390,22390,1
20211013093734,22390,22390,22390,22390,1
20211013093735,22385,22385,22385,22385,502
20211013093735,22380,22380,22380,22380,498
20211013093735,22380,22380,22380,22380,1000
20211013093735,22385,22385,22385,22385,1
20211013093735,22380,22380,22380,22380,1597
20211013093735,22385,22385,22385,22385,100
20211013093735,22380,22380,22380,22380,1
20211013093735,22380,22380,22380,22380,3
20211013093736,22385,22385,22385,22385,1
20211013093736,22385,22385,22385,22385,1
20211013093736,22380,22380,22380,22380,50
20211013093736,22380,22380,22380,22380,1
20211013093737,22380,22380,22380,22380,1
20211013093738,22375,22375,22375,22375,1
20211013093738,22375,22375,22375,22375,418
20211013093738,22375,22375,22375,22375,44
20211013093738,22375,22375,22375,22375,1
20211013093738,22375,22375,22375,22375,10
20211013093738,22375,22375,22375,22375,100
20211013093738,22370,22370,22370,22370,1
20211013093738,22370,22370,22370,22370,872
20211013093738,22375,22375,22375,22375,3
20211013093739,22375,22375,22375,22375,1
20211013093739,22375,22375,22375,22375,100
20211013093739,22375,22375,22375,22375,200
20211013093739,22375,22375,22375,22375,1
20211013093740,22375,22375,22375,22375,1000
20211013093740,22375,22375,22375,22375,2
20211013093740,22375,22375,22375,22375,1
20211013093741,22375,22375,22375,22375,3
20211013093741,22375,22375,22375,22375,500
20211013093741,22375,22375,22375,22375,125
20211013093741,22380,22380,22380,22380,1
20211013093741,22380,22380,22380,22380,1
20211013093742,22375,22375,22375,22375,50
20211013093742,22380,22380,22380,22380,143
20211013093742,22385,22385,22385,22385,1
20211013093742,22380,22380,22380,22380,1
20211013093743,22385,22385,22385,22385,1
20211013093743,22380,22380,22380,22380,50
20211013093744,22385,22385,22385,22385,62
20211013093744,22385,22385,22385,22385,500
20211013093744,22390,22390,22390,22390,1
20211013093746,22385,22385,22385,22385,1
20211013093746,22385,22385,22385,22385,1
20211013093746,22385,22385,22385,22385,20
20211013093746,22385,22385,22385,22385,16421
20211013093746,22390,22390,22390,22390,3579
20211013093747,22380,22380,22380,22380,5000
20211013093747,22385,22385,22385,22385,1
20211013093747,22380,22380,22380,22380,1000
20211013093747,22375,22375,22375,22375,1
20211013093748,22375,22375,22375,22375,2421
20211013093748,22380,22380,22380,22380,28
20211013093748,22375,22375,22375,22375,1
20211013093748,22375,22375,22375,22375,10
20211013093749,22375,22375,22375,22375,1
20211013093749,22380,22380,22380,22380,5
20211013093750,22370,22370,22370,22370,120
20211013093750,22380,22380,22380,22380,1
20211013093751,22375,22375,22375,22375,1
20211013093751,22370,22370,22370,22370,1
20211013093751,22370,22370,22370,22370,1
20211013093751,22370,22370,22370,22370,1
20211013093752,22375,22375,22375,22375,1
20211013093753,22375,22375,22375,22375,10
20211013093753,22375,22375,22375,22375,1
20211013093754,22370,22370,22370,22370,1238
20211013093754,22375,22375,22375,22375,1
20211013093754,22375,22375,22375,22375,1
20211013093754,22375,22375,22375,22375,1
20211013093755,22370,22370,22370,22370,1
20211013093755,22370,22370,22370,22370,1
20211013093755,22370,22370,22370,22370,2
20211013093755,22370,22370,22370,22370,96
20211013093755,22375,22375,22375,22375,200
20211013093756,22370,22370,22370,22370,301
20211013093756,22375,22375,22375,22375,1
20211013093756,22375,22375,22375,22375,1
20211013093756,22370,22370,22370,22370,1000
20211013093756,22370,22370,22370,22370,1
20211013093756,22365,22365,22365,22365,9
20211013093756,22370,22370,22370,22370,1
20211013093757,22375,22375,22375,22375,1
20211013093757,22375,22375,22375,22375,1
20211013093757,22375,22375,22375,22375,1
20211013093757,22375,22375,22375,22375,28
20211013093758,22375,22375,22375,22375,4
20211013093758,22370,22370,22370,22370,10
20211013093758,22370,22370,22370,22370,242
20211013093758,22365,22365,22365,22365,758
20211013093758,22375,22375,22375,22375,1
20211013093759,22375,22375,22375,22375,1
20211013093759,22370,22370,22370,22370,1
20211013093800,22375,22375,22375,22375,177
20211013093800,22380,22380,22380,22380,1
20211013093800,22380,22380,22380,22380,29
20211013093800,22385,22385,22385,22385,1
20211013093800,22380,22380,22380,22380,132
20211013093801,22380,22380,22380,22380,10
20211013093801,22380,22380,22380,22380,1000
20211013093801,22385,22385,22385,22385,1
20211013093802,22385,22385,22385,22385,50
20211013093802,22390,22390,22390,22390,5
20211013093803,22390,22390,22390,22390,1
20211013093803,22385,22385,22385,22385,1
20211013093804,22385,22385,22385,22385,1
20211013093804,22385,22385,22385,22385,1
20211013093804,22390,22390,22390,22390,5
20211013093804,22380,22380,22380,22380,1
20211013093805,22380,22380,22380,22380,2
20211013093805,22390,22390,22390,22390,1
20211013093806,22390,22390,22390,22390,50
20211013093807,22385,22385,22385,22385,1
20211013093807,22390,22390,22390,22390,1
20211013093807,22390,22390,22390,22390,1
20211013093807,22390,22390,22390,22390,1
20211013093808,22390,22390,22390,22390,48
20211013093808,22390,22390,22390,22390,1
20211013093809,22390,22390,22390,22390,5
20211013093809,22390,22390,22390,22390,40
20211013093809,22395,22395,22395,22395,28
20211013093809,22390,22390,22390,22390,10
20211013093809,22395,22395,22395,22395,1
20211013093809,22395,22395,22395,22395,1
20211013093809,22395,22395,22395,22395,1
20211013093810,22395,22395,22395,22395,1
20211013093810,22395,22395,22395,22395,1
20211013093810,22395,22395,22395,22395,281
20211013093811,22395,22395,22395,22395,50
20211013093811,22395,22395,22395,22395,1
20211013093812,22395,22395,22395,22395,28
20211013093813,22395,22395,22395,22395,1
20211013093815,22395,22395,22395,22395,100
20211013093815,22395,22395,22395,22395,1
20211013093816,22395,22395,22395,22395,1
20211013093816,22395,22395,22395,22395,932
20211013093817,22395,22395,22395,22395,50
20211013093817,22395,22395,22395,22395,1
20211013093817,22395,22395,22395,22395,119
20211013093818,22395,22395,22395,22395,1
20211013093818,22390,22390,22390,22390,101
20211013093819,22395,22395,22395,22395,10
20211013093820,22395,22395,22395,22395,1
20211013093821,22395,22395,22395,22395,1
20211013093823,22395,22395,22395,22395,1
20211013093824,22390,22390,22390,22390,200
20211013093824,22395,22395,22395,22395,1
20211013093825,22395,22395,22395,22395,200
20211013093826,22395,22395,22395,22395,1
20211013093826,22395,22395,22395,22395,1
20211013093826,22395,22395,22395,22395,1
20211013093826,22395,22395,22395,22395,777
20211013093826,22395,22395,22395,22395,598
20211013093827,22400,22400,22400,22400,1
20211013093828,22400,22400,22400,22400,28
20211013093829,22395,22395,22395,22395,5
20211013093831,22395,22395,22395,22395,10
20211013093831,22390,22390,22390,22390,10
20211013093831,22400,22400,22400,22400,1
20211013093832,22400,22400,22400,22400,1
20211013093832,22400,22400,22400,22400,10575
20211013093832,22400,22400,22400,22400,1
20211013093832,22405,22405,22405,22405,1
20211013093832,22400,22400,22400,22400,28
20211013093832,22395,22395,22395,22395,10
20211013093833,22400,22400,22400,22400,50
20211013093833,22395,22395,22395,22395,42
20211013093833,22400,22400,22400,22400,1
20211013093834,22395,22395,22395,22395,48
20211013093834,22390,22390,22390,22390,152
20211013093835,22400,22400,22400,22400,11
20211013093837,22400,22400,22400,22400,1
20211013093838,22400,22400,22400,22400,1
20211013093838,22400,22400,22400,22400,44
20211013093839,22400,22400,22400,22400,1
20211013093839,22400,22400,22400,22400,1
20211013093839,22395,22395,22395,22395,50
20211013093839,22400,22400,22400,22400,1
20211013093839,22400,22400,22400,22400,1
20211013093840,22400,22400,22400,22400,1
20211013093840,22395,22395,22395,22395,1
20211013093840,22395,22395,22395,22395,1
20211013093840,22400,22400,22400,22400,1
20211013093841,22400,22400,22400,22400,1
20211013093841,22400,22400,22400,22400,70
20211013093842,22400,22400,22400,22400,1
20211013093842,22400,22400,22400,22400,1
20211013093842,22400,22400,22400,22400,1
20211013093842,22400,22400,22400,22400,1
20211013093842,22400,22400,22400,22400,9
20211013093843,22400,22400,22400,22400,92
20211013093843,22400,22400,22400,22400,828
20211013093843,22400,22400,22400,22400,828
20211013093843,22400,22400,22400,22400,752
20211013093844,22400,22400,22400,22400,2
20211013093844,22400,22400,22400,22400,9
20211013093844,22400,22400,22400,22400,1
20211013093844,22400,22400,22400,22400,99
20211013093844,22400,22400,22400,22400,1
20211013093845,22400,22400,22400,22400,2
20211013093845,22400,22400,22400,22400,48
20211013093846,22400,22400,22400,22400,10
20211013093846,22400,22400,22400,22400,10
20211013093847,22405,22405,22405,22405,200
20211013093847,22405,22405,22405,22405,10
20211013093848,22405,22405,22405,22405,273
20211013093848,22405,22405,22405,22405,1
20211013093848,22410,22410,22410,22410,28
20211013093848,22405,22405,22405,22405,10
20211013093849,22410,22410,22410,22410,1
20211013093853,22405,22405,22405,22405,22
20211013093853,22410,22410,22410,22410,78
20211013093854,22400,22400,22400,22400,1
20211013093854,22400,22400,22400,22400,1373
20211013093854,22400,22400,22400,22400,213
20211013093855,22405,22405,22405,22405,1
20211013093856,22405,22405,22405,22405,1
20211013093856,22405,22405,22405,22405,108
20211013093857,22400,22400,22400,22400,8
20211013093858,22405,22405,22405,22405,10
20211013093859,22405,22405,22405,22405,908
20211013093859,22405,22405,22405,22405,1
20211013093859,22405,22405,22405,22405,1400
20211013093859,22405,22405,22405,22405,900
20211013093859,22405,22405,22405,22405,766
20211013093859,22405,22405,22405,22405,5127
20211013093859,22405,22405,22405,22405,234
20211013093900,22410,22410,22410,22410,1
20211013093900,22410,22410,22410,22410,1811
20211013093900,22410,22410,22410,22410,7
20211013093900,22410,22410,22410,22410,1
20211013093900,22405,22405,22405,22405,1
20211013093900,22410,22410,22410,22410,500
20211013093900,22410,22410,22410,22410,1
20211013093901,22415,22415,22415,22415,500
20211013093901,22410,22410,22410,22410,10
20211013093901,22415,22415,22415,22415,1
20211013093903,22410,22410,22410,22410,5000
20211013093903,22415,22415,22415,22415,10
20211013093903,22410,22410,22410,22410,1
20211013093903,22410,22410,22410,22410,1
20211013093903,22410,22410,22410,22410,100
20211013093905,22415,22415,22415,22415,50
20211013093905,22410,22410,22410,22410,10
20211013093906,22410,22410,22410,22410,5
20211013093906,22405,22405,22405,22405,3328
20211013093907,22405,22405,22405,22405,1
20211013093907,22405,22405,22405,22405,20
20211013093908,22405,22405,22405,22405,10
20211013093908,22405,22405,22405,22405,10
20211013093911,22400,22400,22400,22400,200
20211013093911,22405,22405,22405,22405,10
20211013093912,22400,22400,22400,22400,2182
20211013093913,22400,22400,22400,22400,1
20211013093914,22400,22400,22400,22400,30
20211013093914,22400,22400,22400,22400,20
20211013093915,22400,22400,22400,22400,721
20211013093915,22400,22400,22400,22400,5000
20211013093915,22400,22400,22400,22400,1
20211013093916,22405,22405,22405,22405,100
20211013093916,22400,22400,22400,22400,30
20211013093918,22400,22400,22400,22400,20
20211013093919,22400,22400,22400,22400,1600
20211013093919,22400,22400,22400,22400,20
20211013093919,22400,22400,22400,22400,100
20211013093919,22400,22400,22400,22400,10
20211013093920,22400,22400,22400,22400,50
20211013093920,22400,22400,22400,22400,20
20211013093920,22395,22395,22395,22395,79
20211013093921,22400,22400,22400,22400,140
20211013093922,22395,22395,22395,22395,1000
20211013093923,22400,22400,22400,22400,20
20211013093924,22400,22400,22400,22400,20
20211013093926,22400,22400,22400,22400,20
20211013093926,22400,22400,22400,22400,21
20211013093926,22405,22405,22405,22405,425
20211013093927,22400,22400,22400,22400,20
20211013093928,22400,22400,22400,22400,10
20211013093928,22400,22400,22400,22400,20
20211013093929,22400,22400,22400,22400,20
20211013093931,22400,22400,22400,22400,20
20211013093931,22400,22400,22400,22400,1
20211013093931,22400,22400,22400,22400,1
20211013093931,22400,22400,22400,22400,50
20211013093932,22400,22400,22400,22400,504
20211013093932,22400,22400,22400,22400,1
20211013093933,22400,22400,22400,22400,29
20211013093933,22400,22400,22400,22400,2
20211013093933,22400,22400,22400,22400,20
20211013093934,22395,22395,22395,22395,1
20211013093934,22395,22395,22395,22395,1
20211013093934,22395,22395,22395,22395,2254
20211013093935,22395,22395,22395,22395,2084
20211013093935,22400,22400,22400,22400,20
20211013093935,22395,22395,22395,22395,28
20211013093936,22395,22395,22395,22395,20
20211013093937,22395,22395,22395,22395,20
20211013093938,22395,22395,22395,22395,20
20211013093939,22390,22390,22390,22390,10156
20211013093941,22390,22390,22390,22390,20
20211013093941,22390,22390,22390,22390,290
20211013093942,22390,22390,22390,22390,20
20211013093943,22390,22390,22390,22390,20
20211013093943,22390,22390,22390,22390,60
20211013093944,22390,22390,22390,22390,20
20211013093944,22390,22390,22390,22390,335
20211013093945,22395,22395,22395,22395,11
20211013093946,22395,22395,22395,22395,1
20211013093946,22395,22395,22395,22395,1
20211013093946,22395,22395,22395,22395,1
20211013093946,22395,22395,22395,22395,1
20211013093946,22395,22395,22395,22395,1
20211013093948,22390,22390,22390,22390,1
20211013093949,22395,22395,22395,22395,98
20211013093950,22400,22400,22400,22400,1
20211013093950,22395,22395,22395,22395,100
20211013093950,22395,22395,22395,22395,1
20211013093950,22395,22395,22395,22395,699
20211013093950,22395,22395,22395,22395,1
20211013093951,22390,22390,22390,22390,1250
20211013093951,22390,22390,22390,22390,20
20211013093952,22390,22390,22390,22390,7458
20211013093952,22390,22390,22390,22390,135
20211013093952,22390,22390,22390,22390,10
20211013093952,22385,22385,22385,22385,340
20211013093953,22390,22390,22390,22390,20
20211013093954,22385,22385,22385,22385,4
20211013093954,22385,22385,22385,22385,40
20211013093955,22385,22385,22385,22385,20
20211013093956,22380,22380,22380,22380,1
20211013093956,22385,22385,22385,22385,20
20211013093956,22380,22380,22380,22380,1000
20211013093956,22385,22385,22385,22385,1
20211013093957,22385,22385,22385,22385,20
20211013093958,22390,22390,22390,22390,200
20211013093958,22385,22385,22385,22385,1
20211013093958,22390,22390,22390,22390,1
20211013093958,22385,22385,22385,22385,44
20211013093958,22385,22385,22385,22385,1
20211013093958,22390,22390,22390,22390,1
20211013093958,22390,22390,22390,22390,1756
20211013094000,22395,22395,22395,22395,2
20211013094000,22400,22400,22400,22400,6
20211013094000,22400,22400,22400,22400,1
20211013094000,22400,22400,22400,22400,1
20211013094001,22395,22395,22395,22395,446
20211013094001,22400,22400,22400,22400,1
20211013094001,22400,22400,22400,22400,1
20211013094002,22400,22400,22400,22400,10963
20211013094002,22405,22405,22405,22405,28
20211013094004,22395,22395,22395,22395,10
20211013094005,22405,22405,22405,22405,10
20211013094006,22405,22405,22405,22405,5
20211013094007,22395,22395,22395,22395,31
20211013094008,22400,22400,22400,22400,10
20211013094009,22400,22400,22400,22400,100
20211013094010,22400,22400,22400,22400,200
20211013094011,22395,22395,22395,22395,246
20211013094011,22395,22395,22395,22395,300
20211013094012,22395,22395,22395,22395,100
20211013094012,22395,22395,22395,22395,28
20211013094012,22390,22390,22390,22390,132
20211013094012,22395,22395,22395,22395,10
20211013094012,22395,22395,22395,22395,20
20211013094012,22395,22395,22395,22395,150
20211013094013,22390,22390,22390,22390,210
20211013094014,22395,22395,22395,22395,317
20211013094015,22395,22395,22395,22395,5
20211013094015,22400,22400,22400,22400,10
20211013094017,22400,22400,22400,22400,1
20211013094017,22400,22400,22400,22400,606
20211013094019,22395,22395,22395,22395,1000
20211013094021,22400,22400,22400,22400,2093
20211013094021,22400,22400,22400,22400,5
20211013094021,22400,22400,22400,22400,1
20211013094021,22400,22400,22400,22400,49
20211013094021,22400,22400,22400,22400,500
20211013094022,22400,22400,22400,22400,5
20211013094022,22400,22400,22400,22400,5
20211013094022,22400,22400,22400,22400,6
20211013094022,22395,22395,22395,22395,1
20211013094023,22400,22400,22400,22400,5
20211013094024,22400,22400,22400,22400,1
20211013094024,22400,22400,22400,22400,4
20211013094024,22400,22400,22400,22400,1
20211013094024,22400,22400,22400,22400,4999
20211013094025,22400,22400,22400,22400,5
20211013094025,22400,22400,22400,22400,45
20211013094025,22400,22400,22400,22400,600
20211013094025,22400,22400,22400,22400,1
20211013094027,22395,22395,22395,22395,1443
20211013094027,22390,22390,22390,22390,30
20211013094027,22390,22390,22390,22390,474
20211013094028,22395,22395,22395,22395,1
20211013094028,22395,22395,22395,22395,1
20211013094029,22395,22395,22395,22395,1000
20211013094029,22390,22390,22390,22390,2
20211013094032,22400,22400,22400,22400,284
20211013094032,22395,22395,22395,22395,10
20211013094032,22395,22395,22395,22395,5
20211013094034,22390,22390,22390,22390,2113
20211013094036,22390,22390,22390,22390,20
20211013094036,22390,22390,22390,22390,700
20211013094041,22395,22395,22395,22395,100
20211013094041,22390,22390,22390,22390,1
20211013094041,22395,22395,22395,22395,1
20211013094041,22395,22395,22395,22395,1
20211013094042,22395,22395,22395,22395,619
20211013094042,22395,22395,22395,22395,100
20211013094044,22400,22400,22400,22400,11
20211013094044,22400,22400,22400,22400,1
20211013094044,22400,22400,22400,22400,3246
20211013094044,22400,22400,22400,22400,100
20211013094044,22400,22400,22400,22400,5
20211013094045,22395,22395,22395,22395,10
20211013094046,22400,22400,22400,22400,100
20211013094046,22400,22400,22400,22400,50
20211013094047,22400,22400,22400,22400,150
20211013094047,22400,22400,22400,22400,2
20211013094047,22400,22400,22400,22400,30
20211013094048,22400,22400,22400,22400,100
20211013094049,22405,22405,22405,22405,1408
20211013094049,22405,22405,22405,22405,299
20211013094049,22405,22405,22405,22405,23
20211013094050,22410,22410,22410,22410,1
20211013094050,22410,22410,22410,22410,3244
20211013094050,22415,22415,22415,22415,1
20211013094051,22410,22410,22410,22410,1
20211013094051,22410,22410,22410,22410,2974
20211013094052,22415,22415,22415,22415,28
20211013094053,22410,22410,22410,22410,6
20211013094053,22415,22415,22415,22415,10
20211013094054,22415,22415,22415,22415,10
20211013094054,22415,22415,22415,22415,2085
20211013094054,22415,22415,22415,22415,7386
20211013094054,22415,22415,22415,22415,1
20211013094054,22415,22415,22415,22415,500
20211013094055,22410,22410,22410,22410,377
20211013094055,22410,22410,22410,22410,1
20211013094055,22410,22410,22410,22410,9623
20211013094056,22405,22405,22405,22405,1
20211013094057,22410,22410,22410,22410,28
20211013094058,22410,22410,22410,22410,200
20211013094058,22405,22405,22405,22405,25
20211013094059,22405,22405,22405,22405,1
20211013094059,22405,22405,22405,22405,1
20211013094059,22405,22405,22405,22405,1
20211013094100,22405,22405,22405,22405,1
20211013094100,22405,22405,22405,22405,499
20211013094100,22405,22405,22405,22405,1
20211013094100,22405,22405,22405,22405,1
20211013094101,22405,22405,22405,22405,1
20211013094101,22405,22405,22405,22405,1
20211013094101,22405,22405,22405,22405,1
20211013094102,22405,22405,22405,22405,1
20211013094102,22405,22405,22405,22405,1
20211013094102,22405,22405,22405,22405,17
20211013094103,22410,22410,22410,22410,31
20211013094105,22405,22405,22405,22405,101
20211013094105,22405,22405,22405,22405,508
20211013094105,22405,22405,22405,22405,1
20211013094106,22410,22410,22410,22410,1
20211013094106,22410,22410,22410,22410,599
20211013094107,22410,22410,22410,22410,1
20211013094107,22410,22410,22410,22410,10
20211013094107,22410,22410,22410,22410,50
20211013094108,22415,22415,22415,22415,3660
20211013094108,22415,22415,22415,22415,1
20211013094109,22410,22410,22410,22410,100
20211013094110,22410,22410,22410,22410,150
20211013094112,22415,22415,22415,22415,5728
20211013094113,22415,22415,22415,22415,1438
20211013094113,22415,22415,22415,22415,2
20211013094113,22415,22415,22415,22415,100
20211013094114,22415,22415,22415,22415,2
20211013094115,22415,22415,22415,22415,40
20211013094116,22415,22415,22415,22415,11
20211013094116,22415,22415,22415,22415,478
20211013094117,22415,22415,22415,22415,5
20211013094118,22415,22415,22415,22415,100
20211013094118,22415,22415,22415,22415,1
20211013094118,22420,22420,22420,22420,1
20211013094118,22420,22420,22420,22420,1
20211013094119,22420,22420,22420,22420,35533
20211013094120,22425,22425,22425,22425,1000
20211013094120,22420,22420,22420,22420,1
20211013094120,22425,22425,22425,22425,28
20211013094120,22425,22425,22425,22425,4237
20211013094120,22425,22425,22425,22425,40
20211013094120,22425,22425,22425,22425,1
20211013094121,22425,22425,22425,22425,860
20211013094122,22425,22425,22425,22425,11
20211013094122,22430,22430,22430,22430,143
20211013094122,22430,22430,22430,22430,2151
20211013094122,22430,22430,22430,22430,21
20211013094122,22430,22430,22430,22430,4
20211013094122,22430,22430,22430,22430,67
20211013094122,22425,22425,22425,22425,24
20211013094122,22430,22430,22430,22430,143
20211013094122,22430,22430,22430,22430,72
20211013094122,22430,22430,22430,22430,1
20211013094122,22430,22430,22430,22430,49
20211013094122,22430,22430,22430,22430,1
20211013094123,22430,22430,22430,22430,223
20211013094123,22425,22425,22425,22425,20
20211013094123,22430,22430,22430,22430,1447
20211013094123,22430,22430,22430,22430,7900
20211013094124,22430,22430,22430,22430,1
20211013094124,22435,22435,22435,22435,58
20211013094124,22435,22435,22435,22435,7
20211013094124,22430,22430,22430,22430,1
20211013094124,22435,22435,22435,22435,24
20211013094124,22435,22435,22435,22435,39
20211013094125,22435,22435,22435,22435,65
20211013094125,22430,22430,22430,22430,50
20211013094125,22435,22435,22435,22435,500
20211013094125,22435,22435,22435,22435,1
20211013094125,22430,22430,22430,22430,2
20211013094125,22430,22430,22430,22430,1
20211013094126,22430,22430,22430,22430,1
20211013094126,22430,22430,22430,22430,1
20211013094126,22430,22430,22430,22430,1
20211013094126,22425,22425,22425,22425,99
20211013094127,22435,22435,22435,22435,219
20211013094127,22435,22435,22435,22435,827
20211013094127,22435,22435,22435,22435,30
20211013094128,22435,22435,22435,22435,500
20211013094128,22435,22435,22435,22435,4051
20211013094128,22435,22435,22435,22435,1177
20211013094128,22435,22435,22435,22435,1
20211013094128,22435,22435,22435,22435,9
20211013094128,22435,22435,22435,22435,50
20211013094129,22440,22440,22440,22440,50
20211013094129,22440,22440,22440,22440,1
20211013094129,22440,22440,22440,22440,1
20211013094129,22440,22440,22440,22440,2877
20211013094129,22440,22440,22440,22440,323
20211013094129,22445,22445,22445,22445,200
20211013094129,22445,22445,22445,22445,60
20211013094129,22445,22445,22445,22445,4
20211013094129,22445,22445,22445,22445,5
20211013094130,22445,22445,22445,22445,1000
20211013094130,22440,22440,22440,22440,1
20211013094130,22445,22445,22445,22445,1
20211013094130,22440,22440,22440,22440,100
20211013094131,22445,22445,22445,22445,1
20211013094131,22445,22445,22445,22445,1
20211013094131,22445,22445,22445,22445,1
20211013094131,22445,22445,22445,22445,11963
20211013094131,22450,22450,22450,22450,28
20211013094132,22450,22450,22450,22450,1
20211013094132,22450,22450,22450,22450,1
20211013094132,22450,22450,22450,22450,1
20211013094132,22450,22450,22450,22450,11577
20211013094132,22450,22450,22450,22450,5210
20211013094132,22450,22450,22450,22450,500
20211013094132,22445,22445,22445,22445,50
20211013094132,22455,22455,22455,22455,500
20211013094132,22445,22445,22445,22445,256
20211013094132,22445,22445,22445,22445,10
20211013094132,22445,22445,22445,22445,1
20211013094132,22445,22445,22445,22445,1
20211013094132,22445,22445,22445,22445,2838
20211013094132,22445,22445,22445,22445,100
20211013094132,22450,22450,22450,22450,11100
20211013094132,22450,22450,22450,22450,8000
20211013094132,22450,22450,22450,22450,200
20211013094132,22450,22450,22450,22450,1700
20211013094132,22450,22450,22450,22450,6300
20211013094132,22450,22450,22450,22450,1
20211013094133,22450,22450,22450,22450,3699
20211013094133,22450,22450,22450,22450,1
20211013094133,22445,22445,22445,22445,1
20211013094133,22445,22445,22445,22445,1
20211013094133,22445,22445,22445,22445,1
20211013094133,22445,22445,22445,22445,1
20211013094133,22445,22445,22445,22445,1
20211013094133,22450,22450,22450,22450,10
20211013094133,22450,22450,22450,22450,2
20211013094133,22450,22450,22450,22450,138
20211013094133,22450,22450,22450,22450,136
20211013094133,22450,22450,22450,22450,2
20211013094133,22450,22450,22450,22450,2
20211013094133,22450,22450,22450,22450,136
20211013094133,22450,22450,22450,22450,74
20211013094133,22455,22455,22455,22455,1
20211013094133,22455,22455,22455,22455,1
20211013094133,22445,22445,22445,22445,10
20211013094133,22445,22445,22445,22445,1
20211013094133,22445,22445,22445,22445,1
20211013094134,22445,22445,22445,22445,2
20211013094134,22445,22445,22445,22445,9998
20211013094134,22445,22445,22445,22445,11
20211013094134,22445,22445,22445,22445,5
20211013094134,22445,22445,22445,22445,1
20211013094134,22445,22445,22445,22445,1
20211013094134,22440,22440,22440,22440,17
20211013094134,22440,22440,22440,22440,100
20211013094134,22445,22445,22445,22445,50
20211013094134,22445,22445,22445,22445,200
20211013094134,22445,22445,22445,22445,1
20211013094134,22440,22440,22440,22440,5
20211013094134,22440,22440,22440,22440,300
20211013094135,22440,22440,22440,22440,1
20211013094135,22445,22445,22445,22445,299
20211013094135,22440,22440,22440,22440,1
20211013094135,22445,22445,22445,22445,1
20211013094135,22445,22445,22445,22445,100
20211013094135,22445,22445,22445,22445,1
20211013094136,22435,22435,22435,22435,1
20211013094136,22445,22445,22445,22445,1
20211013094136,22435,22435,22435,22435,8
20211013094136,22445,22445,22445,22445,1
20211013094136,22440,22440,22440,22440,40
20211013094136,22445,22445,22445,22445,1
20211013094137,22435,22435,22435,22435,15
20211013094137,22445,22445,22445,22445,1
20211013094137,22445,22445,22445,22445,210
20211013094137,22450,22450,22450,22450,44
20211013094137,22450,22450,22450,22450,1
20211013094137,22450,22450,22450,22450,1
20211013094137,22450,22450,22450,22450,10098
20211013094137,22450,22450,22450,22450,5
20211013094138,22450,22450,22450,22450,1
20211013094138,22445,22445,22445,22445,25
20211013094138,22450,22450,22450,22450,9
20211013094138,22450,22450,22450,22450,9
20211013094138,22450,22450,22450,22450,1592
20211013094138,22450,22450,22450,22450,1
20211013094138,22450,22450,22450,22450,20
20211013094140,22455,22455,22455,22455,1416
20211013094140,22460,22460,22460,22460,1
20211013094140,22460,22460,22460,22460,1
20211013094140,22455,22455,22455,22455,3
20211013094140,22455,22455,22455,22455,200
20211013094140,22455,22455,22455,22455,1
20211013094140,22455,22455,22455,22455,1
20211013094140,22455,22455,22455,22455,1
20211013094140,22455,22455,22455,22455,26
20211013094141,22460,22460,22460,22460,100
20211013094141,22455,22455,22455,22455,1
20211013094141,22455,22455,22455,22455,10000
20211013094141,22455,22455,22455,22455,50
20211013094142,22455,22455,22455,22455,200
20211013094142,22455,22455,22455,22455,33
20211013094142,22460,22460,22460,22460,1
20211013094142,22460,22460,22460,22460,10
20211013094142,22455,22455,22455,22455,5724
20211013094143,22460,22460,22460,22460,1
20211013094143,22455,22455,22455,22455,32
20211013094145,22455,22455,22455,22455,1200
20211013094145,22455,22455,22455,22455,1
20211013094145,22455,22455,22455,22455,1
20211013094145,22455,22455,22455,22455,1
20211013094145,22455,22455,22455,22455,1
20211013094145,22460,22460,22460,22460,28
20211013094145,22455,22455,22455,22455,219
20211013094145,22455,22455,22455,22455,100
20211013094146,22455,22455,22455,22455,1
20211013094146,22455,22455,22455,22455,200
20211013094146,22455,22455,22455,22455,289
20211013094147,22460,22460,22460,22460,20
20211013094148,22455,22455,22455,22455,50
20211013094148,22455,22455,22455,22455,200
20211013094149,22460,22460,22460,22460,11808
20211013094149,22460,22460,22460,22460,6850
20211013094149,22460,22460,22460,22460,3150
20211013094149,22460,22460,22460,22460,200
20211013094149,22460,22460,22460,22460,1
20211013094150,22465,22465,22465,22465,4
20211013094150,22460,22460,22460,22460,2
20211013094150,22460,22460,22460,22460,100
20211013094150,22465,22465,22465,22465,859
20211013094150,22465,22465,22465,22465,1
20211013094150,22470,22470,22470,22470,27
20211013094152,22460,22460,22460,22460,1
20211013094152,22460,22460,22460,22460,1
20211013094152,22460,22460,22460,22460,1
20211013094152,22460,22460,22460,22460,1
20211013094152,22460,22460,22460,22460,1
20211013094152,22460,22460,22460,22460,3797
20211013094152,22460,22460,22460,22460,1
20211013094152,22460,22460,22460,22460,1
20211013094152,22460,22460,22460,22460,1
20211013094153,22455,22455,22455,22455,10
20211013094153,22465,22465,22465,22465,1
20211013094153,22465,22465,22465,22465,1
20211013094154,22460,22460,22460,22460,28
20211013094154,22460,22460,22460,22460,1
20211013094154,22455,22455,22455,22455,1
20211013094154,22455,22455,22455,22455,1
20211013094154,22455,22455,22455,22455,12531
20211013094154,22455,22455,22455,22455,6131
20211013094155,22455,22455,22455,22455,1
20211013094155,22455,22455,22455,22455,1
20211013094155,22455,22455,22455,22455,1
20211013094155,22455,22455,22455,22455,2953
20211013094155,22455,22455,22455,22455,913
20211013094155,22460,22460,22460,22460,1
20211013094155,22460,22460,22460,22460,50
20211013094155,22460,22460,22460,22460,11
20211013094155,22460,22460,22460,22460,1
20211013094155,22465,22465,22465,22465,20
20211013094156,22460,22460,22460,22460,1
20211013094156,22465,22465,22465,22465,116
20211013094156,22465,22465,22465,22465,1
20211013094156,22465,22465,22465,22465,1
20211013094156,22460,22460,22460,22460,1
20211013094156,22460,22460,22460,22460,1
20211013094157,22465,22465,22465,22465,28
20211013094157,22460,22460,22460,22460,444
20211013094157,22460,22460,22460,22460,1
20211013094158,22460,22460,22460,22460,1
20211013094158,22460,22460,22460,22460,445
20211013094158,22460,22460,22460,22460,1
20211013094158,22465,22465,22465,22465,2
20211013094158,22460,22460,22460,22460,1
20211013094158,22460,22460,22460,22460,2
20211013094159,22460,22460,22460,22460,1
20211013094159,22460,22460,22460,22460,1
20211013094159,22460,22460,22460,22460,102
20211013094200,22460,22460,22460,22460,1
20211013094200,22460,22460,22460,22460,1
20211013094200,22460,22460,22460,22460,1
20211013094201,22460,22460,22460,22460,1
20211013094201,22460,22460,22460,22460,10
20211013094201,22460,22460,22460,22460,30
20211013094201,22460,22460,22460,22460,1
20211013094201,22460,22460,22460,22460,1286
20211013094201,22465,22465,22465,22465,1
20211013094202,22460,22460,22460,22460,1
20211013094202,22465,22465,22465,22465,200
20211013094203,22460,22460,22460,22460,157
20211013094203,22460,22460,22460,22460,90
20211013094203,22460,22460,22460,22460,3
20211013094203,22465,22465,22465,22465,1
20211013094203,22465,22465,22465,22465,1
20211013094203,22465,22465,22465,22465,1
20211013094203,22465,22465,22465,22465,1
20211013094204,22465,22465,22465,22465,28
20211013094204,22460,22460,22460,22460,5
20211013094204,22460,22460,22460,22460,44
20211013094204,22465,22465,22465,22465,844
20211013094204,22465,22465,22465,22465,10
20211013094204,22460,22460,22460,22460,20
20211013094205,22460,22460,22460,22460,1
20211013094205,22460,22460,22460,22460,50
20211013094206,22465,22465,22465,22465,2
20211013094206,22465,22465,22465,22465,2
20211013094207,22460,22460,22460,22460,60
20211013094207,22465,22465,22465,22465,46
20211013094207,22460,22460,22460,22460,900
20211013094208,22460,22460,22460,22460,17
20211013094208,22465,22465,22465,22465,1
20211013094208,22470,22470,22470,22470,1
20211013094209,22470,22470,22470,22470,362
20211013094209,22465,22465,22465,22465,2
20211013094209,22470,22470,22470,22470,2
20211013094210,22465,22465,22465,22465,4
20211013094210,22470,22470,22470,22470,10473
20211013094210,22470,22470,22470,22470,1
20211013094210,22470,22470,22470,22470,50
20211013094210,22475,22475,22475,22475,1
20211013094211,22475,22475,22475,22475,1
20211013094211,22475,22475,22475,22475,1
20211013094211,22470,22470,22470,22470,1
20211013094211,22475,22475,22475,22475,1
20211013094211,22475,22475,22475,22475,1
20211013094211,22470,22470,22470,22470,46
20211013094211,22475,22475,22475,22475,50
20211013094211,22475,22475,22475,22475,500
20211013094211,22470,22470,22470,22470,12
20211013094211,22470,22470,22470,22470,26
20211013094211,22470,22470,22470,22470,1
20211013094213,22475,22475,22475,22475,795
20211013094213,22480,22480,22480,22480,28
20211013094213,22480,22480,22480,22480,5
20211013094214,22475,22475,22475,22475,1
20211013094214,22480,22480,22480,22480,1
20211013094214,22480,22480,22480,22480,1
20211013094214,22480,22480,22480,22480,4684
20211013094214,22480,22480,22480,22480,50
20211013094214,22485,22485,22485,22485,1
20211013094215,22485,22485,22485,22485,1
20211013094215,22475,22475,22475,22475,134
20211013094216,22480,22480,22480,22480,10
20211013094216,22480,22480,22480,22480,1
20211013094217,22480,22480,22480,22480,10
20211013094217,22480,22480,22480,22480,2
20211013094217,22475,22475,22475,22475,498
20211013094217,22475,22475,22475,22475,4
20211013094217,22480,22480,22480,22480,100
20211013094217,22480,22480,22480,22480,1901
20211013094218,22475,22475,22475,22475,1103
20211013094218,22480,22480,22480,22480,5
20211013094219,22480,22480,22480,22480,5
20211013094219,22470,22470,22470,22470,42
20211013094220,22470,22470,22470,22470,11725
20211013094220,22465,22465,22465,22465,1
20211013094220,22470,22470,22470,22470,1
20211013094220,22465,22465,22465,22465,1
20211013094220,22465,22465,22465,22465,7
20211013094220,22470,22470,22470,22470,5
20211013094221,22470,22470,22470,22470,40
20211013094221,22465,22465,22465,22465,4
20211013094221,22465,22465,22465,22465,4
20211013094221,22465,22465,22465,22465,4
20211013094221,22470,22470,22470,22470,1
20211013094221,22465,22465,22465,22465,1
20211013094222,22470,22470,22470,22470,10
20211013094222,22470,22470,22470,22470,1
20211013094222,22465,22465,22465,22465,1
20211013094222,22465,22465,22465,22465,500
20211013094222,22470,22470,22470,22470,1
20211013094223,22465,22465,22465,22465,1
20211013094223,22465,22465,22465,22465,1
20211013094224,22470,22470,22470,22470,100
20211013094224,22465,22465,22465,22465,10
20211013094224,22465,22465,22465,22465,1
20211013094224,22465,22465,22465,22465,1
20211013094224,22470,22470,22470,22470,1
20211013094225,22470,22470,22470,22470,20
20211013094225,22465,22465,22465,22465,5
20211013094225,22465,22465,22465,22465,3
20211013094226,22465,22465,22465,22465,5
20211013094226,22470,22470,22470,22470,45
20211013094226,22465,22465,22465,22465,5
20211013094227,22465,22465,22465,22465,89
20211013094227,22470,22470,22470,22470,1
20211013094227,22465,22465,22465,22465,10
20211013094227,22465,22465,22465,22465,5
20211013094228,22475,22475,22475,22475,100
20211013094228,22470,22470,22470,22470,213
20211013094229,22470,22470,22470,22470,25
20211013094229,22475,22475,22475,22475,1
20211013094229,22470,22470,22470,22470,1
20211013094229,22465,22465,22465,22465,6
20211013094230,22475,22475,22475,22475,9317
20211013094230,22475,22475,22475,22475,201
20211013094230,22475,22475,22475,22475,500
20211013094230,22475,22475,22475,22475,8000
20211013094230,22475,22475,22475,22475,201
20211013094230,22475,22475,22475,22475,201
20211013094230,22475,22475,22475,22475,915
20211013094230,22475,22475,22475,22475,50
20211013094231,22475,22475,22475,22475,1
20211013094231,22470,22470,22470,22470,6
20211013094232,22475,22475,22475,22475,1
20211013094232,22470,22470,22470,22470,9
20211013094232,22470,22470,22470,22470,5798
20211013094232,22470,22470,22470,22470,100
20211013094233,22470,22470,22470,22470,1
20211013094233,22465,22465,22465,22465,1
20211013094233,22465,22465,22465,22465,5
20211013094233,22470,22470,22470,22470,50
20211013094233,22470,22470,22470,22470,1
20211013094234,22470,22470,22470,22470,2
20211013094234,22465,22465,22465,22465,1
20211013094234,22465,22465,22465,22465,20
20211013094234,22470,22470,22470,22470,100
20211013094234,22470,22470,22470,22470,100
20211013094235,22470,22470,22470,22470,20
20211013094235,22465,22465,22465,22465,46
20211013094236,22465,22465,22465,22465,6
20211013094236,22465,22465,22465,22465,1
20211013094237,22470,22470,22470,22470,28
20211013094237,22470,22470,22470,22470,30
20211013094238,22465,22465,22465,22465,50
20211013094238,22470,22470,22470,22470,648
20211013094238,22465,22465,22465,22465,1
20211013094238,22470,22470,22470,22470,70
20211013094238,22470,22470,22470,22470,1456
20211013094238,22470,22470,22470,22470,500
20211013094238,22465,22465,22465,22465,600
20211013094240,22465,22465,22465,22465,1
20211013094241,22470,22470,22470,22470,1
20211013094241,22465,22465,22465,22465,1
20211013094241,22465,22465,22465,22465,1
20211013094242,22470,22470,22470,22470,1
20211013094242,22470,22470,22470,22470,124
20211013094242,22475,22475,22475,22475,1
20211013094242,22470,22470,22470,22470,1
20211013094242,22470,22470,22470,22470,10
20211013094243,22470,22470,22470,22470,1
20211013094244,22470,22470,22470,22470,101
20211013094244,22475,22475,22475,22475,11
20211013094244,22470,22470,22470,22470,50
20211013094244,22470,22470,22470,22470,1
20211013094245,22470,22470,22470,22470,10
20211013094246,22475,22475,22475,22475,11815
20211013094246,22475,22475,22475,22475,5
20211013094247,22475,22475,22475,22475,50
20211013094248,22480,22480,22480,22480,1
20211013094248,22475,22475,22475,22475,40
20211013094248,22475,22475,22475,22475,1200
20211013094249,22480,22480,22480,22480,50
20211013094250,22480,22480,22480,22480,1
20211013094250,22480,22480,22480,22480,12711
20211013094251,22475,22475,22475,22475,4
20211013094252,22480,22480,22480,22480,50
20211013094253,22475,22475,22475,22475,1
20211013094253,22480,22480,22480,22480,100
20211013094253,22480,22480,22480,22480,1100
20211013094253,22480,22480,22480,22480,1400
20211013094253,22480,22480,22480,22480,1300
20211013094253,22480,22480,22480,22480,1100
20211013094253,22480,22480,22480,22480,1100
20211013094253,22475,22475,22475,22475,100
20211013094253,22475,22475,22475,22475,1
20211013094254,22480,22480,22480,22480,1
20211013094254,22475,22475,22475,22475,10
20211013094254,22475,22475,22475,22475,1
20211013094254,22480,22480,22480,22480,9
20211013094255,22485,22485,22485,22485,569
20211013094258,22485,22485,22485,22485,500
20211013094258,22485,22485,22485,22485,100
20211013094258,22480,22480,22480,22480,500
20211013094259,22485,22485,22485,22485,1
20211013094259,22480,22480,22480,22480,95
20211013094259,22485,22485,22485,22485,21295
20211013094259,22485,22485,22485,22485,2
20211013094300,22485,22485,22485,22485,3
20211013094300,22485,22485,22485,22485,2
20211013094300,22485,22485,22485,22485,13245
20211013094300,22485,22485,22485,22485,165
20211013094301,22485,22485,22485,22485,20
20211013094302,22485,22485,22485,22485,1
20211013094302,22485,22485,22485,22485,1
20211013094302,22485,22485,22485,22485,20
20211013094302,22490,22490,22490,22490,3673
20211013094304,22495,22495,22495,22495,200
20211013094304,22490,22490,22490,22490,10
20211013094304,22495,22495,22495,22495,6302
20211013094304,22500,22500,22500,22500,10
20211013094304,22495,22495,22495,22495,5
20211013094304,22495,22495,22495,22495,1
20211013094305,22495,22495,22495,22495,2
20211013094305,22495,22495,22495,22495,100
20211013094305,22495,22495,22495,22495,9535
20211013094305,22490,22490,22490,22490,200
20211013094305,22490,22490,22490,22490,100
20211013094306,22490,22490,22490,22490,20
20211013094306,22490,22490,22490,22490,1
20211013094306,22495,22495,22495,22495,1205
20211013094306,22495,22495,22495,22495,100
20211013094306,22495,22495,22495,22495,10
20211013094307,22500,22500,22500,22500,7800
20211013094307,22500,22500,22500,22500,3400
20211013094307,22500,22500,22500,22500,7300
20211013094307,22500,22500,22500,22500,5200
20211013094307,22500,22500,22500,22500,4500
20211013094307,22500,22500,22500,22500,9690
20211013094307,22500,22500,22500,22500,1
20211013094307,22500,22500,22500,22500,1
20211013094307,22500,22500,22500,22500,1
20211013094307,22500,22500,22500,22500,1
20211013094307,22495,22495,22495,22495,10
20211013094308,22495,22495,22495,22495,200
20211013094308,22495,22495,22495,22495,12389
20211013094308,22495,22495,22495,22495,250
20211013094308,22490,22490,22490,22490,1
20211013094308,22495,22495,22495,22495,50
20211013094308,22500,22500,22500,22500,5730
20211013094309,22500,22500,22500,22500,1
20211013094310,22495,22495,22495,22495,1
20211013094310,22495,22495,22495,22495,1
20211013094310,22495,22495,22495,22495,3353
20211013094310,22495,22495,22495,22495,1364
20211013094310,22490,22490,22490,22490,1
20211013094310,22490,22490,22490,22490,15672
20211013094310,22490,22490,22490,22490,500
20211013094310,22485,22485,22485,22485,1
20211013094310,22485,22485,22485,22485,2
20211013094310,22495,22495,22495,22495,50
20211013094310,22495,22495,22495,22495,1
20211013094310,22495,22495,22495,22495,5000
20211013094310,22495,22495,22495,22495,20
20211013094310,22490,22490,22490,22490,10
20211013094311,22490,22490,22490,22490,10
20211013094311,22490,22490,22490,22490,400
20211013094311,22495,22495,22495,22495,10
20211013094311,22490,22490,22490,22490,1
20211013094312,22495,22495,22495,22495,500
20211013094312,22495,22495,22495,22495,1
20211013094313,22495,22495,22495,22495,10
20211013094313,22490,22490,22490,22490,60
20211013094313,22495,22495,22495,22495,1
20211013094313,22495,22495,22495,22495,1
20211013094313,22495,22495,22495,22495,1
20211013094313,22495,22495,22495,22495,1
20211013094313,22495,22495,22495,22495,1
20211013094313,22490,22490,22490,22490,100
20211013094313,22495,22495,22495,22495,1
20211013094314,22495,22495,22495,22495,1
20211013094314,22490,22490,22490,22490,100
20211013094314,22495,22495,22495,22495,1
20211013094314,22495,22495,22495,22495,10
20211013094315,22495,22495,22495,22495,1
20211013094318,22490,22490,22490,22490,44
20211013094319,22495,22495,22495,22495,28
20211013094320,22490,22490,22490,22490,2
20211013094320,22495,22495,22495,22495,1
20211013094320,22495,22495,22495,22495,2618
20211013094320,22495,22495,22495,22495,10
20211013094320,22495,22495,22495,22495,1990
20211013094320,22495,22495,22495,22495,500
20211013094321,22500,22500,22500,22500,50
20211013094321,22500,22500,22500,22500,1
20211013094321,22495,22495,22495,22495,25
20211013094321,22495,22495,22495,22495,20
20211013094321,22500,22500,22500,22500,1
20211013094322,22500,22500,22500,22500,1
20211013094322,22500,22500,22500,22500,489
20211013094322,22500,22500,22500,22500,236
20211013094323,22495,22495,22495,22495,1
20211013094323,22495,22495,22495,22495,10408
20211013094324,22495,22495,22495,22495,510
20211013094324,22495,22495,22495,22495,1
20211013094324,22495,22495,22495,22495,1
20211013094324,22495,22495,22495,22495,1567
20211013094324,22495,22495,22495,22495,1566
20211013094324,22495,22495,22495,22495,1565
20211013094324,22495,22495,22495,22495,1
20211013094324,22495,22495,22495,22495,2
20211013094324,22495,22495,22495,22495,1565
20211013094324,22495,22495,22495,22495,1
20211013094324,22495,22495,22495,22495,1
20211013094324,22495,22495,22495,22495,1
20211013094324,22495,22495,22495,22495,1
20211013094324,22495,22495,22495,22495,1385
20211013094324,22490,22490,22490,22490,1
20211013094324,22490,22490,22490,22490,8846
20211013094324,22495,22495,22495,22495,1
20211013094325,22490,22490,22490,22490,271
20211013094325,22490,22490,22490,22490,1
20211013094326,22490,22490,22490,22490,99
20211013094326,22495,22495,22495,22495,20
20211013094327,22495,22495,22495,22495,28
20211013094327,22495,22495,22495,22495,2
20211013094330,22495,22495,22495,22495,13
20211013094330,22495,22495,22495,22495,10
20211013094330,22495,22495,22495,22495,150
20211013094331,22495,22495,22495,22495,1
20211013094331,22495,22495,22495,22495,9932
20211013094332,22495,22495,22495,22495,220
20211013094332,22495,22495,22495,22495,200
20211013094332,22495,22495,22495,22495,30
20211013094332,22495,22495,22495,22495,300
20211013094332,22495,22495,22495,22495,1
20211013094334,22500,22500,22500,22500,1857
20211013094334,22500,22500,22500,22500,1
20211013094334,22500,22500,22500,22500,4
20211013094334,22500,22500,22500,22500,1
20211013094335,22500,22500,22500,22500,50
20211013094335,22505,22505,22505,22505,1
20211013094336,22505,22505,22505,22505,1
20211013094336,22505,22505,22505,22505,1
20211013094336,22500,22500,22500,22500,25
20211013094336,22500,22500,22500,22500,1
20211013094336,22500,22500,22500,22500,50
20211013094337,22500,22500,22500,22500,95
20211013094337,22500,22500,22500,22500,1
20211013094338,22500,22500,22500,22500,500
20211013094338,22500,22500,22500,22500,10
20211013094338,22500,22500,22500,22500,13
20211013094338,22505,22505,22505,22505,1903
20211013094339,22510,22510,22510,22510,1
20211013094339,22505,22505,22505,22505,3
20211013094340,22505,22505,22505,22505,4
20211013094340,22510,22510,22510,22510,8803
20211013094341,22510,22510,22510,22510,10
20211013094341,22510,22510,22510,22510,10
20211013094341,22505,22505,22505,22505,300
20211013094342,22510,22510,22510,22510,357
20211013094343,22510,22510,22510,22510,503
20211013094343,22510,22510,22510,22510,497
20211013094343,22515,22515,22515,22515,1263
20211013094343,22515,22515,22515,22515,5
20211013094343,22510,22510,22510,22510,1000
20211013094343,22510,22510,22510,22510,20
20211013094343,22515,22515,22515,22515,1
20211013094343,22510,22510,22510,22510,1
20211013094343,22515,22515,22515,22515,113
20211013094343,22515,22515,22515,22515,111
20211013094344,22515,22515,22515,22515,1
20211013094344,22515,22515,22515,22515,1
20211013094344,22510,22510,22510,22510,1
20211013094344,22510,22510,22510,22510,1
20211013094344,22510,22510,22510,22510,7841
20211013094345,22505,22505,22505,22505,1
20211013094345,22510,22510,22510,22510,40
20211013094345,22510,22510,22510,22510,3935
20211013094345,22510,22510,22510,22510,1
20211013094346,22510,22510,22510,22510,1
20211013094346,22510,22510,22510,22510,1
20211013094346,22510,22510,22510,22510,500
20211013094347,22510,22510,22510,22510,200
20211013094347,22510,22510,22510,22510,10
20211013094347,22510,22510,22510,22510,20
20211013094347,22510,22510,22510,22510,10
20211013094347,22510,22510,22510,22510,222
20211013094347,22510,22510,22510,22510,500
20211013094348,22505,22505,22505,22505,1
20211013094348,22510,22510,22510,22510,1
20211013094348,22510,22510,22510,22510,5
20211013094348,22510,22510,22510,22510,50
20211013094348,22510,22510,22510,22510,10
20211013094348,22505,22505,22505,22505,101
20211013094349,22510,22510,22510,22510,10
20211013094349,22510,22510,22510,22510,23
20211013094349,22510,22510,22510,22510,100
20211013094349,22510,22510,22510,22510,1
20211013094349,22505,22505,22505,22505,260
20211013094350,22505,22505,22505,22505,10
20211013094350,22510,22510,22510,22510,466
20211013094350,22510,22510,22510,22510,100
20211013094350,22510,22510,22510,22510,50
20211013094351,22510,22510,22510,22510,10
20211013094352,22510,22510,22510,22510,449
20211013094353,22515,22515,22515,22515,28
20211013094353,22510,22510,22510,22510,1
20211013094353,22510,22510,22510,22510,241
20211013094353,22510,22510,22510,22510,241
20211013094353,22510,22510,22510,22510,241
20211013094353,22510,22510,22510,22510,241
20211013094353,22510,22510,22510,22510,196
20211013094354,22515,22515,22515,22515,50
20211013094354,22515,22515,22515,22515,1
20211013094354,22510,22510,22510,22510,1
20211013094354,22515,22515,22515,22515,1
20211013094354,22510,22510,22510,22510,100
20211013094354,22510,22510,22510,22510,1
20211013094355,22515,22515,22515,22515,1
20211013094355,22515,22515,22515,22515,1
20211013094355,22515,22515,22515,22515,1
20211013094355,22515,22515,22515,22515,1
20211013094355,22515,22515,22515,22515,818
20211013094355,22515,22515,22515,22515,100
20211013094355,22520,22520,22520,22520,1
20211013094355,22520,22520,22520,22520,13152
20211013094355,22520,22520,22520,22520,6
20211013094357,22520,22520,22520,22520,2
20211013094357,22525,22525,22525,22525,3378
20211013094357,22525,22525,22525,22525,1
20211013094357,22525,22525,22525,22525,1
20211013094357,22525,22525,22525,22525,1
20211013094357,22525,22525,22525,22525,10
20211013094358,22525,22525,22525,22525,100
20211013094358,22525,22525,22525,22525,1
20211013094358,22525,22525,22525,22525,15
20211013094358,22530,22530,22530,22530,2829
20211013094358,22535,22535,22535,22535,4
20211013094358,22535,22535,22535,22535,60
20211013094358,22535,22535,22535,22535,1
20211013094358,22535,22535,22535,22535,1
20211013094358,22530,22530,22530,22530,100
20211013094358,22530,22530,22530,22530,1
20211013094359,22530,22530,22530,22530,10
20211013094359,22530,22530,22530,22530,2
20211013094359,22530,22530,22530,22530,4
20211013094359,22535,22535,22535,22535,1
20211013094400,22530,22530,22530,22530,1
20211013094400,22535,22535,22535,22535,1
20211013094400,22530,22530,22530,22530,4223
20211013094400,22535,22535,22535,22535,28
20211013094400,22530,22530,22530,22530,4
20211013094400,22530,22530,22530,22530,1
20211013094400,22530,22530,22530,22530,2
20211013094400,22530,22530,22530,22530,3
20211013094400,22530,22530,22530,22530,2
20211013094400,22530,22530,22530,22530,5
20211013094400,22530,22530,22530,22530,3
20211013094400,22530,22530,22530,22530,1
20211013094400,22530,22530,22530,22530,7206
20211013094400,22535,22535,22535,22535,17419
20211013094400,22540,22540,22540,22540,7353
20211013094400,22530,22530,22530,22530,305
20211013094400,22525,22525,22525,22525,508
20211013094400,22525,22525,22525,22525,508
20211013094400,22525,22525,22525,22525,20
20211013094400,22525,22525,22525,22525,5
20211013094400,22525,22525,22525,22525,1
20211013094400,22525,22525,22525,22525,5
20211013094401,22525,22525,22525,22525,1
20211013094401,22530,22530,22530,22530,1
20211013094401,22530,22530,22530,22530,500
20211013094401,22525,22525,22525,22525,1
20211013094401,22525,22525,22525,22525,1
20211013094401,22525,22525,22525,22525,1
20211013094401,22525,22525,22525,22525,28
20211013094402,22525,22525,22525,22525,1
20211013094402,22520,22520,22520,22520,4
20211013094402,22525,22525,22525,22525,5
20211013094402,22520,22520,22520,22520,13
20211013094402,22520,22520,22520,22520,709
20211013094402,22520,22520,22520,22520,4
20211013094402,22520,22520,22520,22520,1400
20211013094402,22525,22525,22525,22525,1
20211013094402,22525,22525,22525,22525,200
20211013094402,22520,22520,22520,22520,10
20211013094403,22520,22520,22520,22520,50
20211013094403,22525,22525,22525,22525,28
20211013094403,22525,22525,22525,22525,50
20211013094403,22520,22520,22520,22520,500
20211013094403,22520,22520,22520,22520,1
20211013094403,22520,22520,22520,22520,2
20211013094403,22520,22520,22520,22520,2
20211013094404,22525,22525,22525,22525,400
20211013094404,22525,22525,22525,22525,10
20211013094404,22520,22520,22520,22520,1
20211013094404,22520,22520,22520,22520,1
20211013094404,22520,22520,22520,22520,1
20211013094404,22520,22520,22520,22520,1
20211013094404,22520,22520,22520,22520,1
20211013094404,22520,22520,22520,22520,28
20211013094404,22520,22520,22520,22520,1
20211013094405,22520,22520,22520,22520,1
20211013094405,22520,22520,22520,22520,1
20211013094405,22520,22520,22520,22520,15
20211013094405,22520,22520,22520,22520,1
20211013094405,22515,22515,22515,22515,4
20211013094405,22515,22515,22515,22515,5
20211013094405,22520,22520,22520,22520,1
20211013094405,22520,22520,22520,22520,1
20211013094405,22520,22520,22520,22520,1
20211013094405,22515,22515,22515,22515,129
20211013094405,22515,22515,22515,22515,129
20211013094405,22515,22515,22515,22515,1
20211013094405,22515,22515,22515,22515,500
20211013094406,22515,22515,22515,22515,1
20211013094406,22515,22515,22515,22515,1
20211013094406,22515,22515,22515,22515,4
20211013094406,22520,22520,22520,22520,1
20211013094406,22515,22515,22515,22515,4
20211013094406,22515,22515,22515,22515,100
20211013094406,22520,22520,22520,22520,100
20211013094406,22515,22515,22515,22515,960
20211013094407,22515,22515,22515,22515,4
20211013094407,22515,22515,22515,22515,97
20211013094407,22520,22520,22520,22520,1
20211013094407,22520,22520,22520,22520,1
20211013094407,22520,22520,22520,22520,1
20211013094408,22515,22515,22515,22515,1
20211013094408,22520,22520,22520,22520,1
20211013094408,22520,22520,22520,22520,19
20211013094408,22520,22520,22520,22520,4
20211013094408,22520,22520,22520,22520,1
20211013094408,22520,22520,22520,22520,10
20211013094408,22520,22520,22520,22520,4
20211013094409,22525,22525,22525,22525,10
20211013094409,22525,22525,22525,22525,1
20211013094409,22520,22520,22520,22520,1
20211013094409,22525,22525,22525,22525,1
20211013094409,22525,22525,22525,22525,1
20211013094409,22525,22525,22525,22525,1
20211013094409,22520,22520,22520,22520,1
20211013094409,22525,22525,22525,22525,5084
20211013094410,22530,22530,22530,22530,21
20211013094410,22530,22530,22530,22530,6
20211013094410,22530,22530,22530,22530,3
20211013094410,22530,22530,22530,22530,1
20211013094410,22525,22525,22525,22525,200
20211013094411,22525,22525,22525,22525,4
20211013094411,22530,22530,22530,22530,21
20211013094411,22525,22525,22525,22525,4
20211013094412,22525,22525,22525,22525,4
20211013094412,22530,22530,22530,22530,1
20211013094412,22525,22525,22525,22525,4
20211013094412,22525,22525,22525,22525,5
20211013094412,22530,22530,22530,22530,28
20211013094412,22525,22525,22525,22525,4
20211013094413,22525,22525,22525,22525,4
20211013094413,22530,22530,22530,22530,1
20211013094413,22530,22530,22530,22530,500
20211013094413,22525,22525,22525,22525,4
20211013094413,22525,22525,22525,22525,150
20211013094414,22525,22525,22525,22525,722
20211013094414,22520,22520,22520,22520,50
20211013094414,22525,22525,22525,22525,1
20211013094414,22520,22520,22520,22520,4
20211013094414,22525,22525,22525,22525,3
20211013094415,22525,22525,22525,22525,4
20211013094415,22525,22525,22525,22525,4
20211013094415,22525,22525,22525,22525,10
20211013094415,22530,22530,22530,22530,1
20211013094415,22530,22530,22530,22530,2325
20211013094415,22530,22530,22530,22530,4
20211013094416,22530,22530,22530,22530,4
20211013094416,22530,22530,22530,22530,30
20211013094416,22530,22530,22530,22530,4
20211013094416,22535,22535,22535,22535,81
20211013094417,22535,22535,22535,22535,4
20211013094417,22535,22535,22535,22535,1
20211013094417,22535,22535,22535,22535,1
20211013094417,22535,22535,22535,22535,3332
20211013094417,22540,22540,22540,22540,1
20211013094417,22530,22530,22530,22530,2
20211013094417,22535,22535,22535,22535,1
20211013094417,22530,22530,22530,22530,2
20211013094417,22535,22535,22535,22535,2
20211013094417,22535,22535,22535,22535,2
20211013094417,22535,22535,22535,22535,500
20211013094418,22540,22540,22540,22540,1
20211013094418,22535,22535,22535,22535,4
20211013094418,22530,22530,22530,22530,1
20211013094418,22540,22540,22540,22540,100
20211013094418,22535,22535,22535,22535,4
20211013094418,22535,22535,22535,22535,8
20211013094418,22530,22530,22530,22530,30
20211013094418,22535,22535,22535,22535,20
20211013094419,22535,22535,22535,22535,1
20211013094419,22535,22535,22535,22535,25
20211013094419,22540,22540,22540,22540,847
20211013094419,22530,22530,22530,22530,4
20211013094419,22535,22535,22535,22535,1
20211013094419,22535,22535,22535,22535,3
20211013094419,22530,22530,22530,22530,1
20211013094420,22535,22535,22535,22535,4
20211013094420,22540,22540,22540,22540,1
20211013094420,22535,22535,22535,22535,4
20211013094421,22535,22535,22535,22535,100
20211013094421,22535,22535,22535,22535,1
20211013094421,22535,22535,22535,22535,1
20211013094421,22535,22535,22535,22535,1
20211013094421,22535,22535,22535,22535,1
20211013094421,22535,22535,22535,22535,1
20211013094421,22535,22535,22535,22535,1
20211013094421,22535,22535,22535,22535,1
20211013094421,22535,22535,22535,22535,1
20211013094421,22535,22535,22535,22535,1
20211013094421,22535,22535,22535,22535,1
20211013094421,22535,22535,22535,22535,1
20211013094421,22535,22535,22535,22535,10
20211013094421,22540,22540,22540,22540,8
20211013094422,22545,22545,22545,22545,480
20211013094422,22540,22540,22540,22540,4
20211013094422,22540,22540,22540,22540,988
20211013094422,22540,22540,22540,22540,1
20211013094422,22535,22535,22535,22535,10
20211013094423,22535,22535,22535,22535,1
20211013094423,22535,22535,22535,22535,1
20211013094423,22540,22540,22540,22540,1
20211013094424,22535,22535,22535,22535,4
20211013094424,22535,22535,22535,22535,1
20211013094424,22535,22535,22535,22535,2
20211013094424,22535,22535,22535,22535,2
20211013094424,22540,22540,22540,22540,498
20211013094424,22535,22535,22535,22535,1
20211013094424,22535,22535,22535,22535,4
20211013094424,22540,22540,22540,22540,96
20211013094425,22535,22535,22535,22535,4
20211013094425,22535,22535,22535,22535,10
20211013094425,22535,22535,22535,22535,2
20211013094425,22535,22535,22535,22535,1120
20211013094425,22535,22535,22535,22535,4
20211013094425,22540,22540,22540,22540,6814
20211013094426,22535,22535,22535,22535,30
20211013094426,22535,22535,22535,22535,4
20211013094426,22540,22540,22540,22540,1362
20211013094426,22540,22540,22540,22540,500
20211013094426,22540,22540,22540,22540,1152
20211013094426,22540,22540,22540,22540,4926
20211013094426,22540,22540,22540,22540,500
20211013094426,22535,22535,22535,22535,4
20211013094426,22535,22535,22535,22535,1
20211013094426,22535,22535,22535,22535,1
20211013094426,22535,22535,22535,22535,1
20211013094427,22535,22535,22535,22535,4
20211013094427,22540,22540,22540,22540,100
20211013094427,22540,22540,22540,22540,7512
20211013094427,22540,22540,22540,22540,428
20211013094427,22535,22535,22535,22535,4
20211013094427,22535,22535,22535,22535,1
20211013094427,22540,22540,22540,22540,100
20211013094428,22535,22535,22535,22535,1
20211013094429,22540,22540,22540,22540,1
20211013094429,22540,22540,22540,22540,499
20211013094429,22540,22540,22540,22540,10
20211013094429,22545,22545,22545,22545,500
20211013094430,22540,22540,22540,22540,300
20211013094430,22540,22540,22540,22540,100
20211013094430,22545,22545,22545,22545,28
20211013094430,22540,22540,22540,22540,50
20211013094430,22540,22540,22540,22540,2
20211013094430,22540,22540,22540,22540,2151
20211013094431,22540,22540,22540,22540,10
20211013094431,22540,22540,22540,22540,33
20211013094431,22540,22540,22540,22540,2
20211013094431,22545,22545,22545,22545,50
20211013094431,22545,22545,22545,22545,1
20211013094431,22545,22545,22545,22545,1
20211013094431,22545,22545,22545,22545,20
20211013094431,22545,22545,22545,22545,1
20211013094431,22545,22545,22545,22545,627
20211013094432,22545,22545,22545,22545,25
20211013094432,22550,22550,22550,22550,1
20211013094432,22550,22550,22550,22550,1
20211013094432,22545,22545,22545,22545,25
20211013094432,22550,22550,22550,22550,1
20211013094432,22550,22550,22550,22550,1
20211013094432,22545,22545,22545,22545,100
20211013094432,22550,22550,22550,22550,5
20211013094432,22550,22550,22550,22550,1
20211013094432,22550,22550,22550,22550,1
20211013094432,22550,22550,22550,22550,1
20211013094433,22545,22545,22545,22545,10
20211013094433,22545,22545,22545,22545,2
20211013094433,22545,22545,22545,22545,10
20211013094433,22545,22545,22545,22545,1
20211013094433,22550,22550,22550,22550,100
20211013094433,22550,22550,22550,22550,1
20211013094433,22550,22550,22550,22550,1
20211013094433,22545,22545,22545,22545,1
20211013094433,22550,22550,22550,22550,30
20211013094433,22545,22545,22545,22545,250
20211013094433,22545,22545,22545,22545,72
20211013094433,22550,22550,22550,22550,800
20211013094433,22550,22550,22550,22550,2967
20211013094433,22550,22550,22550,22550,219
20211013094433,22550,22550,22550,22550,1600
20211013094433,22550,22550,22550,22550,1000
20211013094433,22550,22550,22550,22550,400
20211013094433,22550,22550,22550,22550,100
20211013094433,22550,22550,22550,22550,568
20211013094433,22550,22550,22550,22550,3200
20211013094433,22550,22550,22550,22550,1200
20211013094433,22550,22550,22550,22550,100
20211013094434,22550,22550,22550,22550,10385
20211013094434,22545,22545,22545,22545,30
20211013094434,22550,22550,22550,22550,20
20211013094435,22550,22550,22550,22550,111
20211013094435,22545,22545,22545,22545,10
20211013094435,22550,22550,22550,22550,100
20211013094435,22550,22550,22550,22550,100
20211013094435,22550,22550,22550,22550,22
20211013094436,22555,22555,22555,22555,20
20211013094436,22555,22555,22555,22555,1
20211013094436,22555,22555,22555,22555,28
20211013094436,22550,22550,22550,22550,300
20211013094436,22550,22550,22550,22550,1
20211013094436,22550,22550,22550,22550,1
20211013094437,22550,22550,22550,22550,10
20211013094437,22550,22550,22550,22550,20
20211013094437,22555,22555,22555,22555,1
20211013094438,22555,22555,22555,22555,100
20211013094438,22555,22555,22555,22555,1
20211013094438,22550,22550,22550,22550,4
20211013094438,22550,22550,22550,22550,1
20211013094438,22550,22550,22550,22550,259
20211013094438,22550,22550,22550,22550,16
20211013094438,22545,22545,22545,22545,200
20211013094438,22550,22550,22550,22550,1
20211013094438,22545,22545,22545,22545,717
20211013094439,22545,22545,22545,22545,28
20211013094439,22540,22540,22540,22540,1140
20211013094439,22545,22545,22545,22545,300
20211013094439,22540,22540,22540,22540,7510
20211013094439,22540,22540,22540,22540,8459
20211013094439,22540,22540,22540,22540,5556
20211013094439,22535,22535,22535,22535,161
20211013094440,22535,22535,22535,22535,1
20211013094440,22535,22535,22535,22535,3
20211013094440,22540,22540,22540,22540,644
20211013094440,22540,22540,22540,22540,6
20211013094440,22540,22540,22540,22540,50
20211013094440,22540,22540,22540,22540,10
20211013094440,22535,22535,22535,22535,500
20211013094440,22535,22535,22535,22535,125
20211013094440,22535,22535,22535,22535,579
20211013094441,22530,22530,22530,22530,2444
20211013094441,22530,22530,22530,22530,1000
20211013094441,22535,22535,22535,22535,1
20211013094441,22535,22535,22535,22535,400
20211013094441,22535,22535,22535,22535,1
20211013094442,22540,22540,22540,22540,1
20211013094442,22535,22535,22535,22535,1
20211013094442,22535,22535,22535,22535,100
20211013094442,22540,22540,22540,22540,109
20211013094442,22540,22540,22540,22540,5
20211013094442,22540,22540,22540,22540,4
20211013094443,22540,22540,22540,22540,60
20211013094444,22545,22545,22545,22545,20
20211013094444,22545,22545,22545,22545,80
20211013094444,22545,22545,22545,22545,33
20211013094444,22545,22545,22545,22545,5
20211013094444,22545,22545,22545,22545,106
20211013094444,22545,22545,22545,22545,200
20211013094444,22540,22540,22540,22540,1
20211013094444,22540,22540,22540,22540,1255
20211013094445,22545,22545,22545,22545,1
20211013094445,22545,22545,22545,22545,99
20211013094445,22545,22545,22545,22545,200
20211013094446,22540,22540,22540,22540,3920
20211013094446,22540,22540,22540,22540,1
20211013094446,22540,22540,22540,22540,1
20211013094447,22540,22540,22540,22540,1
20211013094447,22545,22545,22545,22545,50
20211013094447,22540,22540,22540,22540,1
20211013094447,22545,22545,22545,22545,1
20211013094447,22540,22540,22540,22540,1
20211013094447,22540,22540,22540,22540,1
20211013094448,22540,22540,22540,22540,1
20211013094448,22540,22540,22540,22540,1
20211013094448,22540,22540,22540,22540,1
20211013094449,22540,22540,22540,22540,10
20211013094449,22540,22540,22540,22540,1
20211013094450,22545,22545,22545,22545,459
20211013094450,22540,22540,22540,22540,40
20211013094450,22540,22540,22540,22540,1
20211013094450,22540,22540,22540,22540,1
20211013094451,22540,22540,22540,22540,179
20211013094451,22545,22545,22545,22545,19
20211013094451,22540,22540,22540,22540,806
20211013094452,22545,22545,22545,22545,5000
20211013094453,22540,22540,22540,22540,100
20211013094453,22545,22545,22545,22545,5000
20211013094454,22540,22540,22540,22540,11919
20211013094454,22540,22540,22540,22540,826
20211013094454,22535,22535,22535,22535,1
20211013094454,22540,22540,22540,22540,50
20211013094454,22535,22535,22535,22535,150
20211013094455,22545,22545,22545,22545,1
20211013094455,22545,22545,22545,22545,1
20211013094455,22540,22540,22540,22540,30
20211013094455,22535,22535,22535,22535,1
20211013094456,22535,22535,22535,22535,1
20211013094456,22535,22535,22535,22535,1
20211013094456,22535,22535,22535,22535,1
20211013094456,22540,22540,22540,22540,100
20211013094457,22535,22535,22535,22535,20
20211013094457,22540,22540,22540,22540,1
20211013094457,22535,22535,22535,22535,500
20211013094457,22540,22540,22540,22540,44
20211013094457,22535,22535,22535,22535,1120
20211013094457,22535,22535,22535,22535,1
20211013094457,22540,22540,22540,22540,1
20211013094457,22535,22535,22535,22535,1675
20211013094458,22540,22540,22540,22540,5
20211013094458,22540,22540,22540,22540,10
20211013094458,22535,22535,22535,22535,1
20211013094458,22540,22540,22540,22540,1
20211013094458,22530,22530,22530,22530,45
20211013094459,22535,22535,22535,22535,1
20211013094459,22535,22535,22535,22535,21
20211013094459,22530,22530,22530,22530,1
20211013094459,22535,22535,22535,22535,1
20211013094459,22535,22535,22535,22535,1
20211013094500,22540,22540,22540,22540,1
20211013094500,22540,22540,22540,22540,6
20211013094500,22540,22540,22540,22540,1
20211013094500,22540,22540,22540,22540,1
20211013094500,22540,22540,22540,22540,1
20211013094500,22540,22540,22540,22540,1
20211013094500,22540,22540,22540,22540,1
20211013094500,22540,22540,22540,22540,1
20211013094500,22540,22540,22540,22540,500
20211013094500,22540,22540,22540,22540,500
20211013094500,22540,22540,22540,22540,795
20211013094501,22540,22540,22540,22540,5
20211013094501,22545,22545,22545,22545,14712
20211013094501,22545,22545,22545,22545,400
20211013094501,22550,22550,22550,22550,6413
20211013094501,22545,22545,22545,22545,100
20211013094501,22545,22545,22545,22545,100
20211013094501,22545,22545,22545,22545,1
20211013094502,22550,22550,22550,22550,1
20211013094502,22545,22545,22545,22545,5
20211013094503,22545,22545,22545,22545,100
20211013094503,22545,22545,22545,22545,464
20211013094503,22545,22545,22545,22545,5
20211013094504,22545,22545,22545,22545,5
20211013094504,22550,22550,22550,22550,1
20211013094504,22545,22545,22545,22545,1
20211013094504,22545,22545,22545,22545,3736
20211013094505,22545,22545,22545,22545,10
20211013094505,22545,22545,22545,22545,10
20211013094506,22545,22545,22545,22545,1001
20211013094506,22545,22545,22545,22545,11
20211013094506,22545,22545,22545,22545,29
20211013094506,22545,22545,22545,22545,10
20211013094507,22550,22550,22550,22550,1
20211013094507,22545,22545,22545,22545,100
20211013094507,22540,22540,22540,22540,14
20211013094507,22545,22545,22545,22545,125
20211013094508,22545,22545,22545,22545,2158
20211013094509,22545,22545,22545,22545,20
20211013094509,22545,22545,22545,22545,100
20211013094509,22545,22545,22545,22545,26
20211013094509,22545,22545,22545,22545,1
20211013094509,22545,22545,22545,22545,500
20211013094509,22545,22545,22545,22545,50
20211013094510,22545,22545,22545,22545,20
20211013094510,22540,22540,22540,22540,576
20211013094510,22540,22540,22540,22540,1
20211013094510,22540,22540,22540,22540,108
20211013094510,22540,22540,22540,22540,108
20211013094510,22540,22540,22540,22540,784
20211013094510,22535,22535,22535,22535,1
20211013094510,22535,22535,22535,22535,1
20211013094510,22540,22540,22540,22540,1
20211013094510,22535,22535,22535,22535,1
20211013094511,22535,22535,22535,22535,76
20211013094512,22535,22535,22535,22535,1
20211013094513,22535,22535,22535,22535,1000
20211013094514,22535,22535,22535,22535,100
20211013094514,22540,22540,22540,22540,40
20211013094515,22535,22535,22535,22535,1
20211013094515,22535,22535,22535,22535,1
20211013094515,22535,22535,22535,22535,101
20211013094515,22535,22535,22535,22535,1
20211013094515,22535,22535,22535,22535,1
20211013094516,22535,22535,22535,22535,6990
20211013094516,22540,22540,22540,22540,1
20211013094516,22535,22535,22535,22535,5
20211013094516,22540,22540,22540,22540,22
20211013094516,22540,22540,22540,22540,1
20211013094516,22540,22540,22540,22540,25
20211013094517,22535,22535,22535,22535,10
20211013094517,22530,22530,22530,22530,1
20211013094518,22540,22540,22540,22540,7
20211013094518,22530,22530,22530,22530,1
20211013094518,22530,22530,22530,22530,33485
20211013094518,22530,22530,22530,22530,1
20211013094518,22530,22530,22530,22530,500
20211013094519,22530,22530,22530,22530,243
20211013094520,22530,22530,22530,22530,1
20211013094521,22525,22525,22525,22525,1
20211013094521,22525,22525,22525,22525,367
20211013094521,22520,22520,22520,22520,1
20211013094521,22530,22530,22530,22530,414
20211013094522,22530,22530,22530,22530,10
20211013094522,22535,22535,22535,22535,20
20211013094522,22525,22525,22525,22525,20
20211013094522,22530,22530,22530,22530,40
20211013094522,22525,22525,22525,22525,100
20211013094522,22525,22525,22525,22525,2158
20211013094523,22525,22525,22525,22525,10
20211013094523,22525,22525,22525,22525,200
20211013094523,22520,22520,22520,22520,200
20211013094524,22520,22520,22520,22520,10
20211013094524,22520,22520,22520,22520,236
20211013094524,22520,22520,22520,22520,10
20211013094524,22525,22525,22525,22525,65
20211013094524,22525,22525,22525,22525,120
20211013094525,22515,22515,22515,22515,500
20211013094525,22520,22520,22520,22520,60
20211013094526,22520,22520,22520,22520,20
20211013094527,22520,22520,22520,22520,10
20211013094527,22520,22520,22520,22520,30
20211013094528,22520,22520,22520,22520,50
20211013094528,22515,22515,22515,22515,2000
20211013094529,22520,22520,22520,22520,5
20211013094529,22520,22520,22520,22520,274
20211013094529,22520,22520,22520,22520,30
20211013094530,22520,22520,22520,22520,455
20211013094530,22520,22520,22520,22520,33
20211013094530,22525,22525,22525,22525,2
20211013094530,22520,22520,22520,22520,1
20211013094531,22520,22520,22520,22520,6261
20211013094532,22520,22520,22520,22520,105
20211013094532,22520,22520,22520,22520,52
20211013094532,22525,22525,22525,22525,10000
20211013094532,22525,22525,22525,22525,1845
20211013094533,22525,22525,22525,22525,1
20211013094533,22530,22530,22530,22530,362
20211013094533,22530,22530,22530,22530,101
20211013094533,22530,22530,22530,22530,1
20211013094533,22530,22530,22530,22530,1
20211013094533,22535,22535,22535,22535,180
20211013094533,22530,22530,22530,22530,100
20211013094534,22535,22535,22535,22535,808
20211013094535,22535,22535,22535,22535,500
20211013094535,22535,22535,22535,22535,500
20211013094535,22535,22535,22535,22535,500
20211013094535,22540,22540,22540,22540,1
20211013094535,22535,22535,22535,22535,33
20211013094535,22540,22540,22540,22540,1
20211013094535,22535,22535,22535,22535,329
20211013094535,22535,22535,22535,22535,296
20211013094536,22530,22530,22530,22530,314
20211013094536,22530,22530,22530,22530,50
20211013094537,22535,22535,22535,22535,65
20211013094537,22530,22530,22530,22530,20
20211013094537,22530,22530,22530,22530,20
20211013094537,22530,22530,22530,22530,20
20211013094537,22530,22530,22530,22530,2
20211013094538,22530,22530,22530,22530,1
20211013094538,22530,22530,22530,22530,892
20211013094538,22530,22530,22530,22530,670
20211013094538,22530,22530,22530,22530,68
20211013094539,22535,22535,22535,22535,10
20211013094540,22530,22530,22530,22530,1
20211013094540,22535,22535,22535,22535,10
20211013094541,22535,22535,22535,22535,259
20211013094541,22535,22535,22535,22535,318
20211013094542,22530,22530,22530,22530,435
20211013094542,22535,22535,22535,22535,566
20211013094542,22540,22540,22540,22540,1639
20211013094543,22530,22530,22530,22530,1
20211013094543,22530,22530,22530,22530,1
20211013094543,22530,22530,22530,22530,1
20211013094543,22530,22530,22530,22530,1
20211013094543,22530,22530,22530,22530,1
20211013094543,22525,22525,22525,22525,149
20211013094544,22530,22530,22530,22530,500
20211013094544,22535,22535,22535,22535,294
20211013094545,22535,22535,22535,22535,1
20211013094545,22535,22535,22535,22535,70
20211013094545,22535,22535,22535,22535,100
20211013094545,22530,22530,22530,22530,665
20211013094546,22535,22535,22535,22535,286
20211013094546,22530,22530,22530,22530,20
20211013094546,22530,22530,22530,22530,20
20211013094546,22530,22530,22530,22530,20
20211013094546,22530,22530,22530,22530,60
20211013094546,22530,22530,22530,22530,1
20211013094546,22530,22530,22530,22530,2000
20211013094547,22535,22535,22535,22535,500
20211013094547,22535,22535,22535,22535,887
20211013094547,22530,22530,22530,22530,104
20211013094548,22530,22530,22530,22530,1
20211013094548,22525,22525,22525,22525,17858
20211013094549,22530,22530,22530,22530,500
20211013094549,22530,22530,22530,22530,37
20211013094549,22525,22525,22525,22525,8606
20211013094550,22520,22520,22520,22520,500
20211013094550,22525,22525,22525,22525,10
20211013094550,22530,22530,22530,22530,13
20211013094551,22525,22525,22525,22525,1
20211013094551,22525,22525,22525,22525,7930
20211013094551,22525,22525,22525,22525,2
20211013094551,22525,22525,22525,22525,4744
20211013094551,22525,22525,22525,22525,1
20211013094551,22530,22530,22530,22530,199
20211013094552,22530,22530,22530,22530,5
20211013094552,22525,22525,22525,22525,50
20211013094553,22525,22525,22525,22525,30
20211013094554,22530,22530,22530,22530,5
20211013094554,22530,22530,22530,22530,2
20211013094554,22525,22525,22525,22525,50
20211013094555,22525,22525,22525,22525,100
20211013094555,22525,22525,22525,22525,1
20211013094555,22525,22525,22525,22525,1
20211013094556,22520,22520,22520,22520,500
20211013094556,22525,22525,22525,22525,60
20211013094556,22520,22520,22520,22520,1
20211013094556,22520,22520,22520,22520,13604
20211013094556,22520,22520,22520,22520,9879
20211013094557,22520,22520,22520,22520,2
20211013094557,22520,22520,22520,22520,400
20211013094558,22515,22515,22515,22515,400
20211013094558,22520,22520,22520,22520,10
20211013094558,22520,22520,22520,22520,10
20211013094558,22520,22520,22520,22520,1
20211013094558,22520,22520,22520,22520,200
20211013094559,22520,22520,22520,22520,1
20211013094559,22520,22520,22520,22520,1019
20211013094600,22520,22520,22520,22520,135
20211013094601,22525,22525,22525,22525,1
20211013094601,22525,22525,22525,22525,40
20211013094601,22525,22525,22525,22525,1
20211013094601,22525,22525,22525,22525,1
20211013094601,22530,22530,22530,22530,9
20211013094602,22530,22530,22530,22530,1
20211013094602,22530,22530,22530,22530,1879
20211013094602,22530,22530,22530,22530,500
20211013094602,22530,22530,22530,22530,1000
20211013094602,22530,22530,22530,22530,500
20211013094602,22530,22530,22530,22530,1
20211013094602,22530,22530,22530,22530,1500
20211013094602,22530,22530,22530,22530,2600
20211013094602,22530,22530,22530,22530,800
20211013094602,22530,22530,22530,22530,3030
20211013094603,22525,22525,22525,22525,103
20211013094603,22525,22525,22525,22525,10
20211013094604,22530,22530,22530,22530,50
20211013094605,22535,22535,22535,22535,10
20211013094605,22530,22530,22530,22530,1
20211013094605,22535,22535,22535,22535,5
20211013094605,22530,22530,22530,22530,160
20211013094605,22530,22530,22530,22530,123
20211013094605,22530,22530,22530,22530,10
20211013094606,22530,22530,22530,22530,1555
20211013094606,22530,22530,22530,22530,20
20211013094606,22530,22530,22530,22530,1
20211013094607,22530,22530,22530,22530,2
20211013094607,22535,22535,22535,22535,998
20211013094609,22535,22535,22535,22535,338
20211013094609,22530,22530,22530,22530,30
20211013094609,22530,22530,22530,22530,1
20211013094609,22530,22530,22530,22530,10
20211013094610,22530,22530,22530,22530,13
20211013094610,22535,22535,22535,22535,25
20211013094611,22535,22535,22535,22535,2
20211013094611,22535,22535,22535,22535,21
20211013094611,22530,22530,22530,22530,50
20211013094612,22530,22530,22530,22530,20
20211013094613,22530,22530,22530,22530,600
20211013094613,22535,22535,22535,22535,671
20211013094613,22535,22535,22535,22535,321
20211013094613,22535,22535,22535,22535,100
20211013094614,22535,22535,22535,22535,1
20211013094614,22535,22535,22535,22535,5
20211013094615,22540,22540,22540,22540,10
20211013094615,22535,22535,22535,22535,10
20211013094615,22535,22535,22535,22535,90
20211013094615,22535,22535,22535,22535,10
20211013094615,22540,22540,22540,22540,1232
20211013094616,22535,22535,22535,22535,6
20211013094616,22535,22535,22535,22535,14
20211013094616,22535,22535,22535,22535,3
20211013094617,22535,22535,22535,22535,10
20211013094617,22540,22540,22540,22540,1
20211013094617,22535,22535,22535,22535,1
20211013094617,22530,22530,22530,22530,30
20211013094618,22535,22535,22535,22535,1
20211013094618,22535,22535,22535,22535,10
20211013094618,22540,22540,22540,22540,1
20211013094618,22540,22540,22540,22540,550
20211013094619,22540,22540,22540,22540,5
20211013094620,22540,22540,22540,22540,7128
20211013094620,22535,22535,22535,22535,30
20211013094620,22535,22535,22535,22535,10
20211013094621,22540,22540,22540,22540,802
20211013094621,22540,22540,22540,22540,450
20211013094621,22540,22540,22540,22540,61
20211013094622,22540,22540,22540,22540,500
20211013094622,22535,22535,22535,22535,10
20211013094622,22535,22535,22535,22535,1
20211013094622,22535,22535,22535,22535,1
20211013094623,22530,22530,22530,22530,10
20211013094623,22535,22535,22535,22535,500
20211013094623,22535,22535,22535,22535,500
20211013094624,22540,22540,22540,22540,1
20211013094624,22540,22540,22540,22540,100
20211013094624,22535,22535,22535,22535,10
20211013094625,22540,22540,22540,22540,20
20211013094625,22535,22535,22535,22535,1
20211013094625,22540,22540,22540,22540,10
20211013094626,22535,22535,22535,22535,7
20211013094626,22535,22535,22535,22535,10
20211013094626,22540,22540,22540,22540,92
20211013094626,22540,22540,22540,22540,1
20211013094626,22540,22540,22540,22540,2
20211013094626,22545,22545,22545,22545,51
20211013094627,22540,22540,22540,22540,100
20211013094627,22540,22540,22540,22540,1
20211013094627,22540,22540,22540,22540,59
20211013094627,22540,22540,22540,22540,2
20211013094628,22540,22540,22540,22540,1
20211013094628,22540,22540,22540,22540,1
20211013094628,22540,22540,22540,22540,1
20211013094629,22535,22535,22535,22535,100
20211013094629,22540,22540,22540,22540,1
20211013094629,22540,22540,22540,22540,20
20211013094629,22540,22540,22540,22540,280
20211013094630,22540,22540,22540,22540,1
20211013094630,22540,22540,22540,22540,50
20211013094630,22540,22540,22540,22540,500
20211013094631,22540,22540,22540,22540,3
20211013094631,22540,22540,22540,22540,1
20211013094631,22540,22540,22540,22540,6
20211013094632,22540,22540,22540,22540,2
20211013094632,22540,22540,22540,22540,30000
20211013094632,22545,22545,22545,22545,600
20211013094632,22540,22540,22540,22540,1
20211013094633,22540,22540,22540,22540,8145
20211013094634,22540,22540,22540,22540,13
20211013094634,22535,22535,22535,22535,1
20211013094634,22535,22535,22535,22535,1
20211013094634,22540,22540,22540,22540,1
20211013094634,22535,22535,22535,22535,1
20211013094634,22535,22535,22535,22535,1
20211013094634,22540,22540,22540,22540,10
20211013094634,22540,22540,22540,22540,1
20211013094635,22540,22540,22540,22540,630
20211013094635,22540,22540,22540,22540,5
20211013094636,22545,22545,22545,22545,1
20211013094636,22540,22540,22540,22540,1
20211013094637,22540,22540,22540,22540,21
20211013094637,22540,22540,22540,22540,1
20211013094638,22540,22540,22540,22540,1
20211013094638,22540,22540,22540,22540,2
20211013094638,22545,22545,22545,22545,50
20211013094639,22540,22540,22540,22540,1
20211013094639,22540,22540,22540,22540,63
20211013094639,22540,22540,22540,22540,1
20211013094639,22540,22540,22540,22540,376
20211013094640,22540,22540,22540,22540,29
20211013094640,22540,22540,22540,22540,1
20211013094640,22535,22535,22535,22535,1
20211013094640,22535,22535,22535,22535,1
20211013094641,22535,22535,22535,22535,44
20211013094641,22535,22535,22535,22535,1
20211013094641,22540,22540,22540,22540,20
20211013094642,22535,22535,22535,22535,100
20211013094643,22535,22535,22535,22535,185
20211013094644,22535,22535,22535,22535,1
20211013094645,22540,22540,22540,22540,2
20211013094645,22535,22535,22535,22535,10
20211013094645,22535,22535,22535,22535,261
20211013094645,22535,22535,22535,22535,1
20211013094646,22535,22535,22535,22535,1000
20211013094646,22540,22540,22540,22540,1
20211013094647,22535,22535,22535,22535,1
20211013094647,22540,22540,22540,22540,90
20211013094647,22540,22540,22540,22540,2756
20211013094649,22540,22540,22540,22540,100
20211013094649,22540,22540,22540,22540,4
20211013094649,22540,22540,22540,22540,2
20211013094652,22535,22535,22535,22535,1
20211013094652,22535,22535,22535,22535,1
20211013094652,22540,22540,22540,22540,200
20211013094653,22540,22540,22540,22540,50
20211013094653,22545,22545,22545,22545,1
20211013094653,22545,22545,22545,22545,1
20211013094653,22545,22545,22545,22545,1
20211013094653,22545,22545,22545,22545,1
20211013094654,22540,22540,22540,22540,10
20211013094654,22540,22540,22540,22540,50
20211013094654,22545,22545,22545,22545,2807
20211013094655,22545,22545,22545,22545,1
20211013094655,22545,22545,22545,22545,1
20211013094655,22545,22545,22545,22545,1
20211013094656,22545,22545,22545,22545,1
20211013094656,22545,22545,22545,22545,1
20211013094656,22550,22550,22550,22550,1
20211013094656,22550,22550,22550,22550,1
20211013094656,22550,22550,22550,22550,1
20211013094656,22545,22545,22545,22545,1
20211013094656,22550,22550,22550,22550,50
20211013094656,22545,22545,22545,22545,500
20211013094656,22545,22545,22545,22545,1
20211013094656,22550,22550,22550,22550,1
20211013094658,22550,22550,22550,22550,500
20211013094658,22550,22550,22550,22550,10
20211013094658,22545,22545,22545,22545,1
20211013094659,22545,22545,22545,22545,2167
20211013094659,22545,22545,22545,22545,200
20211013094659,22545,22545,22545,22545,1942
20211013094659,22545,22545,22545,22545,10
20211013094659,22540,22540,22540,22540,14
20211013094703,22540,22540,22540,22540,2
20211013094703,22545,22545,22545,22545,40
20211013094704,22545,22545,22545,22545,57
20211013094704,22540,22540,22540,22540,10
20211013094704,22540,22540,22540,22540,1
20211013094705,22535,22535,22535,22535,2792
20211013094705,22530,22530,22530,22530,10
20211013094706,22535,22535,22535,22535,10
20211013094706,22540,22540,22540,22540,30
20211013094707,22530,22530,22530,22530,10
20211013094708,22535,22535,22535,22535,500
20211013094708,22540,22540,22540,22540,500
20211013094708,22530,22530,22530,22530,10
20211013094708,22530,22530,22530,22530,1
20211013094708,22530,22530,22530,22530,400
20211013094708,22530,22530,22530,22530,1338
20211013094709,22525,22525,22525,22525,1
20211013094709,22530,22530,22530,22530,10
20211013094709,22525,22525,22525,22525,1
20211013094709,22525,22525,22525,22525,1
20211013094709,22525,22525,22525,22525,1213
20211013094709,22520,22520,22520,22520,10
20211013094710,22535,22535,22535,22535,1
20211013094711,22530,22530,22530,22530,88
20211013094711,22530,22530,22530,22530,1
20211013094711,22530,22530,22530,22530,1
20211013094711,22530,22530,22530,22530,8
20211013094711,22525,22525,22525,22525,2
20211013094711,22530,22530,22530,22530,1
20211013094711,22530,22530,22530,22530,500
20211013094711,22530,22530,22530,22530,500
20211013094711,22530,22530,22530,22530,1
20211013094711,22530,22530,22530,22530,1
20211013094711,22530,22530,22530,22530,1
20211013094711,22530,22530,22530,22530,1
20211013094711,22530,22530,22530,22530,1
20211013094711,22530,22530,22530,22530,1
20211013094711,22530,22530,22530,22530,1
20211013094711,22530,22530,22530,22530,1
20211013094711,22530,22530,22530,22530,1
20211013094711,22530,22530,22530,22530,1
20211013094711,22530,22530,22530,22530,1
20211013094711,22530,22530,22530,22530,1
20211013094711,22530,22530,22530,22530,1
20211013094711,22530,22530,22530,22530,1
20211013094711,22530,22530,22530,22530,1
20211013094711,22530,22530,22530,22530,1
20211013094711,22530,22530,22530,22530,1
20211013094711,22530,22530,22530,22530,1
20211013094711,22530,22530,22530,22530,1
20211013094711,22530,22530,22530,22530,1
20211013094711,22530,22530,22530,22530,1
20211013094711,22530,22530,22530,22530,1
20211013094711,22530,22530,22530,22530,1
20211013094711,22530,22530,22530,22530,1
20211013094711,22530,22530,22530,22530,1
20211013094711,22530,22530,22530,22530,1
20211013094711,22530,22530,22530,22530,1
20211013094711,22530,22530,22530,22530,1
20211013094711,22530,22530,22530,22530,1
20211013094711,22530,22530,22530,22530,1
20211013094711,22530,22530,22530,22530,1
20211013094711,22530,22530,22530,22530,1
20211013094711,22530,22530,22530,22530,1
20211013094711,22530,22530,22530,22530,1
20211013094711,22530,22530,22530,22530,1
20211013094711,22530,22530,22530,22530,1
20211013094711,22530,22530,22530,22530,1
20211013094711,22530,22530,22530,22530,1
20211013094711,22530,22530,22530,22530,1
20211013094711,22530,22530,22530,22530,1
20211013094711,22530,22530,22530,22530,1
20211013094711,22530,22530,22530,22530,1
20211013094711,22530,22530,22530,22530,1
20211013094711,22530,22530,22530,22530,1
20211013094711,22530,22530,22530,22530,1
20211013094711,22530,22530,22530,22530,1
20211013094711,22530,22530,22530,22530,1
20211013094711,22530,22530,22530,22530,5
20211013094711,22530,22530,22530,22530,166
20211013094711,22525,22525,22525,22525,80
20211013094711,22525,22525,22525,22525,88
20211013094711,22525,22525,22525,22525,10
20211013094712,22530,22530,22530,22530,50
20211013094713,22525,22525,22525,22525,10
20211013094714,22525,22525,22525,22525,1
20211013094714,22525,22525,22525,22525,21
20211013094714,22525,22525,22525,22525,5
20211013094714,22520,22520,22520,22520,10
20211013094714,22525,22525,22525,22525,10
20211013094714,22525,22525,22525,22525,300
20211013094715,22525,22525,22525,22525,1
20211013094717,22525,22525,22525,22525,1
20211013094718,22525,22525,22525,22525,200
20211013094718,22520,22520,22520,22520,1590
20211013094719,22525,22525,22525,22525,1
20211013094719,22520,22520,22520,22520,1
20211013094720,22525,22525,22525,22525,1
20211013094721,22525,22525,22525,22525,1
20211013094721,22525,22525,22525,22525,1
20211013094721,22525,22525,22525,22525,50
20211013094721,22530,22530,22530,22530,50
20211013094722,22525,22525,22525,22525,10
20211013094722,22525,22525,22525,22525,1
20211013094722,22525,22525,22525,22525,300
20211013094722,22525,22525,22525,22525,5
20211013094722,22525,22525,22525,22525,500
20211013094722,22525,22525,22525,22525,1
20211013094722,22525,22525,22525,22525,1
20211013094722,22525,22525,22525,22525,10
20211013094722,22525,22525,22525,22525,29
20211013094722,22525,22525,22525,22525,50
20211013094723,22525,22525,22525,22525,1
20211013094723,22525,22525,22525,22525,404
20211013094723,22525,22525,22525,22525,1
20211013094723,22520,22520,22520,22520,51
20211013094723,22520,22520,22520,22520,20
20211013094723,22515,22515,22515,22515,568
20211013094724,22520,22520,22520,22520,51
20211013094724,22520,22520,22520,22520,1
20211013094725,22515,22515,22515,22515,1
20211013094725,22515,22515,22515,22515,9
20211013094725,22515,22515,22515,22515,1
20211013094725,22510,22510,22510,22510,410
20211013094725,22510,22510,22510,22510,500
20211013094725,22520,22520,22520,22520,225
20211013094725,22520,22520,22520,22520,113
20211013094726,22520,22520,22520,22520,1
20211013094726,22525,22525,22525,22525,1
20211013094726,22525,22525,22525,22525,1
20211013094726,22520,22520,22520,22520,1
20211013094726,22525,22525,22525,22525,298
20211013094726,22525,22525,22525,22525,31
20211013094726,22525,22525,22525,22525,2023
20211013094726,22525,22525,22525,22525,100
20211013094727,22525,22525,22525,22525,25
20211013094727,22530,22530,22530,22530,1
20211013094727,22525,22525,22525,22525,2
20211013094727,22525,22525,22525,22525,1
20211013094727,22525,22525,22525,22525,22
20211013094728,22525,22525,22525,22525,1
20211013094729,22530,22530,22530,22530,1
20211013094729,22530,22530,22530,22530,2989
20211013094729,22530,22530,22530,22530,1
20211013094730,22530,22530,22530,22530,88
20211013094730,22530,22530,22530,22530,2
20211013094730,22530,22530,22530,22530,400
20211013094730,22530,22530,22530,22530,20
20211013094731,22525,22525,22525,22525,1
20211013094731,22535,22535,22535,22535,1
20211013094732,22535,22535,22535,22535,1819
20211013094735,22535,22535,22535,22535,2
20211013094735,22535,22535,22535,22535,1
20211013094735,22535,22535,22535,22535,10
20211013094735,22535,22535,22535,22535,9
20211013094735,22535,22535,22535,22535,1
20211013094736,22535,22535,22535,22535,500
20211013094737,22535,22535,22535,22535,1
20211013094737,22535,22535,22535,22535,1953
20211013094737,22535,22535,22535,22535,1
20211013094737,22535,22535,22535,22535,1
20211013094738,22535,22535,22535,22535,1
20211013094738,22535,22535,22535,22535,1
20211013094738,22535,22535,22535,22535,100
20211013094739,22530,22530,22530,22530,1
20211013094741,22535,22535,22535,22535,474
20211013094741,22530,22530,22530,22530,50
20211013094741,22530,22530,22530,22530,1
20211013094741,22535,22535,22535,22535,1
20211013094742,22535,22535,22535,22535,9
20211013094742,22535,22535,22535,22535,4
20211013094742,22530,22530,22530,22530,1700
20211013094742,22535,22535,22535,22535,66
20211013094742,22535,22535,22535,22535,10
20211013094743,22535,22535,22535,22535,200
20211013094743,22535,22535,22535,22535,50
20211013094744,22535,22535,22535,22535,1
20211013094744,22540,22540,22540,22540,1
20211013094745,22540,22540,22540,22540,1
20211013094745,22535,22535,22535,22535,300
20211013094746,22535,22535,22535,22535,1
20211013094746,22540,22540,22540,22540,1
20211013094746,22540,22540,22540,22540,1
20211013094746,22535,22535,22535,22535,1
20211013094746,22535,22535,22535,22535,18
20211013094747,22535,22535,22535,22535,32
20211013094749,22540,22540,22540,22540,5404
20211013094749,22540,22540,22540,22540,500
20211013094749,22540,22540,22540,22540,50
20211013094749,22540,22540,22540,22540,10
20211013094749,22540,22540,22540,22540,1
20211013094749,22540,22540,22540,22540,1
20211013094749,22540,22540,22540,22540,157
20211013094749,22540,22540,22540,22540,1
20211013094749,22545,22545,22545,22545,1
20211013094749,22540,22540,22540,22540,1000
20211013094749,22545,22545,22545,22545,1
20211013094750,22540,22540,22540,22540,30
20211013094750,22540,22540,22540,22540,1
20211013094752,22535,22535,22535,22535,100
20211013094753,22540,22540,22540,22540,100
20211013094753,22545,22545,22545,22545,343
20211013094753,22540,22540,22540,22540,1
20211013094754,22540,22540,22540,22540,50
20211013094756,22535,22535,22535,22535,1
20211013094756,22535,22535,22535,22535,100
20211013094758,22540,22540,22540,22540,384
20211013094759,22545,22545,22545,22545,500
20211013094759,22545,22545,22545,22545,24809
20211013094759,22545,22545,22545,22545,100
20211013094759,22545,22545,22545,22545,27
20211013094800,22550,22550,22550,22550,1
20211013094801,22550,22550,22550,22550,1
20211013094801,22550,22550,22550,22550,10
20211013094801,22550,22550,22550,22550,20
20211013094801,22545,22545,22545,22545,10
20211013094802,22550,22550,22550,22550,11970
20211013094802,22555,22555,22555,22555,2834
20211013094802,22555,22555,22555,22555,1
20211013094802,22555,22555,22555,22555,3237
20211013094802,22555,22555,22555,22555,3237
20211013094802,22555,22555,22555,22555,3238
20211013094802,22555,22555,22555,22555,3238
20211013094802,22555,22555,22555,22555,1
20211013094802,22555,22555,22555,22555,3238
20211013094802,22555,22555,22555,22555,914
20211013094803,22560,22560,22560,22560,2000
20211013094804,22555,22555,22555,22555,4306
20211013094804,22555,22555,22555,22555,4306
20211013094804,22555,22555,22555,22555,7086
20211013094804,22555,22555,22555,22555,500
20211013094804,22555,22555,22555,22555,8000
20211013094804,22555,22555,22555,22555,108
20211013094804,22555,22555,22555,22555,1000
20211013094804,22555,22555,22555,22555,1
20211013094804,22550,22550,22550,22550,474
20211013094805,22555,22555,22555,22555,1
20211013094805,22560,22560,22560,22560,399
20211013094805,22555,22555,22555,22555,1
20211013094805,22555,22555,22555,22555,774
20211013094805,22555,22555,22555,22555,500
20211013094805,22555,22555,22555,22555,500
20211013094805,22555,22555,22555,22555,2078
20211013094805,22555,22555,22555,22555,2078
20211013094805,22555,22555,22555,22555,3078
20211013094805,22555,22555,22555,22555,3078
20211013094805,22555,22555,22555,22555,1
20211013094805,22555,22555,22555,22555,1
20211013094805,22555,22555,22555,22555,3078
20211013094805,22555,22555,22555,22555,4833
20211013094806,22545,22545,22545,22545,1
20211013094807,22545,22545,22545,22545,1
20211013094808,22545,22545,22545,22545,10
20211013094808,22545,22545,22545,22545,10
20211013094809,22540,22540,22540,22540,61
20211013094809,22540,22540,22540,22540,2
20211013094809,22545,22545,22545,22545,1
20211013094809,22545,22545,22545,22545,1
20211013094809,22550,22550,22550,22550,100
20211013094810,22545,22545,22545,22545,100
20211013094812,22550,22550,22550,22550,103
20211013094813,22540,22540,22540,22540,1
20211013094813,22540,22540,22540,22540,40
20211013094814,22540,22540,22540,22540,40
20211013094814,22540,22540,22540,22540,1
20211013094814,22540,22540,22540,22540,1
20211013094814,22535,22535,22535,22535,1
20211013094815,22540,22540,22540,22540,1
20211013094815,22540,22540,22540,22540,1
20211013094816,22540,22540,22540,22540,1
20211013094816,22540,22540,22540,22540,1
20211013094816,22535,22535,22535,22535,443
20211013094816,22545,22545,22545,22545,50
20211013094817,22540,22540,22540,22540,1
20211013094818,22540,22540,22540,22540,1
20211013094819,22545,22545,22545,22545,30
20211013094819,22545,22545,22545,22545,580
20211013094820,22545,22545,22545,22545,2158
20211013094821,22545,22545,22545,22545,1
20211013094822,22540,22540,22540,22540,200
20211013094825,22545,22545,22545,22545,717
20211013094825,22540,22540,22540,22540,5
20211013094826,22545,22545,22545,22545,10
20211013094826,22550,22550,22550,22550,113
20211013094826,22550,22550,22550,22550,111
20211013094826,22545,22545,22545,22545,100
20211013094828,22545,22545,22545,22545,230
20211013094829,22545,22545,22545,22545,264
20211013094830,22545,22545,22545,22545,50
20211013094830,22540,22540,22540,22540,221
20211013094830,22550,22550,22550,22550,40
20211013094830,22550,22550,22550,22550,1
20211013094831,22550,22550,22550,22550,1
20211013094831,22545,22545,22545,22545,1
20211013094831,22545,22545,22545,22545,220
20211013094832,22545,22545,22545,22545,6
20211013094833,22545,22545,22545,22545,100
20211013094833,22545,22545,22545,22545,5
20211013094833,22545,22545,22545,22545,1
20211013094833,22545,22545,22545,22545,1
20211013094833,22545,22545,22545,22545,1
20211013094833,22545,22545,22545,22545,1
20211013094833,22545,22545,22545,22545,1
20211013094833,22545,22545,22545,22545,1
20211013094833,22545,22545,22545,22545,1
20211013094833,22545,22545,22545,22545,1
20211013094833,22545,22545,22545,22545,1
20211013094833,22545,22545,22545,22545,1
20211013094833,22545,22545,22545,22545,1
20211013094833,22545,22545,22545,22545,1
20211013094833,22545,22545,22545,22545,1
20211013094833,22545,22545,22545,22545,1
20211013094833,22545,22545,22545,22545,1
20211013094833,22545,22545,22545,22545,1
20211013094833,22545,22545,22545,22545,1
20211013094833,22545,22545,22545,22545,1
20211013094833,22545,22545,22545,22545,1
20211013094833,22545,22545,22545,22545,1
20211013094833,22545,22545,22545,22545,1
20211013094833,22545,22545,22545,22545,1
20211013094833,22545,22545,22545,22545,1
20211013094833,22545,22545,22545,22545,1
20211013094833,22545,22545,22545,22545,1
20211013094833,22545,22545,22545,22545,1
20211013094833,22545,22545,22545,22545,1
20211013094833,22545,22545,22545,22545,1
20211013094833,22545,22545,22545,22545,1
20211013094833,22545,22545,22545,22545,1
20211013094833,22545,22545,22545,22545,1
20211013094833,22545,22545,22545,22545,1
20211013094833,22545,22545,22545,22545,1
20211013094833,22545,22545,22545,22545,1
20211013094833,22545,22545,22545,22545,1
20211013094833,22545,22545,22545,22545,1
20211013094833,22545,22545,22545,22545,1
20211013094833,22545,22545,22545,22545,1
20211013094833,22545,22545,22545,22545,1
20211013094833,22545,22545,22545,22545,1
20211013094833,22545,22545,22545,22545,1
20211013094833,22545,22545,22545,22545,1
20211013094833,22545,22545,22545,22545,1
20211013094833,22545,22545,22545,22545,1
20211013094833,22545,22545,22545,22545,1
20211013094833,22545,22545,22545,22545,1
20211013094833,22545,22545,22545,22545,1
20211013094833,22545,22545,22545,22545,1
20211013094833,22545,22545,22545,22545,1
20211013094833,22545,22545,22545,22545,1
20211013094834,22545,22545,22545,22545,245
20211013094835,22550,22550,22550,22550,3136
20211013094837,22550,22550,22550,22550,1
20211013094837,22550,22550,22550,22550,1
20211013094837,22550,22550,22550,22550,10
20211013094839,22550,22550,22550,22550,1
20211013094839,22550,22550,22550,22550,51
20211013094840,22550,22550,22550,22550,1
20211013094841,22550,22550,22550,22550,50
20211013094841,22550,22550,22550,22550,500
20211013094841,22550,22550,22550,22550,100
20211013094841,22555,22555,22555,22555,1
20211013094843,22545,22545,22545,22545,5716
20211013094843,22550,22550,22550,22550,1
20211013094843,22545,22545,22545,22545,460
20211013094844,22545,22545,22545,22545,500
20211013094844,22545,22545,22545,22545,7691
20211013094844,22550,22550,22550,22550,21010
20211013094844,22550,22550,22550,22550,705
20211013094844,22550,22550,22550,22550,6000
20211013094844,22550,22550,22550,22550,500
20211013094844,22550,22550,22550,22550,1
20211013094844,22550,22550,22550,22550,191
20211013094844,22550,22550,22550,22550,705
20211013094844,22550,22550,22550,22550,6000
20211013094844,22550,22550,22550,22550,1
20211013094844,22550,22550,22550,22550,8000
20211013094844,22550,22550,22550,22550,8000
20211013094844,22550,22550,22550,22550,191
20211013094844,22550,22550,22550,22550,705
20211013094844,22550,22550,22550,22550,6000
20211013094844,22550,22550,22550,22550,1
20211013094844,22550,22550,22550,22550,705
20211013094844,22550,22550,22550,22550,191
20211013094844,22550,22550,22550,22550,6000
20211013094844,22550,22550,22550,22550,1
20211013094844,22550,22550,22550,22550,500
20211013094844,22550,22550,22550,22550,6000
20211013094844,22550,22550,22550,22550,191
20211013094844,22550,22550,22550,22550,1
20211013094844,22550,22550,22550,22550,6000
20211013094844,22550,22550,22550,22550,160
20211013094846,22545,22545,22545,22545,1
20211013094847,22545,22545,22545,22545,1
20211013094848,22545,22545,22545,22545,200
20211013094849,22540,22540,22540,22540,1
20211013094850,22545,22545,22545,22545,1
20211013094851,22540,22540,22540,22540,76
20211013094851,22540,22540,22540,22540,6354
20211013094852,22540,22540,22540,22540,1
20211013094852,22540,22540,22540,22540,1
20211013094852,22540,22540,22540,22540,10
20211013094852,22535,22535,22535,22535,1038
20211013094853,22540,22540,22540,22540,15
20211013094853,22540,22540,22540,22540,7392
20211013094853,22540,22540,22540,22540,1608
20211013094856,22540,22540,22540,22540,1
20211013094858,22540,22540,22540,22540,133
20211013094858,22540,22540,22540,22540,10
20211013094858,22540,22540,22540,22540,1
20211013094858,22540,22540,22540,22540,50
20211013094858,22540,22540,22540,22540,550
20211013094859,22535,22535,22535,22535,50
20211013094901,22530,22530,22530,22530,500
20211013094901,22530,22530,22530,22530,20
20211013094901,22530,22530,22530,22530,3
20211013094901,22535,22535,22535,22535,6
20211013094903,22540,22540,22540,22540,1
20211013094903,22540,22540,22540,22540,129
20211013094903,22545,22545,22545,22545,1
20211013094903,22545,22545,22545,22545,1
20211013094903,22545,22545,22545,22545,1
20211013094904,22540,22540,22540,22540,500
20211013094906,22540,22540,22540,22540,1000
20211013094906,22540,22540,22540,22540,308
20211013094906,22540,22540,22540,22540,1
20211013094908,22540,22540,22540,22540,35
20211013094908,22540,22540,22540,22540,100
20211013094908,22545,22545,22545,22545,16
20211013094909,22545,22545,22545,22545,17
20211013094909,22545,22545,22545,22545,20
20211013094909,22545,22545,22545,22545,5
20211013094910,22550,22550,22550,22550,1
20211013094911,22550,22550,22550,22550,1
20211013094911,22550,22550,22550,22550,1
20211013094911,22550,22550,22550,22550,1
20211013094912,22545,22545,22545,22545,37
20211013094912,22540,22540,22540,22540,945
20211013094913,22545,22545,22545,22545,1
20211013094916,22550,22550,22550,22550,55
20211013094916,22540,22540,22540,22540,5
20211013094917,22545,22545,22545,22545,1
20211013094918,22545,22545,22545,22545,10
20211013094918,22545,22545,22545,22545,4642
20211013094920,22545,22545,22545,22545,100
20211013094920,22550,22550,22550,22550,1
20211013094920,22545,22545,22545,22545,1
20211013094920,22545,22545,22545,22545,1
20211013094920,22545,22545,22545,22545,30
20211013094921,22545,22545,22545,22545,1
20211013094921,22550,22550,22550,22550,256
20211013094921,22550,22550,22550,22550,400
20211013094921,22550,22550,22550,22550,400
20211013094921,22550,22550,22550,22550,300
20211013094921,22550,22550,22550,22550,7522
20211013094921,22550,22550,22550,22550,1000
20211013094921,22550,22550,22550,22550,110
20211013094922,22545,22545,22545,22545,1
20211013094923,22550,22550,22550,22550,1
20211013094923,22550,22550,22550,22550,109
20211013094924,22550,22550,22550,22550,1
20211013094924,22550,22550,22550,22550,1
20211013094924,22545,22545,22545,22545,160
20211013094925,22550,22550,22550,22550,492
20211013094925,22550,22550,22550,22550,500
20211013094925,22550,22550,22550,22550,1
20211013094925,22550,22550,22550,22550,1
20211013094925,22550,22550,22550,22550,100
20211013094925,22550,22550,22550,22550,1
20211013094925,22550,22550,22550,22550,1
20211013094925,22550,22550,22550,22550,100
20211013094925,22550,22550,22550,22550,1
20211013094925,22550,22550,22550,22550,1
20211013094925,22550,22550,22550,22550,1
20211013094925,22550,22550,22550,22550,1
20211013094925,22550,22550,22550,22550,1
20211013094925,22550,22550,22550,22550,1
20211013094925,22550,22550,22550,22550,1
20211013094925,22550,22550,22550,22550,1
20211013094925,22550,22550,22550,22550,1
20211013094925,22550,22550,22550,22550,1
20211013094925,22550,22550,22550,22550,1
20211013094925,22550,22550,22550,22550,1
20211013094925,22550,22550,22550,22550,1
20211013094925,22550,22550,22550,22550,1
20211013094925,22550,22550,22550,22550,1
20211013094925,22550,22550,22550,22550,1
20211013094925,22550,22550,22550,22550,492
20211013094925,22550,22550,22550,22550,1
20211013094925,22550,22550,22550,22550,1
20211013094925,22550,22550,22550,22550,486
20211013094926,22550,22550,22550,22550,10
20211013094926,22550,22550,22550,22550,1
20211013094926,22550,22550,22550,22550,1
20211013094926,22550,22550,22550,22550,1
20211013094926,22550,22550,22550,22550,1
20211013094926,22550,22550,22550,22550,1
20211013094926,22555,22555,22555,22555,113
20211013094927,22550,22550,22550,22550,20
20211013094927,22550,22550,22550,22550,1
20211013094927,22550,22550,22550,22550,1
20211013094927,22550,22550,22550,22550,1
20211013094927,22550,22550,22550,22550,1
20211013094927,22550,22550,22550,22550,1
20211013094927,22550,22550,22550,22550,1
20211013094927,22550,22550,22550,22550,1
20211013094927,22550,22550,22550,22550,1
20211013094927,22550,22550,22550,22550,1
20211013094927,22550,22550,22550,22550,1
20211013094927,22550,22550,22550,22550,1
20211013094927,22545,22545,22545,22545,1
20211013094927,22550,22550,22550,22550,19
20211013094929,22545,22545,22545,22545,1
20211013094929,22550,22550,22550,22550,550
20211013094929,22550,22550,22550,22550,137
20211013094929,22550,22550,22550,22550,751
20211013094929,22550,22550,22550,22550,22
20211013094930,22550,22550,22550,22550,1
20211013094930,22545,22545,22545,22545,50
20211013094930,22550,22550,22550,22550,9
20211013094930,22550,22550,22550,22550,50
20211013094931,22550,22550,22550,22550,1
20211013094931,22550,22550,22550,22550,3
20211013094932,22550,22550,22550,22550,1
20211013094932,22550,22550,22550,22550,299
20211013094932,22550,22550,22550,22550,1
20211013094933,22555,22555,22555,22555,1
20211013094933,22555,22555,22555,22555,1
20211013094933,22555,22555,22555,22555,4383
20211013094934,22550,22550,22550,22550,1
20211013094935,22555,22555,22555,22555,1
20211013094935,22555,22555,22555,22555,5
20211013094935,22550,22550,22550,22550,1
20211013094937,22555,22555,22555,22555,4
20211013094937,22555,22555,22555,22555,9000
20211013094937,22555,22555,22555,22555,1
20211013094937,22555,22555,22555,22555,1
20211013094938,22555,22555,22555,22555,6
20211013094938,22555,22555,22555,22555,1
20211013094939,22555,22555,22555,22555,1
20211013094942,22555,22555,22555,22555,4
20211013094942,22560,22560,22560,22560,19276
20211013094942,22560,22560,22560,22560,3
20211013094942,22565,22565,22565,22565,540
20211013094943,22565,22565,22565,22565,10
20211013094943,22565,22565,22565,22565,10
20211013094944,22570,22570,22570,22570,10
20211013094944,22565,22565,22565,22565,1
20211013094944,22570,22570,22570,22570,142
20211013094944,22570,22570,22570,22570,5000
20211013094944,22565,22565,22565,22565,5
20211013094945,22570,22570,22570,22570,500
20211013094945,22570,22570,22570,22570,500
20211013094946,22565,22565,22565,22565,3
20211013094946,22570,22570,22570,22570,1
20211013094946,22565,22565,22565,22565,5
20211013094946,22570,22570,22570,22570,11
20211013094946,22570,22570,22570,22570,500
20211013094946,22575,22575,22575,22575,1
20211013094946,22575,22575,22575,22575,20
20211013094947,22575,22575,22575,22575,2029
20211013094947,22570,22570,22570,22570,5664
20211013094947,22570,22570,22570,22570,10
20211013094947,22575,22575,22575,22575,1
20211013094947,22580,22580,22580,22580,100
20211013094948,22570,22570,22570,22570,283
20211013094948,22575,22575,22575,22575,1
20211013094948,22575,22575,22575,22575,4
20211013094948,22580,22580,22580,22580,1835
20211013094948,22575,22575,22575,22575,1
20211013094948,22575,22575,22575,22575,1
20211013094948,22580,22580,22580,22580,1
20211013094948,22575,22575,22575,22575,3
20211013094948,22580,22580,22580,22580,1
20211013094948,22575,22575,22575,22575,1
20211013094948,22575,22575,22575,22575,2
20211013094948,22575,22575,22575,22575,3
20211013094948,22575,22575,22575,22575,1
20211013094948,22575,22575,22575,22575,100
20211013094949,22580,22580,22580,22580,30
20211013094949,22575,22575,22575,22575,1
20211013094949,22580,22580,22580,22580,100
20211013094949,22575,22575,22575,22575,1
20211013094949,22570,22570,22570,22570,47
20211013094950,22575,22575,22575,22575,11
20211013094950,22575,22575,22575,22575,20
20211013094950,22570,22570,22570,22570,17
20211013094950,22575,22575,22575,22575,1
20211013094950,22570,22570,22570,22570,1
20211013094950,22570,22570,22570,22570,12
20211013094951,22575,22575,22575,22575,25
20211013094951,22575,22575,22575,22575,44
20211013094951,22575,22575,22575,22575,1
20211013094951,22575,22575,22575,22575,1
20211013094951,22575,22575,22575,22575,1
20211013094951,22575,22575,22575,22575,1
20211013094953,22580,22580,22580,22580,3860
20211013094954,22585,22585,22585,22585,1
20211013094954,22585,22585,22585,22585,1
20211013094954,22585,22585,22585,22585,1
20211013094954,22585,22585,22585,22585,11
20211013094954,22580,22580,22580,22580,1
20211013094954,22585,22585,22585,22585,5
20211013094954,22585,22585,22585,22585,1
20211013094954,22580,22580,22580,22580,1
20211013094954,22585,22585,22585,22585,1
20211013094954,22585,22585,22585,22585,20
20211013094954,22580,22580,22580,22580,3
20211013094954,22585,22585,22585,22585,1
20211013094954,22585,22585,22585,22585,20
20211013094954,22585,22585,22585,22585,11
20211013094954,22585,22585,22585,22585,30
20211013094954,22580,22580,22580,22580,1
20211013094955,22580,22580,22580,22580,230
20211013094955,22580,22580,22580,22580,50
20211013094955,22580,22580,22580,22580,34
20211013094955,22585,22585,22585,22585,600
20211013094955,22585,22585,22585,22585,1911
20211013094955,22585,22585,22585,22585,50
20211013094955,22590,22590,22590,22590,50
20211013094955,22590,22590,22590,22590,300
20211013094956,22580,22580,22580,22580,10
20211013094956,22590,22590,22590,22590,100
20211013094956,22590,22590,22590,22590,20
20211013094956,22585,22585,22585,22585,1
20211013094956,22590,22590,22590,22590,1
20211013094956,22590,22590,22590,22590,1
20211013094956,22585,22585,22585,22585,100
20211013094956,22590,22590,22590,22590,1
20211013094957,22585,22585,22585,22585,1
20211013094957,22585,22585,22585,22585,3
20211013094958,22590,22590,22590,22590,5794
20211013094958,22590,22590,22590,22590,60
20211013094959,22590,22590,22590,22590,500
20211013094959,22590,22590,22590,22590,200
20211013094959,22595,22595,22595,22595,1
20211013094959,22595,22595,22595,22595,1
20211013094959,22595,22595,22595,22595,1
20211013094959,22590,22590,22590,22590,100
20211013095000,22590,22590,22590,22590,50
20211013095000,22590,22590,22590,22590,50
20211013095000,22590,22590,22590,22590,50
20211013095000,22595,22595,22595,22595,20
20211013095000,22590,22590,22590,22590,5
20211013095000,22595,22595,22595,22595,1150
20211013095000,22595,22595,22595,22595,6
20211013095000,22595,22595,22595,22595,6067
20211013095000,22595,22595,22595,22595,3
20211013095000,22600,22600,22600,22600,9933
20211013095000,22600,22600,22600,22600,8800
20211013095000,22595,22595,22595,22595,1
20211013095001,22595,22595,22595,22595,1
20211013095001,22595,22595,22595,22595,100
20211013095001,22595,22595,22595,22595,514
20211013095001,22600,22600,22600,22600,100
20211013095001,22595,22595,22595,22595,44
20211013095001,22590,22590,22590,22590,707
20211013095001,22590,22590,22590,22590,268
20211013095001,22590,22590,22590,22590,100
20211013095001,22585,22585,22585,22585,1
20211013095001,22585,22585,22585,22585,1
20211013095001,22590,22590,22590,22590,1
20211013095001,22585,22585,22585,22585,1
20211013095001,22595,22595,22595,22595,10
20211013095002,22585,22585,22585,22585,200
20211013095002,22595,22595,22595,22595,500
20211013095002,22590,22590,22590,22590,20
20211013095003,22590,22590,22590,22590,1
20211013095003,22595,22595,22595,22595,50
20211013095004,22595,22595,22595,22595,1
20211013095004,22595,22595,22595,22595,1
20211013095004,22595,22595,22595,22595,1
20211013095004,22595,22595,22595,22595,16
20211013095004,22595,22595,22595,22595,20
20211013095004,22600,22600,22600,22600,500
20211013095004,22600,22600,22600,22600,1
20211013095004,22600,22600,22600,22600,2085
20211013095004,22600,22600,22600,22600,910
20211013095004,22600,22600,22600,22600,500
20211013095004,22600,22600,22600,22600,1
20211013095004,22600,22600,22600,22600,1
20211013095004,22605,22605,22605,22605,1
20211013095005,22595,22595,22595,22595,5
20211013095005,22590,22590,22590,22590,1
20211013095005,22590,22590,22590,22590,20
20211013095005,22590,22590,22590,22590,1
20211013095005,22590,22590,22590,22590,1
20211013095005,22590,22590,22590,22590,11
20211013095005,22590,22590,22590,22590,1218
20211013095005,22585,22585,22585,22585,1
20211013095006,22585,22585,22585,22585,11
20211013095006,22585,22585,22585,22585,1228
20211013095006,22590,22590,22590,22590,100
20211013095006,22590,22590,22590,22590,100
20211013095006,22590,22590,22590,22590,1
20211013095007,22585,22585,22585,22585,20
20211013095008,22590,22590,22590,22590,50
20211013095008,22590,22590,22590,22590,500
20211013095008,22590,22590,22590,22590,1
20211013095008,22590,22590,22590,22590,1
20211013095008,22590,22590,22590,22590,400
20211013095008,22590,22590,22590,22590,1
20211013095008,22590,22590,22590,22590,1
20211013095008,22590,22590,22590,22590,96
20211013095008,22585,22585,22585,22585,20
20211013095008,22585,22585,22585,22585,1
20211013095009,22585,22585,22585,22585,2002
20211013095009,22585,22585,22585,22585,1
20211013095009,22585,22585,22585,22585,2
20211013095010,22585,22585,22585,22585,98
20211013095010,22590,22590,22590,22590,48
20211013095010,22585,22585,22585,22585,1
20211013095011,22585,22585,22585,22585,48
20211013095011,22585,22585,22585,22585,5
20211013095012,22590,22590,22590,22590,100
20211013095012,22585,22585,22585,22585,300
20211013095013,22580,22580,22580,22580,1
20211013095014,22580,22580,22580,22580,1
20211013095014,22585,22585,22585,22585,1
20211013095014,22580,22580,22580,22580,1
20211013095015,22580,22580,22580,22580,1
20211013095015,22585,22585,22585,22585,1
20211013095015,22585,22585,22585,22585,1
20211013095015,22580,22580,22580,22580,1
20211013095015,22580,22580,22580,22580,1
20211013095015,22580,22580,22580,22580,1
20211013095016,22580,22580,22580,22580,1303
20211013095016,22575,22575,22575,22575,135
20211013095016,22570,22570,22570,22570,1437
20211013095016,22570,22570,22570,22570,1
20211013095016,22575,22575,22575,22575,99
20211013095017,22565,22565,22565,22565,1
20211013095017,22570,22570,22570,22570,5
20211013095017,22565,22565,22565,22565,1
20211013095017,22570,22570,22570,22570,10
20211013095017,22565,22565,22565,22565,1456
20211013095017,22565,22565,22565,22565,500
20211013095018,22570,22570,22570,22570,1
20211013095018,22570,22570,22570,22570,1
20211013095018,22570,22570,22570,22570,1
20211013095018,22575,22575,22575,22575,50
20211013095019,22570,22570,22570,22570,5
20211013095019,22570,22570,22570,22570,5
20211013095019,22575,22575,22575,22575,60
20211013095020,22575,22575,22575,22575,1000
20211013095020,22580,22580,22580,22580,1
20211013095020,22580,22580,22580,22580,1
20211013095020,22575,22575,22575,22575,3
20211013095020,22575,22575,22575,22575,1
20211013095020,22575,22575,22575,22575,1
20211013095020,22575,22575,22575,22575,1
20211013095020,22575,22575,22575,22575,1
20211013095020,22575,22575,22575,22575,1
20211013095020,22575,22575,22575,22575,1
20211013095021,22575,22575,22575,22575,1
20211013095022,22580,22580,22580,22580,443
20211013095022,22575,22575,22575,22575,302
20211013095023,22575,22575,22575,22575,500
20211013095023,22575,22575,22575,22575,1
20211013095023,22580,22580,22580,22580,1
20211013095023,22575,22575,22575,22575,1
20211013095024,22575,22575,22575,22575,1
20211013095025,22575,22575,22575,22575,2609
20211013095025,22580,22580,22580,22580,1
20211013095026,22580,22580,22580,22580,1
20211013095026,22580,22580,22580,22580,1
20211013095026,22580,22580,22580,22580,1
20211013095027,22570,22570,22570,22570,5200
20211013095027,22570,22570,22570,22570,1
20211013095027,22575,22575,22575,22575,21
20211013095027,22580,22580,22580,22580,114
20211013095027,22580,22580,22580,22580,10
20211013095028,22580,22580,22580,22580,22
20211013095028,22580,22580,22580,22580,500
20211013095029,22580,22580,22580,22580,3
20211013095029,22585,22585,22585,22585,50
20211013095029,22585,22585,22585,22585,100
20211013095029,22580,22580,22580,22580,7
20211013095029,22575,22575,22575,22575,3
20211013095030,22580,22580,22580,22580,1
20211013095030,22575,22575,22575,22575,50
20211013095030,22575,22575,22575,22575,50
20211013095030,22575,22575,22575,22575,50
20211013095030,22580,22580,22580,22580,1
20211013095030,22580,22580,22580,22580,48
20211013095030,22585,22585,22585,22585,252
20211013095031,22585,22585,22585,22585,1
20211013095031,22585,22585,22585,22585,1
20211013095032,22585,22585,22585,22585,25
20211013095032,22575,22575,22575,22575,3
20211013095033,22580,22580,22580,22580,100
20211013095034,22580,22580,22580,22580,50
20211013095034,22585,22585,22585,22585,10
20211013095034,22585,22585,22585,22585,1
20211013095034,22585,22585,22585,22585,1
20211013095034,22585,22585,22585,22585,1
20211013095035,22580,22580,22580,22580,1
20211013095035,22575,22575,22575,22575,100
20211013095035,22580,22580,22580,22580,1
20211013095035,22575,22575,22575,22575,1
20211013095035,22575,22575,22575,22575,1
20211013095035,22580,22580,22580,22580,1
20211013095036,22575,22575,22575,22575,422
20211013095036,22570,22570,22570,22570,569
20211013095037,22570,22570,22570,22570,1
20211013095038,22575,22575,22575,22575,22
20211013095038,22570,22570,22570,22570,1
20211013095039,22570,22570,22570,22570,50
20211013095039,22570,22570,22570,22570,1
20211013095040,22565,22565,22565,22565,100
20211013095041,22565,22565,22565,22565,1
20211013095041,22565,22565,22565,22565,1
20211013095041,22565,22565,22565,22565,1
20211013095041,22565,22565,22565,22565,1
20211013095041,22565,22565,22565,22565,100
20211013095041,22565,22565,22565,22565,25
20211013095041,22565,22565,22565,22565,25
20211013095042,22565,22565,22565,22565,3
20211013095042,22565,22565,22565,22565,6
20211013095042,22565,22565,22565,22565,1
20211013095043,22565,22565,22565,22565,50
20211013095044,22565,22565,22565,22565,1
20211013095044,22565,22565,22565,22565,2
20211013095044,22565,22565,22565,22565,1
20211013095044,22565,22565,22565,22565,100
20211013095045,22560,22560,22560,22560,1
20211013095045,22560,22560,22560,22560,1813
20211013095045,22560,22560,22560,22560,1
20211013095045,22560,22560,22560,22560,299
20211013095045,22560,22560,22560,22560,20
20211013095045,22560,22560,22560,22560,356
20211013095045,22560,22560,22560,22560,55
20211013095045,22565,22565,22565,22565,1
20211013095046,22560,22560,22560,22560,1
20211013095046,22560,22560,22560,22560,1
20211013095046,22560,22560,22560,22560,2
20211013095046,22560,22560,22560,22560,217
20211013095046,22560,22560,22560,22560,1
20211013095047,22560,22560,22560,22560,100
20211013095047,22560,22560,22560,22560,3
20211013095047,22560,22560,22560,22560,75
20211013095047,22565,22565,22565,22565,1
20211013095048,22560,22560,22560,22560,1
20211013095049,22555,22555,22555,22555,1
20211013095049,22555,22555,22555,22555,808
20211013095049,22550,22550,22550,22550,505
20211013095049,22560,22560,22560,22560,1
20211013095050,22555,22555,22555,22555,20
20211013095050,22555,22555,22555,22555,20
20211013095050,22550,22550,22550,22550,400
20211013095051,22550,22550,22550,22550,2130
20211013095051,22550,22550,22550,22550,100
20211013095052,22545,22545,22545,22545,1
20211013095052,22545,22545,22545,22545,183
20211013095052,22550,22550,22550,22550,1
20211013095054,22550,22550,22550,22550,1
20211013095054,22545,22545,22545,22545,1
20211013095055,22550,22550,22550,22550,159
20211013095055,22550,22550,22550,22550,250
20211013095055,22555,22555,22555,22555,1
20211013095055,22560,22560,22560,22560,1
20211013095058,22550,22550,22550,22550,227
20211013095058,22560,22560,22560,22560,20
20211013095059,22555,22555,22555,22555,1
20211013095059,22555,22555,22555,22555,599
20211013095059,22555,22555,22555,22555,599
20211013095100,22555,22555,22555,22555,443
20211013095102,22550,22550,22550,22550,10
20211013095102,22555,22555,22555,22555,1500
20211013095102,22560,22560,22560,22560,1
20211013095103,22555,22555,22555,22555,500
20211013095103,22555,22555,22555,22555,7515
20211013095103,22555,22555,22555,22555,5090
20211013095103,22560,22560,22560,22560,1
20211013095103,22555,22555,22555,22555,3028
20211013095104,22555,22555,22555,22555,1
20211013095104,22555,22555,22555,22555,1
20211013095104,22555,22555,22555,22555,400
20211013095104,22555,22555,22555,22555,42
20211013095104,22555,22555,22555,22555,1
20211013095104,22555,22555,22555,22555,14
20211013095106,22560,22560,22560,22560,1
20211013095107,22555,22555,22555,22555,15
20211013095107,22550,22550,22550,22550,200
20211013095107,22555,22555,22555,22555,2
20211013095107,22550,22550,22550,22550,868
20211013095108,22550,22550,22550,22550,1
20211013095108,22545,22545,22545,22545,79
20211013095108,22550,22550,22550,22550,100
20211013095108,22550,22550,22550,22550,500
20211013095108,22550,22550,22550,22550,400
20211013095109,22540,22540,22540,22540,100
20211013095109,22550,22550,22550,22550,1
20211013095109,22550,22550,22550,22550,5
20211013095111,22550,22550,22550,22550,55
20211013095111,22550,22550,22550,22550,150
20211013095112,22550,22550,22550,22550,11
20211013095113,22545,22545,22545,22545,1
20211013095113,22550,22550,22550,22550,20
20211013095113,22545,22545,22545,22545,15
20211013095113,22540,22540,22540,22540,1
20211013095114,22545,22545,22545,22545,5
20211013095114,22545,22545,22545,22545,145
20211013095114,22545,22545,22545,22545,1
20211013095114,22540,22540,22540,22540,1
20211013095114,22545,22545,22545,22545,1
20211013095114,22545,22545,22545,22545,1
20211013095115,22545,22545,22545,22545,404
20211013095116,22550,22550,22550,22550,5
20211013095116,22550,22550,22550,22550,250
20211013095116,22545,22545,22545,22545,500
20211013095116,22550,22550,22550,22550,11
20211013095116,22540,22540,22540,22540,4294
20211013095117,22545,22545,22545,22545,150
20211013095117,22540,22540,22540,22540,1
20211013095117,22545,22545,22545,22545,20
20211013095117,22540,22540,22540,22540,100
20211013095118,22540,22540,22540,22540,15
20211013095118,22540,22540,22540,22540,1
20211013095118,22545,22545,22545,22545,10
20211013095118,22545,22545,22545,22545,1
20211013095118,22545,22545,22545,22545,1
20211013095118,22540,22540,22540,22540,1
20211013095119,22540,22540,22540,22540,14000
20211013095120,22540,22540,22540,22540,24
20211013095120,22540,22540,22540,22540,1636
20211013095121,22540,22540,22540,22540,50
20211013095122,22545,22545,22545,22545,300
20211013095122,22550,22550,22550,22550,1
20211013095122,22545,22545,22545,22545,1
20211013095122,22550,22550,22550,22550,1
20211013095122,22540,22540,22540,22540,20
20211013095123,22550,22550,22550,22550,8
20211013095123,22540,22540,22540,22540,100
20211013095123,22540,22540,22540,22540,30
20211013095124,22550,22550,22550,22550,5
20211013095125,22545,22545,22545,22545,1
20211013095126,22540,22540,22540,22540,30
20211013095126,22545,22545,22545,22545,1
20211013095126,22545,22545,22545,22545,1
20211013095127,22545,22545,22545,22545,1
20211013095127,22540,22540,22540,22540,3
20211013095127,22540,22540,22540,22540,1
20211013095127,22545,22545,22545,22545,758
20211013095128,22540,22540,22540,22540,194
20211013095128,22540,22540,22540,22540,20
20211013095129,22535,22535,22535,22535,20
20211013095129,22540,22540,22540,22540,550
20211013095129,22545,22545,22545,22545,1
20211013095129,22535,22535,22535,22535,30
20211013095131,22535,22535,22535,22535,142
20211013095132,22540,22540,22540,22540,1
20211013095132,22545,22545,22545,22545,1
20211013095134,22540,22540,22540,22540,1000
20211013095134,22540,22540,22540,22540,10
20211013095134,22535,22535,22535,22535,10
20211013095134,22540,22540,22540,22540,20
20211013095136,22535,22535,22535,22535,100
20211013095136,22535,22535,22535,22535,100
20211013095136,22545,22545,22545,22545,1
20211013095136,22545,22545,22545,22545,1
20211013095137,22545,22545,22545,22545,1018
20211013095137,22545,22545,22545,22545,1
20211013095137,22545,22545,22545,22545,1
20211013095137,22550,22550,22550,22550,1
20211013095138,22545,22545,22545,22545,1
20211013095139,22545,22545,22545,22545,4
20211013095139,22545,22545,22545,22545,10
20211013095139,22545,22545,22545,22545,10
20211013095139,22545,22545,22545,22545,80
20211013095139,22545,22545,22545,22545,1
20211013095140,22545,22545,22545,22545,1
20211013095140,22550,22550,22550,22550,1
20211013095141,22545,22545,22545,22545,1
20211013095141,22545,22545,22545,22545,1
20211013095142,22550,22550,22550,22550,500
20211013095142,22545,22545,22545,22545,134
20211013095142,22545,22545,22545,22545,10
20211013095143,22550,22550,22550,22550,1
20211013095143,22550,22550,22550,22550,1
20211013095145,22545,22545,22545,22545,1500
20211013095145,22545,22545,22545,22545,22
20211013095145,22550,22550,22550,22550,20
20211013095145,22550,22550,22550,22550,1
20211013095145,22550,22550,22550,22550,100
20211013095146,22545,22545,22545,22545,1
20211013095147,22545,22545,22545,22545,100
20211013095147,22545,22545,22545,22545,1
20211013095147,22540,22540,22540,22540,100
20211013095148,22540,22540,22540,22540,1
20211013095148,22540,22540,22540,22540,1
20211013095149,22545,22545,22545,22545,20
20211013095149,22540,22540,22540,22540,1
20211013095150,22540,22540,22540,22540,1
20211013095150,22540,22540,22540,22540,10
20211013095150,22545,22545,22545,22545,11
20211013095151,22540,22540,22540,22540,50
20211013095151,22540,22540,22540,22540,258
20211013095151,22540,22540,22540,22540,1
20211013095151,22540,22540,22540,22540,6
20211013095152,22540,22540,22540,22540,3
20211013095153,22540,22540,22540,22540,20
20211013095153,22535,22535,22535,22535,5773
20211013095154,22540,22540,22540,22540,1
20211013095155,22535,22535,22535,22535,50
20211013095156,22540,22540,22540,22540,1
20211013095157,22535,22535,22535,22535,1
20211013095159,22540,22540,22540,22540,45
20211013095159,22535,22535,22535,22535,6
20211013095200,22540,22540,22540,22540,1
20211013095200,22535,22535,22535,22535,600
20211013095201,22535,22535,22535,22535,1
20211013095201,22535,22535,22535,22535,3
20211013095201,22535,22535,22535,22535,200
20211013095201,22535,22535,22535,22535,6
20211013095201,22535,22535,22535,22535,6
20211013095201,22535,22535,22535,22535,5
20211013095202,22535,22535,22535,22535,1000
20211013095203,22540,22540,22540,22540,1
20211013095204,22540,22540,22540,22540,728
20211013095205,22545,22545,22545,22545,1
20211013095206,22545,22545,22545,22545,2607
20211013095206,22545,22545,22545,22545,5
20211013095206,22545,22545,22545,22545,500
20211013095206,22540,22540,22540,22540,1000
20211013095206,22540,22540,22540,22540,100
20211013095207,22545,22545,22545,22545,11
20211013095207,22540,22540,22540,22540,2
20211013095208,22540,22540,22540,22540,250
20211013095209,22545,22545,22545,22545,50
20211013095210,22540,22540,22540,22540,5
20211013095212,22550,22550,22550,22550,1
20211013095212,22550,22550,22550,22550,1
20211013095212,22550,22550,22550,22550,1
20211013095213,22545,22545,22545,22545,100
20211013095215,22545,22545,22545,22545,1
20211013095216,22550,22550,22550,22550,2042
20211013095217,22550,22550,22550,22550,100
20211013095217,22550,22550,22550,22550,125
20211013095217,22550,22550,22550,22550,1
20211013095218,22550,22550,22550,22550,70
20211013095219,22555,22555,22555,22555,1
20211013095219,22555,22555,22555,22555,10979
20211013095219,22550,22550,22550,22550,30
20211013095220,22555,22555,22555,22555,2
20211013095220,22550,22550,22550,22550,1
20211013095220,22550,22550,22550,22550,49
20211013095221,22550,22550,22550,22550,1
20211013095221,22550,22550,22550,22550,11
20211013095221,22550,22550,22550,22550,200
20211013095221,22550,22550,22550,22550,1000
20211013095222,22550,22550,22550,22550,10
20211013095222,22545,22545,22545,22545,400
20211013095223,22555,22555,22555,22555,198
20211013095224,22555,22555,22555,22555,1
20211013095226,22550,22550,22550,22550,1
20211013095226,22555,22555,22555,22555,1
20211013095226,22555,22555,22555,22555,49
20211013095226,22555,22555,22555,22555,110
20211013095228,22560,22560,22560,22560,1
20211013095228,22555,22555,22555,22555,50
20211013095229,22555,22555,22555,22555,5
20211013095230,22550,22550,22550,22550,65
20211013095230,22550,22550,22550,22550,1
20211013095231,22555,22555,22555,22555,5
20211013095232,22545,22545,22545,22545,1
20211013095232,22550,22550,22550,22550,1
20211013095232,22550,22550,22550,22550,21
20211013095232,22545,22545,22545,22545,200
20211013095234,22545,22545,22545,22545,2
20211013095238,22545,22545,22545,22545,1
20211013095238,22550,22550,22550,22550,660
20211013095238,22550,22550,22550,22550,5
20211013095238,22550,22550,22550,22550,1
20211013095238,22550,22550,22550,22550,1
20211013095239,22555,22555,22555,22555,1
20211013095239,22550,22550,22550,22550,2322
20211013095240,22550,22550,22550,22550,10
20211013095241,22550,22550,22550,22550,2
20211013095242,22550,22550,22550,22550,10
20211013095242,22550,22550,22550,22550,1
20211013095243,22550,22550,22550,22550,1
20211013095243,22550,22550,22550,22550,9
20211013095244,22555,22555,22555,22555,244
20211013095245,22555,22555,22555,22555,5
20211013095245,22555,22555,22555,22555,50
20211013095246,22555,22555,22555,22555,5
20211013095246,22560,22560,22560,22560,1
20211013095246,22560,22560,22560,22560,267
20211013095248,22565,22565,22565,22565,1
20211013095248,22565,22565,22565,22565,1
20211013095248,22565,22565,22565,22565,2035
20211013095248,22565,22565,22565,22565,600
20211013095249,22560,22560,22560,22560,1
20211013095250,22565,22565,22565,22565,1
20211013095254,22560,22560,22560,22560,100
20211013095254,22565,22565,22565,22565,10
20211013095255,22565,22565,22565,22565,1
20211013095256,22565,22565,22565,22565,409
20211013095256,22570,22570,22570,22570,2
20211013095258,22565,22565,22565,22565,20
20211013095258,22565,22565,22565,22565,2980
20211013095258,22565,22565,22565,22565,1
20211013095258,22570,22570,22570,22570,2
20211013095301,22565,22565,22565,22565,1
20211013095301,22565,22565,22565,22565,1
20211013095301,22565,22565,22565,22565,906
20211013095303,22565,22565,22565,22565,1
20211013095304,22565,22565,22565,22565,10
20211013095304,22565,22565,22565,22565,1
20211013095304,22565,22565,22565,22565,109
20211013095305,22565,22565,22565,22565,50
20211013095305,22570,22570,22570,22570,2
20211013095306,22565,22565,22565,22565,2
20211013095307,22570,22570,22570,22570,1448
20211013095307,22575,22575,22575,22575,1
20211013095307,22575,22575,22575,22575,10
20211013095308,22565,22565,22565,22565,100
20211013095311,22570,22570,22570,22570,1
20211013095311,22565,22565,22565,22565,5
20211013095312,22565,22565,22565,22565,1503
20211013095312,22565,22565,22565,22565,1
20211013095315,22560,22560,22560,22560,1
20211013095315,22560,22560,22560,22560,203
20211013095316,22565,22565,22565,22565,5
20211013095318,22560,22560,22560,22560,10
20211013095320,22565,22565,22565,22565,562
20211013095320,22565,22565,22565,22565,26
20211013095320,22565,22565,22565,22565,53
20211013095321,22565,22565,22565,22565,1
20211013095322,22570,22570,22570,22570,1
20211013095322,22570,22570,22570,22570,1
20211013095322,22570,22570,22570,22570,2248
20211013095322,22570,22570,22570,22570,500
20211013095322,22570,22570,22570,22570,1
20211013095322,22570,22570,22570,22570,825
20211013095322,22570,22570,22570,22570,825
20211013095322,22570,22570,22570,22570,1
20211013095323,22570,22570,22570,22570,198
20211013095323,22570,22570,22570,22570,1
20211013095323,22570,22570,22570,22570,1
20211013095323,22565,22565,22565,22565,2
20211013095325,22570,22570,22570,22570,1
20211013095326,22570,22570,22570,22570,1
20211013095326,22570,22570,22570,22570,2705
20211013095327,22570,22570,22570,22570,1
20211013095327,22570,22570,22570,22570,3
20211013095328,22570,22570,22570,22570,100
20211013095328,22570,22570,22570,22570,1200
20211013095329,22570,22570,22570,22570,100
20211013095329,22575,22575,22575,22575,1
20211013095329,22575,22575,22575,22575,1
20211013095329,22575,22575,22575,22575,3454
20211013095329,22575,22575,22575,22575,1
20211013095329,22575,22575,22575,22575,150
20211013095329,22575,22575,22575,22575,1
20211013095329,22570,22570,22570,22570,50
20211013095330,22580,22580,22580,22580,5
20211013095332,22580,22580,22580,22580,11
20211013095332,22575,22575,22575,22575,1
20211013095332,22580,22580,22580,22580,1
20211013095334,22580,22580,22580,22580,50
20211013095334,22575,22575,22575,22575,1
20211013095334,22580,22580,22580,22580,1
20211013095337,22575,22575,22575,22575,5
20211013095338,22575,22575,22575,22575,5000
20211013095338,22580,22580,22580,22580,20
20211013095338,22575,22575,22575,22575,1
20211013095338,22580,22580,22580,22580,1
20211013095338,22575,22575,22575,22575,1
20211013095338,22575,22575,22575,22575,1
20211013095338,22580,22580,22580,22580,1
20211013095338,22575,22575,22575,22575,196
20211013095339,22575,22575,22575,22575,1936
20211013095340,22575,22575,22575,22575,1
20211013095341,22575,22575,22575,22575,4
20211013095342,22575,22575,22575,22575,35
20211013095344,22570,22570,22570,22570,1
20211013095344,22570,22570,22570,22570,677
20211013095344,22570,22570,22570,22570,10
20211013095344,22570,22570,22570,22570,1
20211013095347,22570,22570,22570,22570,4637
20211013095348,22570,22570,22570,22570,5
20211013095348,22570,22570,22570,22570,3433
20211013095348,22575,22575,22575,22575,5
20211013095348,22580,22580,22580,22580,295
20211013095348,22570,22570,22570,22570,6
20211013095349,22570,22570,22570,22570,19
20211013095351,22570,22570,22570,22570,1
20211013095352,22570,22570,22570,22570,29
20211013095353,22570,22570,22570,22570,100
20211013095353,22570,22570,22570,22570,52
20211013095353,22565,22565,22565,22565,100
20211013095354,22570,22570,22570,22570,2000
20211013095354,22570,22570,22570,22570,30
20211013095354,22570,22570,22570,22570,100
20211013095355,22570,22570,22570,22570,271
20211013095356,22575,22575,22575,22575,1
20211013095356,22575,22575,22575,22575,192
20211013095356,22575,22575,22575,22575,1
20211013095356,22575,22575,22575,22575,185
20211013095357,22570,22570,22570,22570,923
20211013095357,22575,22575,22575,22575,100
20211013095357,22570,22570,22570,22570,1
20211013095357,22570,22570,22570,22570,1
20211013095358,22570,22570,22570,22570,1
20211013095358,22570,22570,22570,22570,1
20211013095358,22570,22570,22570,22570,1
20211013095359,22565,22565,22565,22565,360
20211013095359,22570,22570,22570,22570,1
20211013095400,22570,22570,22570,22570,215
20211013095400,22570,22570,22570,22570,1
20211013095402,22570,22570,22570,22570,1
20211013095404,22570,22570,22570,22570,100
20211013095404,22570,22570,22570,22570,246
20211013095405,22570,22570,22570,22570,603
20211013095407,22570,22570,22570,22570,932
20211013095411,22575,22575,22575,22575,1
20211013095411,22575,22575,22575,22575,1271
20211013095412,22575,22575,22575,22575,1
20211013095412,22575,22575,22575,22575,1
20211013095412,22575,22575,22575,22575,29
20211013095412,22575,22575,22575,22575,105
20211013095412,22575,22575,22575,22575,256
20211013095414,22570,22570,22570,22570,1
20211013095414,22570,22570,22570,22570,22
20211013095414,22565,22565,22565,22565,1
20211013095414,22565,22565,22565,22565,1
20211013095415,22565,22565,22565,22565,10
20211013095416,22565,22565,22565,22565,100
20211013095417,22560,22560,22560,22560,10
20211013095417,22560,22560,22560,22560,1
20211013095417,22565,22565,22565,22565,1
20211013095419,22565,22565,22565,22565,1
20211013095419,22560,22560,22560,22560,1
20211013095420,22560,22560,22560,22560,1
20211013095420,22560,22560,22560,22560,1
20211013095421,22565,22565,22565,22565,50
20211013095422,22560,22560,22560,22560,1
20211013095422,22565,22565,22565,22565,5
20211013095424,22560,22560,22560,22560,119
20211013095424,22565,22565,22565,22565,1
20211013095425,22560,22560,22560,22560,227
20211013095426,22560,22560,22560,22560,90
20211013095428,22560,22560,22560,22560,256
20211013095428,22560,22560,22560,22560,50
20211013095428,22560,22560,22560,22560,722
20211013095430,22560,22560,22560,22560,1
20211013095430,22560,22560,22560,22560,1
20211013095431,22565,22565,22565,22565,50
20211013095431,22560,22560,22560,22560,93
20211013095431,22565,22565,22565,22565,1
20211013095431,22565,22565,22565,22565,314
20211013095432,22565,22565,22565,22565,18
20211013095433,22570,22570,22570,22570,553
20211013095433,22570,22570,22570,22570,30
20211013095434,22575,22575,22575,22575,1484
20211013095434,22575,22575,22575,22575,500
20211013095436,22575,22575,22575,22575,2
20211013095437,22575,22575,22575,22575,1
20211013095438,22570,22570,22570,22570,1090
20211013095438,22565,22565,22565,22565,2910
20211013095440,22570,22570,22570,22570,6500
20211013095440,22565,22565,22565,22565,500
20211013095442,22570,22570,22570,22570,20
20211013095442,22570,22570,22570,22570,1
20211013095443,22575,22575,22575,22575,300
20211013095444,22570,22570,22570,22570,50
20211013095444,22565,22565,22565,22565,10160
20211013095447,22570,22570,22570,22570,2
20211013095448,22570,22570,22570,22570,49
20211013095448,22565,22565,22565,22565,1
20211013095448,22565,22565,22565,22565,1
20211013095450,22565,22565,22565,22565,40
20211013095450,22565,22565,22565,22565,10
20211013095453,22565,22565,22565,22565,5
20211013095455,22570,22570,22570,22570,1
20211013095455,22570,22570,22570,22570,893
20211013095456,22565,22565,22565,22565,10
20211013095456,22565,22565,22565,22565,458
20211013095457,22565,22565,22565,22565,1
20211013095457,22565,22565,22565,22565,1
20211013095457,22565,22565,22565,22565,1
20211013095457,22565,22565,22565,22565,2100
20211013095457,22565,22565,22565,22565,6927
20211013095457,22565,22565,22565,22565,4826
20211013095457,22565,22565,22565,22565,1
20211013095457,22565,22565,22565,22565,500
20211013095457,22565,22565,22565,22565,4700
20211013095457,22565,22565,22565,22565,3432
20211013095459,22565,22565,22565,22565,10
20211013095500,22565,22565,22565,22565,1
20211013095500,22565,22565,22565,22565,2000
20211013095500,22565,22565,22565,22565,700
20211013095500,22570,22570,22570,22570,6
20211013095500,22565,22565,22565,22565,55
20211013095501,22565,22565,22565,22565,19794
20211013095501,22560,22560,22560,22560,24188
20211013095501,22560,22560,22560,22560,1
20211013095502,22555,22555,22555,22555,30
20211013095504,22560,22560,22560,22560,21560
20211013095504,22555,22555,22555,22555,21994
20211013095504,22555,22555,22555,22555,1
20211013095505,22555,22555,22555,22555,1
20211013095505,22555,22555,22555,22555,1
20211013095506,22550,22550,22550,22550,300
20211013095506,22550,22550,22550,22550,300
20211013095507,22550,22550,22550,22550,142
20211013095508,22550,22550,22550,22550,3
20211013095508,22550,22550,22550,22550,6
20211013095508,22550,22550,22550,22550,1
20211013095508,22555,22555,22555,22555,10
20211013095508,22555,22555,22555,22555,1
20211013095508,22550,22550,22550,22550,18072
20211013095508,22550,22550,22550,22550,1
20211013095508,22550,22550,22550,22550,3435
20211013095509,22550,22550,22550,22550,1
20211013095509,22545,22545,22545,22545,1
20211013095509,22545,22545,22545,22545,1
20211013095510,22545,22545,22545,22545,600
20211013095510,22545,22545,22545,22545,42
20211013095511,22550,22550,22550,22550,899
20211013095511,22555,22555,22555,22555,1
20211013095512,22545,22545,22545,22545,5
20211013095512,22550,22550,22550,22550,3000
20211013095513,22550,22550,22550,22550,1
20211013095514,22545,22545,22545,22545,5000
20211013095515,22545,22545,22545,22545,4452
20211013095515,22545,22545,22545,22545,1
20211013095515,22540,22540,22540,22540,1
20211013095515,22545,22545,22545,22545,5
20211013095516,22545,22545,22545,22545,5
20211013095516,22540,22540,22540,22540,800
20211013095516,22540,22540,22540,22540,800
20211013095516,22540,22540,22540,22540,245
20211013095516,22540,22540,22540,22540,5
20211013095517,22545,22545,22545,22545,20
20211013095517,22545,22545,22545,22545,80
20211013095517,22540,22540,22540,22540,2
20211013095517,22550,22550,22550,22550,1
20211013095518,22540,22540,22540,22540,113
20211013095518,22540,22540,22540,22540,100
20211013095518,22550,22550,22550,22550,387
20211013095519,22545,22545,22545,22545,200
20211013095520,22545,22545,22545,22545,21361
20211013095520,22545,22545,22545,22545,9832
20211013095520,22550,22550,22550,22550,11728
20211013095522,22545,22545,22545,22545,1
20211013095522,22540,22540,22540,22540,10
20211013095522,22545,22545,22545,22545,2000
20211013095523,22545,22545,22545,22545,5
20211013095523,22540,22540,22540,22540,5
20211013095524,22545,22545,22545,22545,1
20211013095524,22545,22545,22545,22545,50
20211013095524,22545,22545,22545,22545,10
20211013095524,22545,22545,22545,22545,100
20211013095525,22545,22545,22545,22545,10
20211013095525,22540,22540,22540,22540,1000
20211013095526,22545,22545,22545,22545,1
20211013095526,22540,22540,22540,22540,20836
20211013095527,22540,22540,22540,22540,1
20211013095527,22535,22535,22535,22535,1975
20211013095527,22535,22535,22535,22535,1
20211013095527,22535,22535,22535,22535,1
20211013095529,22530,22530,22530,22530,5
20211013095529,22530,22530,22530,22530,2232
20211013095529,22535,22535,22535,22535,28
20211013095529,22530,22530,22530,22530,7385
20211013095529,22530,22530,22530,22530,8000
20211013095529,22530,22530,22530,22530,6175
20211013095529,22525,22525,22525,22525,1
20211013095529,22525,22525,22525,22525,1
20211013095529,22525,22525,22525,22525,1344
20211013095529,22525,22525,22525,22525,1
20211013095529,22525,22525,22525,22525,524
20211013095530,22530,22530,22530,22530,1
20211013095530,22530,22530,22530,22530,9
20211013095530,22535,22535,22535,22535,5
20211013095530,22535,22535,22535,22535,1
20211013095531,22535,22535,22535,22535,1
20211013095531,22535,22535,22535,22535,1
20211013095531,22535,22535,22535,22535,740
20211013095531,22540,22540,22540,22540,510
20211013095531,22530,22530,22530,22530,1
20211013095531,22530,22530,22530,22530,3
20211013095531,22530,22530,22530,22530,3
20211013095532,22530,22530,22530,22530,25
20211013095532,22535,22535,22535,22535,3
20211013095532,22540,22540,22540,22540,2
20211013095533,22535,22535,22535,22535,443
20211013095533,22535,22535,22535,22535,5
20211013095533,22535,22535,22535,22535,50
20211013095534,22540,22540,22540,22540,1
20211013095534,22540,22540,22540,22540,1
20211013095534,22540,22540,22540,22540,62
20211013095534,22545,22545,22545,22545,1
20211013095534,22540,22540,22540,22540,51
20211013095534,22545,22545,22545,22545,3
20211013095534,22535,22535,22535,22535,23
20211013095535,22540,22540,22540,22540,78
20211013095535,22545,22545,22545,22545,1
20211013095535,22540,22540,22540,22540,10
20211013095535,22540,22540,22540,22540,2
20211013095536,22540,22540,22540,22540,45
20211013095536,22545,22545,22545,22545,1027
20211013095536,22545,22545,22545,22545,100
20211013095537,22545,22545,22545,22545,2
20211013095537,22545,22545,22545,22545,1103
20211013095539,22540,22540,22540,22540,30
20211013095539,22540,22540,22540,22540,30
20211013095539,22540,22540,22540,22540,30
20211013095539,22540,22540,22540,22540,30
20211013095539,22545,22545,22545,22545,5
20211013095539,22545,22545,22545,22545,1
20211013095540,22545,22545,22545,22545,29
20211013095540,22545,22545,22545,22545,500
20211013095540,22545,22545,22545,22545,2
20211013095542,22540,22540,22540,22540,12
20211013095543,22545,22545,22545,22545,10
20211013095543,22550,22550,22550,22550,1
20211013095543,22550,22550,22550,22550,499
20211013095545,22550,22550,22550,22550,10
20211013095546,22545,22545,22545,22545,2
20211013095546,22550,22550,22550,22550,50
20211013095547,22540,22540,22540,22540,100
20211013095548,22545,22545,22545,22545,1
20211013095548,22545,22545,22545,22545,1
20211013095549,22550,22550,22550,22550,5125
20211013095550,22545,22545,22545,22545,5
20211013095552,22550,22550,22550,22550,1
20211013095553,22550,22550,22550,22550,1
20211013095553,22550,22550,22550,22550,198
20211013095553,22550,22550,22550,22550,500
20211013095556,22550,22550,22550,22550,1
20211013095557,22550,22550,22550,22550,50
20211013095557,22550,22550,22550,22550,1700
20211013095558,22550,22550,22550,22550,1
20211013095559,22545,22545,22545,22545,1
20211013095600,22550,22550,22550,22550,1
20211013095601,22545,22545,22545,22545,1
20211013095601,22545,22545,22545,22545,27
20211013095601,22540,22540,22540,22540,872
20211013095603,22545,22545,22545,22545,10
20211013095603,22550,22550,22550,22550,1
20211013095603,22550,22550,22550,22550,1
20211013095603,22550,22550,22550,22550,279
20211013095605,22555,22555,22555,22555,4325
20211013095605,22555,22555,22555,22555,20
20211013095605,22560,22560,22560,22560,1
20211013095605,22555,22555,22555,22555,1
20211013095605,22560,22560,22560,22560,11081
20211013095605,22560,22560,22560,22560,1
20211013095605,22565,22565,22565,22565,1
20211013095606,22560,22560,22560,22560,2
20211013095606,22565,22565,22565,22565,55
20211013095608,22560,22560,22560,22560,1
20211013095608,22560,22560,22560,22560,1
20211013095609,22560,22560,22560,22560,1
20211013095609,22560,22560,22560,22560,20
20211013095609,22565,22565,22565,22565,50
20211013095610,22560,22560,22560,22560,1
20211013095611,22565,22565,22565,22565,25
20211013095611,22565,22565,22565,22565,10
20211013095612,22565,22565,22565,22565,10
20211013095614,22560,22560,22560,22560,5
20211013095614,22560,22560,22560,22560,1
20211013095614,22560,22560,22560,22560,4432
20211013095617,22560,22560,22560,22560,22
20211013095618,22550,22550,22550,22550,1
20211013095618,22560,22560,22560,22560,1
20211013095619,22560,22560,22560,22560,1
20211013095619,22550,22550,22550,22550,1500
20211013095620,22555,22555,22555,22555,10
20211013095621,22555,22555,22555,22555,1
20211013095621,22555,22555,22555,22555,1
20211013095624,22560,22560,22560,22560,3225
20211013095625,22560,22560,22560,22560,505
20211013095626,22560,22560,22560,22560,5
20211013095626,22560,22560,22560,22560,1
20211013095628,22560,22560,22560,22560,5
20211013095630,22550,22550,22550,22550,144
20211013095631,22550,22550,22550,22550,3
20211013095631,22560,22560,22560,22560,44
20211013095631,22550,22550,22550,22550,6
20211013095632,22550,22550,22550,22550,100
20211013095633,22550,22550,22550,22550,1
20211013095633,22550,22550,22550,22550,142
20211013095633,22550,22550,22550,22550,1
20211013095635,22545,22545,22545,22545,100
20211013095637,22545,22545,22545,22545,1
20211013095638,22550,22550,22550,22550,4000
20211013095640,22550,22550,22550,22550,1
20211013095640,22550,22550,22550,22550,1
20211013095643,22545,22545,22545,22545,30
20211013095644,22550,22550,22550,22550,100
20211013095644,22550,22550,22550,22550,50
20211013095647,22550,22550,22550,22550,1
20211013095647,22550,22550,22550,22550,281
20211013095648,22545,22545,22545,22545,137
20211013095652,22545,22545,22545,22545,20
20211013095653,22545,22545,22545,22545,1
20211013095654,22545,22545,22545,22545,11
20211013095654,22540,22540,22540,22540,8274
20211013095655,22545,22545,22545,22545,44
20211013095656,22540,22540,22540,22540,45
20211013095658,22540,22540,22540,22540,49
20211013095659,22545,22545,22545,22545,11
20211013095659,22540,22540,22540,22540,264
20211013095659,22540,22540,22540,22540,11
20211013095659,22540,22540,22540,22540,39
20211013095700,22535,22535,22535,22535,10
20211013095700,22545,22545,22545,22545,10
20211013095701,22540,22540,22540,22540,50
20211013095701,22545,22545,22545,22545,1
20211013095701,22545,22545,22545,22545,325
20211013095701,22550,22550,22550,22550,1
20211013095701,22550,22550,22550,22550,1
20211013095701,22550,22550,22550,22550,8887
20211013095704,22545,22545,22545,22545,20
20211013095705,22545,22545,22545,22545,3
20211013095706,22545,22545,22545,22545,20
20211013095706,22545,22545,22545,22545,1
20211013095708,22550,22550,22550,22550,1000
20211013095708,22550,22550,22550,22550,100
20211013095709,22555,22555,22555,22555,1000
20211013095709,22545,22545,22545,22545,1
20211013095711,22545,22545,22545,22545,101
20211013095711,22540,22540,22540,22540,1531
20211013095714,22545,22545,22545,22545,1
20211013095714,22540,22540,22540,22540,32
20211013095715,22540,22540,22540,22540,20
20211013095715,22540,22540,22540,22540,20
20211013095715,22540,22540,22540,22540,201
20211013095715,22545,22545,22545,22545,36
20211013095716,22550,22550,22550,22550,1
20211013095716,22550,22550,22550,22550,3
20211013095716,22555,22555,22555,22555,1
20211013095717,22555,22555,22555,22555,5570
20211013095717,22550,22550,22550,22550,50
20211013095719,22550,22550,22550,22550,1000
20211013095719,22560,22560,22560,22560,11
20211013095719,22550,22550,22550,22550,50
20211013095719,22550,22550,22550,22550,10
20211013095724,22550,22550,22550,22550,111
20211013095725,22550,22550,22550,22550,1
20211013095725,22545,22545,22545,22545,1
20211013095726,22545,22545,22545,22545,627
20211013095728,22550,22550,22550,22550,409
20211013095728,22550,22550,22550,22550,66
20211013095730,22550,22550,22550,22550,1000
20211013095730,22555,22555,22555,22555,1045
20211013095731,22555,22555,22555,22555,50
20211013095732,22560,22560,22560,22560,13392
20211013095732,22560,22560,22560,22560,100
20211013095732,22555,22555,22555,22555,500
20211013095733,22555,22555,22555,22555,8
20211013095737,22565,22565,22565,22565,1749
20211013095737,22560,22560,22560,22560,1
20211013095738,22560,22560,22560,22560,100
20211013095739,22560,22560,22560,22560,10
20211013095739,22565,22565,22565,22565,14387
20211013095739,22565,22565,22565,22565,500
20211013095739,22565,22565,22565,22565,1507
20211013095739,22565,22565,22565,22565,1
20211013095739,22565,22565,22565,22565,500
20211013095739,22565,22565,22565,22565,248
20211013095739,22560,22560,22560,22560,10
20211013095740,22565,22565,22565,22565,1000
20211013095741,22560,22560,22560,22560,1
20211013095743,22565,22565,22565,22565,10
20211013095744,22560,22560,22560,22560,1000
20211013095745,22560,22560,22560,22560,1
20211013095745,22560,22560,22560,22560,10
20211013095746,22560,22560,22560,22560,1
20211013095746,22560,22560,22560,22560,88
20211013095747,22560,22560,22560,22560,20
20211013095747,22555,22555,22555,22555,100
20211013095748,22560,22560,22560,22560,1
20211013095748,22555,22555,22555,22555,1
20211013095748,22555,22555,22555,22555,1213
20211013095748,22560,22560,22560,22560,1
20211013095750,22560,22560,22560,22560,5
20211013095757,22560,22560,22560,22560,50
20211013095758,22560,22560,22560,22560,100
20211013095759,22565,22565,22565,22565,1
20211013095759,22565,22565,22565,22565,1
20211013095759,22565,22565,22565,22565,1
20211013095800,22555,22555,22555,22555,3
20211013095800,22560,22560,22560,22560,20
20211013095800,22555,22555,22555,22555,80
20211013095801,22555,22555,22555,22555,500
20211013095801,22555,22555,22555,22555,75
20211013095804,22550,22550,22550,22550,1
20211013095804,22550,22550,22550,22550,1
20211013095804,22550,22550,22550,22550,1
20211013095804,22550,22550,22550,22550,981
20211013095807,22545,22545,22545,22545,1
20211013095807,22550,22550,22550,22550,19
20211013095808,22545,22545,22545,22545,50
20211013095809,22550,22550,22550,22550,1
20211013095812,22550,22550,22550,22550,1
20211013095812,22545,22545,22545,22545,1
20211013095812,22545,22545,22545,22545,233
20211013095812,22545,22545,22545,22545,500
20211013095813,22545,22545,22545,22545,1
20211013095813,22545,22545,22545,22545,1
20211013095817,22550,22550,22550,22550,1
20211013095817,22550,22550,22550,22550,1
20211013095817,22550,22550,22550,22550,1
20211013095817,22550,22550,22550,22550,1
20211013095818,22545,22545,22545,22545,100
20211013095818,22550,22550,22550,22550,692
20211013095819,22550,22550,22550,22550,2
20211013095819,22545,22545,22545,22545,135
20211013095822,22545,22545,22545,22545,50
20211013095822,22540,22540,22540,22540,50
20211013095823,22550,22550,22550,22550,1
20211013095823,22550,22550,22550,22550,1
20211013095823,22550,22550,22550,22550,200
20211013095824,22545,22545,22545,22545,1
20211013095825,22550,22550,22550,22550,50
20211013095826,22550,22550,22550,22550,10
20211013095826,22550,22550,22550,22550,3
20211013095826,22545,22545,22545,22545,956
20211013095831,22550,22550,22550,22550,1
20211013095831,22550,22550,22550,22550,1
20211013095831,22550,22550,22550,22550,1
20211013095831,22550,22550,22550,22550,283
20211013095832,22545,22545,22545,22545,200
20211013095834,22545,22545,22545,22545,6
20211013095834,22545,22545,22545,22545,4
20211013095836,22550,22550,22550,22550,1
20211013095836,22550,22550,22550,22550,1
20211013095836,22550,22550,22550,22550,1069
20211013095839,22550,22550,22550,22550,100
20211013095840,22545,22545,22545,22545,2
20211013095840,22540,22540,22540,22540,198
20211013095840,22540,22540,22540,22540,100
20211013095841,22545,22545,22545,22545,150
20211013095845,22540,22540,22540,22540,719
20211013095845,22540,22540,22540,22540,489
20211013095846,22540,22540,22540,22540,1
20211013095846,22535,22535,22535,22535,1
20211013095847,22540,22540,22540,22540,100
20211013095847,22545,22545,22545,22545,100
20211013095848,22540,22540,22540,22540,10
20211013095848,22535,22535,22535,22535,200
20211013095848,22545,22545,22545,22545,2
20211013095848,22535,22535,22535,22535,13
20211013095851,22550,22550,22550,22550,1
20211013095851,22550,22550,22550,22550,1
20211013095851,22550,22550,22550,22550,1
20211013095856,22545,22545,22545,22545,130
20211013095857,22545,22545,22545,22545,10
20211013095857,22550,22550,22550,22550,1
20211013095857,22550,22550,22550,22550,1
20211013095857,22550,22550,22550,22550,1
20211013095857,22550,22550,22550,22550,5654
20211013095858,22545,22545,22545,22545,1
20211013095859,22550,22550,22550,22550,9
20211013095902,22550,22550,22550,22550,10
20211013095902,22550,22550,22550,22550,290
20211013095902,22550,22550,22550,22550,10
20211013095903,22550,22550,22550,22550,500
20211013095903,22550,22550,22550,22550,500
20211013095903,22545,22545,22545,22545,1
20211013095903,22550,22550,22550,22550,1113
20211013095906,22555,22555,22555,22555,260
20211013095906,22550,22550,22550,22550,88
20211013095906,22550,22550,22550,22550,10
20211013095907,22560,22560,22560,22560,1
20211013095907,22560,22560,22560,22560,1900
20211013095911,22560,22560,22560,22560,111
20211013095911,22560,22560,22560,22560,30
20211013095914,22560,22560,22560,22560,100
20211013095919,22560,22560,22560,22560,1
20211013095922,22560,22560,22560,22560,1837
20211013095923,22560,22560,22560,22560,900
20211013095925,22560,22560,22560,22560,1
20211013095927,22560,22560,22560,22560,40
20211013095927,22565,22565,22565,22565,495
20211013095927,22565,22565,22565,22565,587
20211013095928,22565,22565,22565,22565,454
20211013095928,22565,22565,22565,22565,5
20211013095928,22565,22565,22565,22565,2
20211013095928,22570,22570,22570,22570,10
20211013095928,22565,22565,22565,22565,5000
20211013095932,22560,22560,22560,22560,1
20211013095932,22560,22560,22560,22560,49
20211013095936,22555,22555,22555,22555,4212
20211013095941,22560,22560,22560,22560,1
20211013095942,22560,22560,22560,22560,1
20211013095942,22560,22560,22560,22560,318
20211013095942,22560,22560,22560,22560,9
20211013095943,22560,22560,22560,22560,5
20211013095944,22560,22560,22560,22560,1
20211013095944,22560,22560,22560,22560,1
20211013095944,22560,22560,22560,22560,20
20211013095944,22560,22560,22560,22560,1000
20211013095945,22560,22560,22560,22560,1930
20211013095947,22565,22565,22565,22565,60
20211013095947,22565,22565,22565,22565,1
20211013095947,22565,22565,22565,22565,60
20211013095947,22565,22565,22565,22565,1534
20211013095950,22560,22560,22560,22560,1
20211013095950,22560,22560,22560,22560,1
20211013095950,22560,22560,22560,22560,198
20211013095950,22555,22555,22555,22555,1292
20211013095951,22550,22550,22550,22550,50
20211013095951,22555,22555,22555,22555,1
20211013095956,22560,22560,22560,22560,1
20211013095956,22560,22560,22560,22560,329
20211013095956,22560,22560,22560,22560,200
20211013095957,22560,22560,22560,22560,500
20211013095958,22560,22560,22560,22560,1250
20211013095958,22560,22560,22560,22560,445
20211013095959,22560,22560,22560,22560,311
20211013095959,22565,22565,22565,22565,1
20211013100000,22565,22565,22565,22565,500
20211013100000,22570,22570,22570,22570,6
20211013100003,22565,22565,22565,22565,5
20211013100004,22570,22570,22570,22570,56
20211013100004,22570,22570,22570,22570,56
20211013100004,22570,22570,22570,22570,56
20211013100005,22570,22570,22570,22570,25338
20211013100005,22570,22570,22570,22570,4
20211013100007,22570,22570,22570,22570,71
20211013100008,22575,22575,22575,22575,2159
20211013100008,22570,22570,22570,22570,10
20211013100008,22575,22575,22575,22575,2
20211013100009,22575,22575,22575,22575,4
20211013100009,22580,22580,22580,22580,5321
20211013100010,22580,22580,22580,22580,2261
20211013100010,22580,22580,22580,22580,2261
20211013100010,22580,22580,22580,22580,2261
20211013100010,22580,22580,22580,22580,500
20211013100010,22580,22580,22580,22580,2261
20211013100010,22580,22580,22580,22580,2261
20211013100010,22580,22580,22580,22580,1
20211013100010,22580,22580,22580,22580,500
20211013100010,22580,22580,22580,22580,2261
20211013100010,22580,22580,22580,22580,1
20211013100010,22580,22580,22580,22580,111
20211013100010,22575,22575,22575,22575,5
20211013100011,22585,22585,22585,22585,100
20211013100011,22580,22580,22580,22580,1
20211013100012,22580,22580,22580,22580,5
20211013100013,22580,22580,22580,22580,1000
20211013100014,22575,22575,22575,22575,100
20211013100015,22575,22575,22575,22575,1
20211013100016,22580,22580,22580,22580,1
20211013100017,22580,22580,22580,22580,1
20211013100017,22580,22580,22580,22580,1
20211013100017,22580,22580,22580,22580,1
20211013100018,22575,22575,22575,22575,801
20211013100018,22575,22575,22575,22575,201
20211013100019,22575,22575,22575,22575,10
20211013100019,22575,22575,22575,22575,4
20211013100019,22575,22575,22575,22575,96
20211013100020,22580,22580,22580,22580,1
20211013100020,22580,22580,22580,22580,413
20211013100020,22575,22575,22575,22575,1
20211013100021,22575,22575,22575,22575,500
20211013100021,22575,22575,22575,22575,500
20211013100021,22570,22570,22570,22570,512
20211013100023,22580,22580,22580,22580,1
20211013100023,22575,22575,22575,22575,5
20211013100024,22580,22580,22580,22580,331
20211013100025,22580,22580,22580,22580,1
20211013100026,22580,22580,22580,22580,100
20211013100027,22575,22575,22575,22575,10
20211013100027,22575,22575,22575,22575,10
20211013100027,22575,22575,22575,22575,10
20211013100028,22575,22575,22575,22575,3000
20211013100028,22580,22580,22580,22580,980
20211013100029,22575,22575,22575,22575,3000
20211013100032,22575,22575,22575,22575,1
20211013100032,22575,22575,22575,22575,1
20211013100032,22575,22575,22575,22575,520
20211013100033,22580,22580,22580,22580,35
20211013100034,22570,22570,22570,22570,10
20211013100034,22575,22575,22575,22575,1
20211013100035,22575,22575,22575,22575,1999
20211013100036,22575,22575,22575,22575,10
20211013100036,22575,22575,22575,22575,10
20211013100036,22575,22575,22575,22575,10
20211013100036,22575,22575,22575,22575,10
20211013100036,22575,22575,22575,22575,10
20211013100036,22575,22575,22575,22575,100
20211013100037,22580,22580,22580,22580,8966
20211013100038,22585,22585,22585,22585,500
20211013100039,22575,22575,22575,22575,23
20211013100039,22580,22580,22580,22580,30
20211013100041,22585,22585,22585,22585,2
20211013100041,22580,22580,22580,22580,1
20211013100042,22585,22585,22585,22585,1000
20211013100043,22585,22585,22585,22585,1
20211013100043,22585,22585,22585,22585,1
20211013100043,22585,22585,22585,22585,1344
20211013100044,22585,22585,22585,22585,352
20211013100044,22585,22585,22585,22585,1
20211013100045,22585,22585,22585,22585,5
20211013100046,22585,22585,22585,22585,500
20211013100046,22585,22585,22585,22585,100
20211013100046,22580,22580,22580,22580,20
20211013100046,22580,22580,22580,22580,4
20211013100047,22575,22575,22575,22575,2928
20211013100047,22580,22580,22580,22580,127
20211013100049,22575,22575,22575,22575,25
20211013100049,22575,22575,22575,22575,1
20211013100049,22575,22575,22575,22575,1
20211013100050,22575,22575,22575,22575,45
20211013100050,22570,22570,22570,22570,1
20211013100050,22570,22570,22570,22570,12506
20211013100050,22570,22570,22570,22570,50
20211013100052,22570,22570,22570,22570,100
20211013100052,22570,22570,22570,22570,1
20211013100052,22575,22575,22575,22575,16
20211013100053,22570,22570,22570,22570,20
20211013100053,22575,22575,22575,22575,1
20211013100055,22570,22570,22570,22570,6
20211013100055,22565,22565,22565,22565,58
20211013100055,22565,22565,22565,22565,500
20211013100056,22565,22565,22565,22565,741
20211013100057,22560,22560,22560,22560,1
20211013100057,22560,22560,22560,22560,1250
20211013100057,22560,22560,22560,22560,30
20211013100058,22555,22555,22555,22555,2
20211013100100,22555,22555,22555,22555,2060
20211013100100,22555,22555,22555,22555,500
20211013100101,22555,22555,22555,22555,134
20211013100101,22555,22555,22555,22555,500
20211013100103,22560,22560,22560,22560,1
20211013100105,22560,22560,22560,22560,30
20211013100106,22555,22555,22555,22555,4
20211013100107,22560,22560,22560,22560,1
20211013100107,22555,22555,22555,22555,30
20211013100108,22555,22555,22555,22555,700
20211013100109,22555,22555,22555,22555,50
20211013100109,22555,22555,22555,22555,5
20211013100109,22555,22555,22555,22555,10
20211013100109,22560,22560,22560,22560,10
20211013100109,22560,22560,22560,22560,1096
20211013100111,22565,22565,22565,22565,9
20211013100112,22570,22570,22570,22570,301
20211013100113,22565,22565,22565,22565,50
20211013100114,22570,22570,22570,22570,30
20211013100114,22570,22570,22570,22570,2000
20211013100114,22565,22565,22565,22565,5
20211013100115,22565,22565,22565,22565,5
20211013100116,22565,22565,22565,22565,1
20211013100116,22560,22560,22560,22560,1
20211013100118,22560,22560,22560,22560,100
20211013100120,22560,22560,22560,22560,1
20211013100120,22560,22560,22560,22560,29
20211013100121,22560,22560,22560,22560,1
20211013100122,22555,22555,22555,22555,820
20211013100122,22560,22560,22560,22560,100
20211013100123,22560,22560,22560,22560,10
20211013100124,22560,22560,22560,22560,50
20211013100124,22560,22560,22560,22560,1
20211013100124,22560,22560,22560,22560,449
20211013100126,22555,22555,22555,22555,1
20211013100126,22555,22555,22555,22555,50
20211013100126,22555,22555,22555,22555,5
20211013100128,22555,22555,22555,22555,1
20211013100130,22555,22555,22555,22555,5
20211013100133,22550,22550,22550,22550,100
20211013100133,22550,22550,22550,22550,500
20211013100133,22555,22555,22555,22555,1000
20211013100133,22550,22550,22550,22550,5466
20211013100137,22555,22555,22555,22555,1618
20211013100138,22550,22550,22550,22550,1
20211013100138,22555,22555,22555,22555,1
20211013100140,22555,22555,22555,22555,5
20211013100142,22550,22550,22550,22550,5919
20211013100143,22545,22545,22545,22545,1
20211013100143,22545,22545,22545,22545,1
20211013100143,22550,22550,22550,22550,1
20211013100143,22550,22550,22550,22550,1
20211013100145,22545,22545,22545,22545,1494
20211013100145,22540,22540,22540,22540,1
20211013100145,22540,22540,22540,22540,1
20211013100147,22540,22540,22540,22540,201
20211013100147,22540,22540,22540,22540,200
20211013100147,22540,22540,22540,22540,509
20211013100147,22540,22540,22540,22540,1
20211013100147,22540,22540,22540,22540,720
20211013100148,22535,22535,22535,22535,200
20211013100149,22535,22535,22535,22535,3
20211013100149,22535,22535,22535,22535,6
20211013100151,22545,22545,22545,22545,5
20211013100152,22535,22535,22535,22535,248
20211013100153,22535,22535,22535,22535,1000
20211013100154,22540,22540,22540,22540,30
20211013100154,22545,22545,22545,22545,44
20211013100155,22535,22535,22535,22535,19
20211013100156,22535,22535,22535,22535,2151
20211013100156,22535,22535,22535,22535,3
20211013100156,22535,22535,22535,22535,1000
20211013100157,22530,22530,22530,22530,5
20211013100157,22535,22535,22535,22535,20
20211013100158,22535,22535,22535,22535,44
20211013100158,22535,22535,22535,22535,1
20211013100158,22530,22530,22530,22530,172
20211013100200,22535,22535,22535,22535,11
20211013100201,22530,22530,22530,22530,331
20211013100202,22540,22540,22540,22540,100
20211013100203,22535,22535,22535,22535,100
20211013100203,22540,22540,22540,22540,1
20211013100203,22540,22540,22540,22540,500
20211013100203,22535,22535,22535,22535,2500
20211013100205,22540,22540,22540,22540,2
20211013100205,22545,22545,22545,22545,1
20211013100205,22545,22545,22545,22545,30
20211013100205,22540,22540,22540,22540,32
20211013100205,22540,22540,22540,22540,5
20211013100207,22540,22540,22540,22540,1
20211013100209,22535,22535,22535,22535,5
20211013100209,22540,22540,22540,22540,30
20211013100211,22535,22535,22535,22535,50
20211013100211,22540,22540,22540,22540,134
20211013100211,22540,22540,22540,22540,1
20211013100212,22540,22540,22540,22540,20
20211013100214,22540,22540,22540,22540,442
20211013100215,22540,22540,22540,22540,200
20211013100215,22545,22545,22545,22545,1
20211013100215,22545,22545,22545,22545,1
20211013100216,22545,22545,22545,22545,3
20211013100216,22545,22545,22545,22545,41
20211013100216,22545,22545,22545,22545,1
20211013100216,22550,22550,22550,22550,1
20211013100216,22550,22550,22550,22550,11
20211013100216,22550,22550,22550,22550,11
20211013100217,22540,22540,22540,22540,200
20211013100217,22545,22545,22545,22545,100
20211013100219,22540,22540,22540,22540,4700
20211013100221,22540,22540,22540,22540,50
20211013100222,22545,22545,22545,22545,700
20211013100223,22550,22550,22550,22550,1207
20211013100225,22550,22550,22550,22550,5
20211013100226,22550,22550,22550,22550,1
20211013100227,22540,22540,22540,22540,50
20211013100229,22550,22550,22550,22550,37
20211013100229,22545,22545,22545,22545,20
20211013100233,22545,22545,22545,22545,20
20211013100233,22545,22545,22545,22545,550
20211013100233,22545,22545,22545,22545,500
20211013100236,22540,22540,22540,22540,45
20211013100237,22540,22540,22540,22540,5
20211013100237,22540,22540,22540,22540,10
20211013100238,22545,22545,22545,22545,725
20211013100239,22540,22540,22540,22540,50
20211013100240,22540,22540,22540,22540,159
20211013100242,22540,22540,22540,22540,20
20211013100245,22540,22540,22540,22540,20
20211013100246,22540,22540,22540,22540,1
20211013100246,22540,22540,22540,22540,1
20211013100247,22545,22545,22545,22545,516
20211013100250,22550,22550,22550,22550,1000
20211013100250,22550,22550,22550,22550,1
20211013100252,22545,22545,22545,22545,100
20211013100253,22550,22550,22550,22550,1
20211013100253,22550,22550,22550,22550,8958
20211013100254,22555,22555,22555,22555,3157
20211013100254,22555,22555,22555,22555,1
20211013100255,22555,22555,22555,22555,5
20211013100255,22555,22555,22555,22555,2158
20211013100258,22550,22550,22550,22550,10
20211013100259,22555,22555,22555,22555,20
20211013100300,22560,22560,22560,22560,1
20211013100300,22560,22560,22560,22560,6654
20211013100301,22565,22565,22565,22565,100
20211013100301,22560,22560,22560,22560,20
20211013100302,22555,22555,22555,22555,1000
20211013100303,22560,22560,22560,22560,30
20211013100303,22565,22565,22565,22565,2
20211013100303,22555,22555,22555,22555,1
20211013100307,22555,22555,22555,22555,5
20211013100308,22560,22560,22560,22560,5
20211013100308,22560,22560,22560,22560,2
20211013100308,22555,22555,22555,22555,205
20211013100309,22550,22550,22550,22550,143
20211013100309,22545,22545,22545,22545,1
20211013100309,22545,22545,22545,22545,1
20211013100310,22545,22545,22545,22545,43
20211013100310,22545,22545,22545,22545,43
20211013100310,22545,22545,22545,22545,6
20211013100310,22545,22545,22545,22545,1
20211013100311,22540,22540,22540,22540,712
20211013100311,22540,22540,22540,22540,191
20211013100311,22540,22540,22540,22540,191
20211013100311,22540,22540,22540,22540,118
20211013100311,22535,22535,22535,22535,1
20211013100311,22535,22535,22535,22535,401
20211013100311,22535,22535,22535,22535,5
20211013100312,22535,22535,22535,22535,1
20211013100312,22535,22535,22535,22535,3
20211013100312,22535,22535,22535,22535,6
20211013100312,22540,22540,22540,22540,14
20211013100312,22540,22540,22540,22540,6
20211013100313,22535,22535,22535,22535,20
20211013100314,22540,22540,22540,22540,1
20211013100314,22535,22535,22535,22535,1
20211013100314,22535,22535,22535,22535,1
20211013100314,22540,22540,22540,22540,600
20211013100315,22540,22540,22540,22540,1
20211013100315,22545,22545,22545,22545,12
20211013100320,22535,22535,22535,22535,100
20211013100320,22535,22535,22535,22535,1
20211013100320,22545,22545,22545,22545,6
20211013100321,22540,22540,22540,22540,499
20211013100321,22545,22545,22545,22545,957
20211013100325,22540,22540,22540,22540,1
20211013100327,22540,22540,22540,22540,1
20211013100328,22545,22545,22545,22545,3295
20211013100328,22545,22545,22545,22545,20
20211013100329,22545,22545,22545,22545,7
20211013100329,22545,22545,22545,22545,5
20211013100329,22545,22545,22545,22545,100
20211013100330,22550,22550,22550,22550,1
20211013100330,22550,22550,22550,22550,1
20211013100330,22545,22545,22545,22545,1
20211013100330,22545,22545,22545,22545,100
20211013100330,22545,22545,22545,22545,1945
20211013100332,22540,22540,22540,22540,1
20211013100333,22540,22540,22540,22540,1640
20211013100334,22545,22545,22545,22545,1
20211013100334,22540,22540,22540,22540,1
20211013100335,22540,22540,22540,22540,10
20211013100335,22540,22540,22540,22540,89
20211013100336,22540,22540,22540,22540,11
20211013100336,22540,22540,22540,22540,9
20211013100337,22545,22545,22545,22545,1
20211013100337,22540,22540,22540,22540,1
20211013100338,22540,22540,22540,22540,2
20211013100338,22545,22545,22545,22545,119
20211013100339,22545,22545,22545,22545,1
20211013100341,22545,22545,22545,22545,5
20211013100342,22540,22540,22540,22540,5
20211013100342,22540,22540,22540,22540,30
20211013100345,22545,22545,22545,22545,500
20211013100346,22545,22545,22545,22545,10
20211013100349,22545,22545,22545,22545,50
20211013100349,22540,22540,22540,22540,100
20211013100351,22540,22540,22540,22540,1
20211013100352,22535,22535,22535,22535,4923
20211013100352,22535,22535,22535,22535,20
20211013100352,22530,22530,22530,22530,1
20211013100354,22540,22540,22540,22540,1
20211013100355,22545,22545,22545,22545,1
20211013100355,22540,22540,22540,22540,5
20211013100355,22550,22550,22550,22550,1
20211013100355,22550,22550,22550,22550,1040
20211013100356,22545,22545,22545,22545,133
20211013100356,22550,22550,22550,22550,5
20211013100359,22545,22545,22545,22545,370
20211013100400,22550,22550,22550,22550,1
20211013100400,22550,22550,22550,22550,499
20211013100403,22550,22550,22550,22550,1
20211013100404,22545,22545,22545,22545,13
20211013100405,22545,22545,22545,22545,100
20211013100405,22545,22545,22545,22545,461
20211013100405,22545,22545,22545,22545,461
20211013100405,22545,22545,22545,22545,461
20211013100405,22545,22545,22545,22545,461
20211013100405,22545,22545,22545,22545,461
20211013100405,22545,22545,22545,22545,461
20211013100405,22545,22545,22545,22545,461
20211013100405,22545,22545,22545,22545,461
20211013100405,22545,22545,22545,22545,211
20211013100406,22550,22550,22550,22550,1
20211013100412,22540,22540,22540,22540,90
20211013100415,22540,22540,22540,22540,249
20211013100415,22540,22540,22540,22540,500
20211013100416,22540,22540,22540,22540,854
20211013100416,22540,22540,22540,22540,1
20211013100417,22540,22540,22540,22540,1
20211013100418,22545,22545,22545,22545,10
20211013100418,22550,22550,22550,22550,20
20211013100418,22540,22540,22540,22540,30
20211013100419,22540,22540,22540,22540,12
20211013100424,22540,22540,22540,22540,1
20211013100424,22540,22540,22540,22540,709
20211013100425,22535,22535,22535,22535,1
20211013100425,22535,22535,22535,22535,1
20211013100426,22535,22535,22535,22535,3
20211013100426,22535,22535,22535,22535,5
20211013100426,22530,22530,22530,22530,1
20211013100426,22530,22530,22530,22530,500
20211013100427,22535,22535,22535,22535,3597
20211013100427,22535,22535,22535,22535,150
20211013100428,22535,22535,22535,22535,1
20211013100428,22535,22535,22535,22535,1
20211013100429,22535,22535,22535,22535,1
20211013100429,22530,22530,22530,22530,6718
20211013100429,22530,22530,22530,22530,1
20211013100429,22530,22530,22530,22530,3
20211013100429,22530,22530,22530,22530,500
20211013100429,22530,22530,22530,22530,700
20211013100429,22530,22530,22530,22530,700
20211013100429,22530,22530,22530,22530,800
20211013100429,22530,22530,22530,22530,200
20211013100429,22530,22530,22530,22530,1
20211013100430,22535,22535,22535,22535,164
20211013100430,22530,22530,22530,22530,500
20211013100431,22535,22535,22535,22535,1
20211013100435,22535,22535,22535,22535,10
20211013100435,22530,22530,22530,22530,1
20211013100437,22530,22530,22530,22530,22
20211013100437,22535,22535,22535,22535,320
20211013100437,22540,22540,22540,22540,1
20211013100441,22535,22535,22535,22535,100
20211013100443,22540,22540,22540,22540,1
20211013100445,22535,22535,22535,22535,1
20211013100446,22535,22535,22535,22535,10
20211013100447,22530,22530,22530,22530,9
20211013100447,22530,22530,22530,22530,1
20211013100448,22530,22530,22530,22530,1
20211013100448,22535,22535,22535,22535,1
20211013100448,22535,22535,22535,22535,1
20211013100448,22535,22535,22535,22535,500
20211013100448,22535,22535,22535,22535,200
20211013100452,22535,22535,22535,22535,1
20211013100453,22540,22540,22540,22540,2800
20211013100453,22540,22540,22540,22540,2
20211013100453,22545,22545,22545,22545,1
20211013100453,22540,22540,22540,22540,1
20211013100455,22540,22540,22540,22540,1
20211013100455,22540,22540,22540,22540,384
20211013100456,22540,22540,22540,22540,1
20211013100457,22545,22545,22545,22545,5
20211013100458,22535,22535,22535,22535,3
20211013100459,22540,22540,22540,22540,62
20211013100503,22540,22540,22540,22540,5
20211013100503,22545,22545,22545,22545,6
20211013100504,22535,22535,22535,22535,1
20211013100504,22540,22540,22540,22540,2000
20211013100508,22535,22535,22535,22535,500
20211013100508,22535,22535,22535,22535,1
20211013100508,22535,22535,22535,22535,924
20211013100509,22535,22535,22535,22535,2
20211013100510,22540,22540,22540,22540,36
20211013100510,22545,22545,22545,22545,1673
20211013100511,22535,22535,22535,22535,10
20211013100513,22540,22540,22540,22540,605
20211013100515,22540,22540,22540,22540,210
20211013100518,22535,22535,22535,22535,281
20211013100519,22530,22530,22530,22530,1
20211013100519,22530,22530,22530,22530,250
20211013100520,22530,22530,22530,22530,50
20211013100520,22525,22525,22525,22525,1
20211013100520,22525,22525,22525,22525,3937
20211013100521,22520,22520,22520,22520,1000
20211013100521,22525,22525,22525,22525,1
20211013100521,22525,22525,22525,22525,1
20211013100521,22525,22525,22525,22525,498
20211013100521,22520,22520,22520,22520,1526
20211013100522,22525,22525,22525,22525,120
20211013100523,22530,22530,22530,22530,15
20211013100524,22535,22535,22535,22535,2100
20211013100525,22540,22540,22540,22540,280
20211013100525,22540,22540,22540,22540,2
20211013100525,22540,22540,22540,22540,498
20211013100525,22540,22540,22540,22540,2
20211013100525,22545,22545,22545,22545,1
20211013100525,22540,22540,22540,22540,5
20211013100525,22540,22540,22540,22540,46
20211013100526,22545,22545,22545,22545,10279
20211013100527,22540,22540,22540,22540,90
20211013100528,22540,22540,22540,22540,1
20211013100529,22545,22545,22545,22545,30
20211013100530,22540,22540,22540,22540,1
20211013100531,22550,22550,22550,22550,4011
20211013100531,22550,22550,22550,22550,10
20211013100531,22550,22550,22550,22550,50
20211013100532,22550,22550,22550,22550,10
20211013100533,22545,22545,22545,22545,1
20211013100533,22550,22550,22550,22550,40
20211013100533,22550,22550,22550,22550,10
20211013100534,22545,22545,22545,22545,1
20211013100534,22545,22545,22545,22545,1
20211013100534,22550,22550,22550,22550,1
20211013100535,22545,22545,22545,22545,20
20211013100536,22545,22545,22545,22545,105
20211013100536,22545,22545,22545,22545,22
20211013100537,22545,22545,22545,22545,8
20211013100540,22545,22545,22545,22545,30
20211013100540,22540,22540,22540,22540,10
20211013100542,22545,22545,22545,22545,657
20211013100546,22540,22540,22540,22540,1
20211013100546,22540,22540,22540,22540,1
20211013100547,22540,22540,22540,22540,500
20211013100548,22545,22545,22545,22545,660
20211013100548,22545,22545,22545,22545,660
20211013100548,22545,22545,22545,22545,320
20211013100548,22540,22540,22540,22540,35
20211013100549,22545,22545,22545,22545,5
20211013100550,22545,22545,22545,22545,2
20211013100552,22545,22545,22545,22545,13
20211013100554,22550,22550,22550,22550,1
20211013100554,22550,22550,22550,22550,1
20211013100554,22545,22545,22545,22545,5
20211013100555,22550,22550,22550,22550,6677
20211013100555,22550,22550,22550,22550,100
20211013100556,22545,22545,22545,22545,30
20211013100557,22550,22550,22550,22550,1
20211013100559,22550,22550,22550,22550,489
20211013100559,22550,22550,22550,22550,1
20211013100600,22550,22550,22550,22550,1
20211013100600,22550,22550,22550,22550,200
20211013100601,22555,22555,22555,22555,1
20211013100601,22555,22555,22555,22555,2086
20211013100601,22550,22550,22550,22550,1
20211013100602,22555,22555,22555,22555,1
20211013100602,22555,22555,22555,22555,65
20211013100604,22555,22555,22555,22555,18
20211013100604,22560,22560,22560,22560,309
20211013100605,22555,22555,22555,22555,1
20211013100605,22555,22555,22555,22555,20000
20211013100605,22560,22560,22560,22560,1
20211013100606,22560,22560,22560,22560,330
20211013100607,22560,22560,22560,22560,1
20211013100607,22560,22560,22560,22560,9591
20211013100607,22555,22555,22555,22555,1
20211013100607,22560,22560,22560,22560,50
20211013100608,22560,22560,22560,22560,100
20211013100608,22565,22565,22565,22565,1
20211013100608,22565,22565,22565,22565,670
20211013100608,22565,22565,22565,22565,3
20211013100609,22565,22565,22565,22565,10
20211013100609,22565,22565,22565,22565,100
20211013100610,22565,22565,22565,22565,1
20211013100610,22565,22565,22565,22565,6
20211013100610,22565,22565,22565,22565,50
20211013100611,22560,22560,22560,22560,350
20211013100611,22560,22560,22560,22560,20000
20211013100612,22555,22555,22555,22555,300
20211013100613,22555,22555,22555,22555,1
20211013100614,22555,22555,22555,22555,1
20211013100614,22555,22555,22555,22555,20998
20211013100614,22555,22555,22555,22555,100
20211013100614,22560,22560,22560,22560,230
20211013100615,22555,22555,22555,22555,816
20211013100615,22555,22555,22555,22555,135
20211013100615,22555,22555,22555,22555,135
20211013100615,22555,22555,22555,22555,135
20211013100615,22555,22555,22555,22555,135
20211013100615,22555,22555,22555,22555,135
20211013100615,22555,22555,22555,22555,9
20211013100617,22555,22555,22555,22555,100
20211013100618,22555,22555,22555,22555,4
20211013100618,22555,22555,22555,22555,10
20211013100619,22555,22555,22555,22555,22
20211013100620,22555,22555,22555,22555,4
20211013100620,22560,22560,22560,22560,250
20211013100620,22560,22560,22560,22560,750
20211013100620,22560,22560,22560,22560,100
20211013100620,22555,22555,22555,22555,394
20211013100620,22555,22555,22555,22555,4
20211013100621,22555,22555,22555,22555,4
20211013100622,22560,22560,22560,22560,50
20211013100623,22555,22555,22555,22555,4
20211013100623,22555,22555,22555,22555,100
20211013100624,22555,22555,22555,22555,100
20211013100624,22560,22560,22560,22560,4
20211013100626,22555,22555,22555,22555,3000
20211013100626,22555,22555,22555,22555,1
20211013100627,22555,22555,22555,22555,1
20211013100627,22550,22550,22550,22550,154
20211013100628,22555,22555,22555,22555,1
20211013100628,22560,22560,22560,22560,4
20211013100629,22555,22555,22555,22555,12
20211013100632,22555,22555,22555,22555,1
20211013100633,22555,22555,22555,22555,5
20211013100633,22550,22550,22550,22550,1
20211013100635,22550,22550,22550,22550,4
20211013100635,22550,22550,22550,22550,4
20211013100635,22555,22555,22555,22555,23
20211013100637,22560,22560,22560,22560,9
20211013100638,22560,22560,22560,22560,300
20211013100639,22555,22555,22555,22555,110
20211013100641,22560,22560,22560,22560,1
20211013100643,22555,22555,22555,22555,12
20211013100645,22555,22555,22555,22555,20
20211013100645,22550,22550,22550,22550,10
20211013100646,22555,22555,22555,22555,5
20211013100646,22555,22555,22555,22555,46
20211013100647,22555,22555,22555,22555,1
20211013100647,22555,22555,22555,22555,220
20211013100648,22555,22555,22555,22555,500
20211013100648,22555,22555,22555,22555,125
20211013100648,22555,22555,22555,22555,526
20211013100648,22555,22555,22555,22555,526
20211013100648,22555,22555,22555,22555,500
20211013100648,22555,22555,22555,22555,125
20211013100648,22555,22555,22555,22555,526
20211013100648,22555,22555,22555,22555,651
20211013100648,22555,22555,22555,22555,651
20211013100648,22555,22555,22555,22555,651
20211013100648,22555,22555,22555,22555,651
20211013100648,22555,22555,22555,22555,1
20211013100648,22555,22555,22555,22555,1
20211013100648,22555,22555,22555,22555,651
20211013100648,22555,22555,22555,22555,649
20211013100648,22555,22555,22555,22555,1
20211013100648,22555,22555,22555,22555,2
20211013100648,22555,22555,22555,22555,1
20211013100648,22555,22555,22555,22555,326
20211013100649,22550,22550,22550,22550,24
20211013100649,22545,22545,22545,22545,1
20211013100653,22555,22555,22555,22555,25
20211013100654,22550,22550,22550,22550,1
20211013100656,22555,22555,22555,22555,2
20211013100657,22545,22545,22545,22545,31
20211013100700,22545,22545,22545,22545,2
20211013100701,22545,22545,22545,22545,50
20211013100701,22550,22550,22550,22550,1
20211013100701,22550,22550,22550,22550,149
20211013100703,22550,22550,22550,22550,50
20211013100704,22550,22550,22550,22550,5
20211013100704,22550,22550,22550,22550,1
20211013100705,22550,22550,22550,22550,100
20211013100705,22555,22555,22555,22555,1
20211013100706,22550,22550,22550,22550,79
20211013100708,22550,22550,22550,22550,2040
20211013100709,22550,22550,22550,22550,15
20211013100710,22550,22550,22550,22550,449
20211013100710,22550,22550,22550,22550,1
20211013100714,22545,22545,22545,22545,87
20211013100715,22540,22540,22540,22540,903
20211013100715,22540,22540,22540,22540,500
20211013100715,22545,22545,22545,22545,90
20211013100715,22545,22545,22545,22545,2
20211013100716,22540,22540,22540,22540,1000
20211013100717,22535,22535,22535,22535,3
20211013100717,22540,22540,22540,22540,6
20211013100720,22535,22535,22535,22535,211
20211013100720,22530,22530,22530,22530,1
20211013100721,22535,22535,22535,22535,1520
20211013100721,22535,22535,22535,22535,500
20211013100723,22540,22540,22540,22540,1000
20211013100724,22535,22535,22535,22535,1
20211013100725,22535,22535,22535,22535,15
20211013100725,22535,22535,22535,22535,5
20211013100725,22535,22535,22535,22535,22
20211013100725,22535,22535,22535,22535,9
20211013100725,22535,22535,22535,22535,200
20211013100727,22535,22535,22535,22535,1
20211013100728,22535,22535,22535,22535,1
20211013100729,22535,22535,22535,22535,20
20211013100730,22540,22540,22540,22540,1
20211013100731,22540,22540,22540,22540,2022
20211013100731,22540,22540,22540,22540,5
20211013100731,22545,22545,22545,22545,1
20211013100731,22545,22545,22545,22545,1
20211013100731,22540,22540,22540,22540,1
20211013100735,22540,22540,22540,22540,5
20211013100735,22540,22540,22540,22540,25
20211013100736,22535,22535,22535,22535,1
20211013100738,22535,22535,22535,22535,1
20211013100738,22535,22535,22535,22535,1
20211013100740,22540,22540,22540,22540,1
20211013100741,22540,22540,22540,22540,704
20211013100742,22545,22545,22545,22545,2607
20211013100745,22540,22540,22540,22540,200
20211013100746,22540,22540,22540,22540,27
20211013100747,22540,22540,22540,22540,201
20211013100749,22540,22540,22540,22540,20
20211013100749,22535,22535,22535,22535,1000
20211013100750,22535,22535,22535,22535,1
20211013100750,22540,22540,22540,22540,1
20211013100750,22540,22540,22540,22540,1
20211013100754,22540,22540,22540,22540,50
20211013100756,22540,22540,22540,22540,50
20211013100757,22535,22535,22535,22535,1
20211013100757,22535,22535,22535,22535,1965
20211013100801,22535,22535,22535,22535,20
20211013100802,22535,22535,22535,22535,10
20211013100803,22530,22530,22530,22530,1
20211013100805,22530,22530,22530,22530,46
20211013100806,22535,22535,22535,22535,1000
20211013100808,22530,22530,22530,22530,1
20211013100808,22530,22530,22530,22530,1
20211013100808,22535,22535,22535,22535,1
20211013100809,22530,22530,22530,22530,50
20211013100809,22530,22530,22530,22530,1
20211013100809,22530,22530,22530,22530,1
20211013100811,22530,22530,22530,22530,9467
20211013100811,22525,22525,22525,22525,533
20211013100812,22535,22535,22535,22535,204
20211013100812,22535,22535,22535,22535,12
20211013100812,22535,22535,22535,22535,9000
20211013100813,22535,22535,22535,22535,50
20211013100815,22540,22540,22540,22540,1
20211013100815,22535,22535,22535,22535,20
20211013100816,22540,22540,22540,22540,2
20211013100816,22535,22535,22535,22535,5
20211013100816,22540,22540,22540,22540,1
20211013100816,22535,22535,22535,22535,8
20211013100817,22535,22535,22535,22535,1
20211013100817,22535,22535,22535,22535,11
20211013100817,22535,22535,22535,22535,10
20211013100817,22530,22530,22530,22530,20
20211013100818,22535,22535,22535,22535,1
20211013100819,22535,22535,22535,22535,1
20211013100820,22535,22535,22535,22535,20
20211013100820,22530,22530,22530,22530,1
20211013100821,22530,22530,22530,22530,1
20211013100821,22530,22530,22530,22530,49
20211013100823,22530,22530,22530,22530,15
20211013100823,22535,22535,22535,22535,30
20211013100825,22535,22535,22535,22535,50
20211013100827,22535,22535,22535,22535,1
20211013100830,22540,22540,22540,22540,5
20211013100831,22535,22535,22535,22535,500
20211013100831,22535,22535,22535,22535,200
20211013100832,22535,22535,22535,22535,1
20211013100833,22535,22535,22535,22535,5
20211013100833,22535,22535,22535,22535,1
20211013100836,22535,22535,22535,22535,3241
20211013100836,22535,22535,22535,22535,1782
20211013100836,22535,22535,22535,22535,500
20211013100838,22535,22535,22535,22535,5
20211013100839,22535,22535,22535,22535,1
20211013100839,22535,22535,22535,22535,1
20211013100839,22535,22535,22535,22535,1
20211013100839,22535,22535,22535,22535,1
20211013100839,22535,22535,22535,22535,91
20211013100839,22535,22535,22535,22535,100
20211013100841,22535,22535,22535,22535,1
20211013100841,22535,22535,22535,22535,10
20211013100846,22535,22535,22535,22535,441
20211013100847,22535,22535,22535,22535,5
20211013100849,22530,22530,22530,22530,1
20211013100849,22530,22530,22530,22530,230
20211013100849,22530,22530,22530,22530,100
20211013100852,22525,22525,22525,22525,1
20211013100852,22525,22525,22525,22525,1
20211013100852,22525,22525,22525,22525,370
20211013100852,22525,22525,22525,22525,1
20211013100854,22520,22520,22520,22520,501
20211013100854,22520,22520,22520,22520,1
20211013100856,22520,22520,22520,22520,1
20211013100857,22520,22520,22520,22520,500
20211013100857,22515,22515,22515,22515,1
20211013100857,22515,22515,22515,22515,489
20211013100857,22515,22515,22515,22515,1
20211013100858,22520,22520,22520,22520,10
20211013100858,22520,22520,22520,22520,200
20211013100859,22520,22520,22520,22520,5
20211013100859,22525,22525,22525,22525,3300
20211013100859,22530,22530,22530,22530,306
20211013100900,22525,22525,22525,22525,470
20211013100901,22530,22530,22530,22530,5
20211013100903,22530,22530,22530,22530,5
20211013100904,22530,22530,22530,22530,100
20211013100904,22530,22530,22530,22530,500
20211013100904,22525,22525,22525,22525,100
20211013100905,22525,22525,22525,22525,1
20211013100905,22530,22530,22530,22530,12
20211013100907,22525,22525,22525,22525,5
20211013100912,22520,22520,22520,22520,1
20211013100912,22520,22520,22520,22520,49
20211013100913,22520,22520,22520,22520,1
20211013100915,22520,22520,22520,22520,1
20211013100915,22520,22520,22520,22520,4
20211013100916,22520,22520,22520,22520,50
20211013100916,22515,22515,22515,22515,269
20211013100916,22520,22520,22520,22520,9199
20211013100916,22520,22520,22520,22520,500
20211013100916,22520,22520,22520,22520,174
20211013100916,22520,22520,22520,22520,1549
20211013100916,22525,22525,22525,22525,200
20211013100919,22515,22515,22515,22515,1
20211013100921,22515,22515,22515,22515,1
20211013100922,22515,22515,22515,22515,10
20211013100922,22515,22515,22515,22515,1
20211013100923,22515,22515,22515,22515,1
20211013100923,22515,22515,22515,22515,1
20211013100923,22515,22515,22515,22515,1351
20211013100923,22515,22515,22515,22515,20
20211013100923,22510,22510,22510,22510,1
20211013100923,22515,22515,22515,22515,5
20211013100923,22510,22510,22510,22510,50
20211013100924,22515,22515,22515,22515,5
20211013100924,22515,22515,22515,22515,95
20211013100924,22515,22515,22515,22515,5
20211013100924,22510,22510,22510,22510,3625
20211013100926,22510,22510,22510,22510,1370
20211013100926,22510,22510,22510,22510,4
20211013100927,22510,22510,22510,22510,246
20211013100927,22510,22510,22510,22510,50
20211013100927,22510,22510,22510,22510,4
20211013100929,22510,22510,22510,22510,150
20211013100929,22510,22510,22510,22510,100
20211013100929,22505,22505,22505,22505,494
20211013100930,22510,22510,22510,22510,1
20211013100931,22505,22505,22505,22505,4097
20211013100932,22500,22500,22500,22500,15875
20211013100932,22500,22500,22500,22500,10
20211013100932,22495,22495,22495,22495,1
20211013100932,22495,22495,22495,22495,1000
20211013100932,22495,22495,22495,22495,312
20211013100932,22500,22500,22500,22500,2
20211013100933,22495,22495,22495,22495,7319
20211013100933,22490,22490,22490,22490,12681
20211013100933,22490,22490,22490,22490,5
20211013100933,22495,22495,22495,22495,1618
20211013100933,22500,22500,22500,22500,1000
20211013100933,22495,22495,22495,22495,1
20211013100934,22500,22500,22500,22500,1
20211013100935,22495,22495,22495,22495,1000
20211013100935,22500,22500,22500,22500,1
20211013100935,22495,22495,22495,22495,1102
20211013100935,22495,22495,22495,22495,1
20211013100936,22495,22495,22495,22495,4
20211013100937,22495,22495,22495,22495,125
20211013100937,22495,22495,22495,22495,500
20211013100937,22490,22490,22490,22490,500
20211013100939,22500,22500,22500,22500,1421
20211013100940,22495,22495,22495,22495,292
20211013100940,22500,22500,22500,22500,1
20211013100940,22495,22495,22495,22495,99
20211013100941,22495,22495,22495,22495,2
20211013100941,22500,22500,22500,22500,11
20211013100942,22505,22505,22505,22505,38
20211013100942,22505,22505,22505,22505,1
20211013100942,22505,22505,22505,22505,1
20211013100943,22505,22505,22505,22505,1
20211013100943,22500,22500,22500,22500,6
20211013100943,22505,22505,22505,22505,10
20211013100943,22500,22500,22500,22500,1600
20211013100943,22505,22505,22505,22505,5
20211013100943,22500,22500,22500,22500,500
20211013100943,22505,22505,22505,22505,22
20211013100945,22510,22510,22510,22510,2
20211013100946,22510,22510,22510,22510,7
20211013100947,22505,22505,22505,22505,86
20211013100947,22510,22510,22510,22510,1
20211013100947,22510,22510,22510,22510,5
20211013100951,22510,22510,22510,22510,83
20211013100951,22515,22515,22515,22515,416
20211013100951,22515,22515,22515,22515,1
20211013100952,22515,22515,22515,22515,382
20211013100952,22515,22515,22515,22515,5
20211013100954,22520,22520,22520,22520,1115
20211013100954,22515,22515,22515,22515,100
20211013100956,22520,22520,22520,22520,5
20211013100957,22520,22520,22520,22520,225
20211013100957,22520,22520,22520,22520,50
20211013100958,22520,22520,22520,22520,50
20211013101001,22525,22525,22525,22525,116
20211013101001,22530,22530,22530,22530,6
20211013101001,22530,22530,22530,22530,1064
20211013101002,22530,22530,22530,22530,1
20211013101003,22530,22530,22530,22530,50
20211013101004,22530,22530,22530,22530,1
20211013101005,22530,22530,22530,22530,500
20211013101005,22525,22525,22525,22525,500
20211013101006,22530,22530,22530,22530,17
20211013101007,22530,22530,22530,22530,11678
20211013101007,22530,22530,22530,22530,10
20211013101009,22530,22530,22530,22530,1
20211013101009,22535,22535,22535,22535,1
20211013101011,22530,22530,22530,22530,1
20211013101011,22530,22530,22530,22530,100
20211013101011,22525,22525,22525,22525,20
20211013101013,22520,22520,22520,22520,133
20211013101014,22520,22520,22520,22520,22
20211013101014,22525,22525,22525,22525,500
20211013101014,22530,22530,22530,22530,500
20211013101015,22530,22530,22530,22530,17
20211013101016,22530,22530,22530,22530,1
20211013101016,22530,22530,22530,22530,99
20211013101017,22530,22530,22530,22530,17
20211013101017,22530,22530,22530,22530,135
20211013101020,22535,22535,22535,22535,1674
20211013101022,22530,22530,22530,22530,1
20211013101025,22530,22530,22530,22530,15
20211013101026,22525,22525,22525,22525,1
20211013101026,22525,22525,22525,22525,20
20211013101028,22520,22520,22520,22520,2
20211013101028,22520,22520,22520,22520,500
20211013101030,22525,22525,22525,22525,1
20211013101030,22530,22530,22530,22530,19
20211013101032,22530,22530,22530,22530,1
20211013101032,22530,22530,22530,22530,2987
20211013101032,22535,22535,22535,22535,5023
20211013101033,22540,22540,22540,22540,1
20211013101033,22540,22540,22540,22540,8121
20211013101035,22540,22540,22540,22540,500
20211013101035,22540,22540,22540,22540,125
20211013101035,22540,22540,22540,22540,1212
20211013101035,22540,22540,22540,22540,163
20211013101035,22540,22540,22540,22540,150
20211013101035,22540,22540,22540,22540,1
20211013101036,22540,22540,22540,22540,1
20211013101036,22545,22545,22545,22545,8
20211013101037,22540,22540,22540,22540,51
20211013101037,22540,22540,22540,22540,12
20211013101037,22540,22540,22540,22540,389
20211013101038,22540,22540,22540,22540,50
20211013101039,22540,22540,22540,22540,94
20211013101040,22540,22540,22540,22540,1
20211013101042,22545,22545,22545,22545,46
20211013101042,22545,22545,22545,22545,1000
20211013101042,22545,22545,22545,22545,1000
20211013101043,22545,22545,22545,22545,1310
20211013101043,22540,22540,22540,22540,2
20211013101044,22540,22540,22540,22540,1
20211013101046,22540,22540,22540,22540,1
20211013101046,22545,22545,22545,22545,1
20211013101047,22545,22545,22545,22545,19
20211013101050,22540,22540,22540,22540,1
20211013101050,22540,22540,22540,22540,1
20211013101051,22545,22545,22545,22545,1
20211013101051,22540,22540,22540,22540,1
20211013101052,22540,22540,22540,22540,1
20211013101053,22540,22540,22540,22540,1000
20211013101056,22540,22540,22540,22540,10
20211013101056,22540,22540,22540,22540,1
20211013101056,22545,22545,22545,22545,1
20211013101057,22540,22540,22540,22540,89
20211013101058,22535,22535,22535,22535,1
20211013101058,22540,22540,22540,22540,26
20211013101058,22535,22535,22535,22535,156
20211013101100,22535,22535,22535,22535,50
20211013101100,22530,22530,22530,22530,1
20211013101100,22535,22535,22535,22535,1
20211013101100,22535,22535,22535,22535,1
20211013101100,22530,22530,22530,22530,1
20211013101103,22530,22530,22530,22530,1
20211013101104,22530,22530,22530,22530,1
20211013101106,22530,22530,22530,22530,1
20211013101106,22530,22530,22530,22530,5
20211013101106,22530,22530,22530,22530,1000
20211013101106,22535,22535,22535,22535,1263
20211013101109,22535,22535,22535,22535,1
20211013101109,22535,22535,22535,22535,1500
20211013101112,22540,22540,22540,22540,383
20211013101112,22535,22535,22535,22535,500
20211013101113,22540,22540,22540,22540,2
20211013101114,22530,22530,22530,22530,4
20211013101116,22540,22540,22540,22540,915
20211013101118,22545,22545,22545,22545,1
20211013101118,22545,22545,22545,22545,1
20211013101121,22545,22545,22545,22545,4613
20211013101121,22545,22545,22545,22545,4322
20211013101122,22540,22540,22540,22540,50
20211013101122,22540,22540,22540,22540,44
20211013101124,22540,22540,22540,22540,1
20211013101125,22540,22540,22540,22540,10
20211013101126,22545,22545,22545,22545,1
20211013101126,22540,22540,22540,22540,1
20211013101127,22540,22540,22540,22540,10
20211013101128,22545,22545,22545,22545,19
20211013101131,22540,22540,22540,22540,1
20211013101132,22540,22540,22540,22540,1
20211013101134,22545,22545,22545,22545,5998
20211013101135,22550,22550,22550,22550,1
20211013101136,22545,22545,22545,22545,1
20211013101136,22550,22550,22550,22550,2656
20211013101138,22555,22555,22555,22555,1
20211013101138,22550,22550,22550,22550,1
20211013101139,22550,22550,22550,22550,1
20211013101139,22550,22550,22550,22550,1
20211013101140,22555,22555,22555,22555,1
20211013101140,22555,22555,22555,22555,1
20211013101141,22555,22555,22555,22555,4706
20211013101142,22555,22555,22555,22555,1
20211013101143,22555,22555,22555,22555,3
20211013101143,22555,22555,22555,22555,1000
20211013101143,22555,22555,22555,22555,1
20211013101144,22555,22555,22555,22555,5
20211013101145,22560,22560,22560,22560,10
20211013101145,22560,22560,22560,22560,1
20211013101145,22560,22560,22560,22560,7945
20211013101145,22555,22555,22555,22555,1
20211013101147,22555,22555,22555,22555,1
20211013101147,22555,22555,22555,22555,1000
20211013101147,22555,22555,22555,22555,1
20211013101147,22560,22560,22560,22560,1
20211013101148,22560,22560,22560,22560,1
20211013101148,22560,22560,22560,22560,1
20211013101149,22560,22560,22560,22560,1
20211013101149,22560,22560,22560,22560,1
20211013101149,22560,22560,22560,22560,1
20211013101150,22560,22560,22560,22560,1
20211013101150,22555,22555,22555,22555,1351
20211013101150,22555,22555,22555,22555,1
20211013101150,22560,22560,22560,22560,1
20211013101150,22555,22555,22555,22555,5
20211013101151,22560,22560,22560,22560,1
20211013101151,22555,22555,22555,22555,30
20211013101151,22555,22555,22555,22555,1
20211013101152,22555,22555,22555,22555,1
20211013101152,22555,22555,22555,22555,30
20211013101152,22555,22555,22555,22555,1
20211013101152,22555,22555,22555,22555,1
20211013101152,22555,22555,22555,22555,1
20211013101153,22555,22555,22555,22555,1
20211013101153,22550,22550,22550,22550,10
20211013101153,22555,22555,22555,22555,1
20211013101154,22555,22555,22555,22555,1
20211013101154,22555,22555,22555,22555,2
20211013101154,22555,22555,22555,22555,1
20211013101154,22555,22555,22555,22555,1
20211013101154,22555,22555,22555,22555,1
20211013101155,22550,22550,22550,22550,20
20211013101155,22555,22555,22555,22555,1
20211013101155,22555,22555,22555,22555,5
20211013101155,22555,22555,22555,22555,1
20211013101156,22555,22555,22555,22555,1
20211013101156,22555,22555,22555,22555,1
20211013101157,22555,22555,22555,22555,500
20211013101157,22550,22550,22550,22550,3
20211013101157,22550,22550,22550,22550,1
20211013101158,22550,22550,22550,22550,2
20211013101158,22550,22550,22550,22550,1
20211013101159,22550,22550,22550,22550,1
20211013101159,22550,22550,22550,22550,1
20211013101159,22550,22550,22550,22550,1
20211013101200,22550,22550,22550,22550,1
20211013101200,22545,22545,22545,22545,67
20211013101200,22545,22545,22545,22545,1
20211013101200,22545,22545,22545,22545,1
20211013101200,22545,22545,22545,22545,112
20211013101200,22550,22550,22550,22550,1
20211013101201,22545,22545,22545,22545,200
20211013101205,22550,22550,22550,22550,10
20211013101211,22550,22550,22550,22550,76
20211013101213,22550,22550,22550,22550,9
20211013101213,22550,22550,22550,22550,217
20211013101214,22550,22550,22550,22550,1
20211013101215,22550,22550,22550,22550,100
20211013101216,22550,22550,22550,22550,1
20211013101216,22550,22550,22550,22550,99
20211013101217,22555,22555,22555,22555,1639
20211013101217,22550,22550,22550,22550,5
20211013101218,22560,22560,22560,22560,1
20211013101218,22555,22555,22555,22555,1
20211013101218,22555,22555,22555,22555,100
20211013101218,22560,22560,22560,22560,6051
20211013101220,22555,22555,22555,22555,1
20211013101220,22560,22560,22560,22560,1
20211013101221,22560,22560,22560,22560,40
20211013101221,22560,22560,22560,22560,36
20211013101221,22560,22560,22560,22560,20
20211013101222,22560,22560,22560,22560,500
20211013101222,22560,22560,22560,22560,774
20211013101222,22560,22560,22560,22560,20
20211013101223,22565,22565,22565,22565,1
20211013101223,22565,22565,22565,22565,2704
20211013101223,22565,22565,22565,22565,703
20211013101223,22560,22560,22560,22560,5
20211013101224,22565,22565,22565,22565,4544
20211013101224,22565,22565,22565,22565,50
20211013101224,22565,22565,22565,22565,1
20211013101224,22565,22565,22565,22565,1
20211013101224,22565,22565,22565,22565,20
20211013101224,22560,22560,22560,22560,20
20211013101226,22565,22565,22565,22565,20
20211013101226,22565,22565,22565,22565,20
20211013101226,22565,22565,22565,22565,1
20211013101226,22565,22565,22565,22565,120
20211013101227,22570,22570,22570,22570,1000
20211013101230,22570,22570,22570,22570,50
20211013101230,22570,22570,22570,22570,2385
20211013101230,22570,22570,22570,22570,20
20211013101230,22570,22570,22570,22570,1
20211013101230,22570,22570,22570,22570,100
20211013101230,22575,22575,22575,22575,1
20211013101231,22565,22565,22565,22565,5
20211013101231,22570,22570,22570,22570,1
20211013101231,22570,22570,22570,22570,1
20211013101232,22570,22570,22570,22570,1
20211013101232,22570,22570,22570,22570,47
20211013101232,22570,22570,22570,22570,500
20211013101232,22575,22575,22575,22575,10
20211013101232,22575,22575,22575,22575,1
20211013101232,22565,22565,22565,22565,44
20211013101232,22570,22570,22570,22570,50
20211013101233,22570,22570,22570,22570,200
20211013101234,22570,22570,22570,22570,1
20211013101235,22565,22565,22565,22565,1981
20211013101237,22570,22570,22570,22570,5
20211013101238,22570,22570,22570,22570,1
20211013101238,22570,22570,22570,22570,186
20211013101238,22570,22570,22570,22570,500
20211013101239,22570,22570,22570,22570,1
20211013101239,22570,22570,22570,22570,5
20211013101240,22570,22570,22570,22570,58
20211013101241,22570,22570,22570,22570,200
20211013101242,22570,22570,22570,22570,232
20211013101242,22570,22570,22570,22570,10
20211013101242,22570,22570,22570,22570,150
20211013101243,22570,22570,22570,22570,1
20211013101245,22570,22570,22570,22570,10
20211013101245,22570,22570,22570,22570,1
20211013101246,22575,22575,22575,22575,1
20211013101247,22570,22570,22570,22570,50
20211013101247,22570,22570,22570,22570,1
20211013101248,22575,22575,22575,22575,5
20211013101249,22575,22575,22575,22575,5
20211013101250,22570,22570,22570,22570,50
20211013101250,22575,22575,22575,22575,1
20211013101250,22570,22570,22570,22570,550
20211013101250,22575,22575,22575,22575,20
20211013101251,22570,22570,22570,22570,55
20211013101251,22570,22570,22570,22570,1
20211013101251,22575,22575,22575,22575,100
20211013101252,22575,22575,22575,22575,1608
20211013101254,22575,22575,22575,22575,5000
20211013101256,22575,22575,22575,22575,500
20211013101256,22570,22570,22570,22570,1
20211013101257,22575,22575,22575,22575,277
20211013101257,22570,22570,22570,22570,23618
20211013101258,22570,22570,22570,22570,1
20211013101258,22570,22570,22570,22570,30
20211013101259,22570,22570,22570,22570,1
20211013101259,22570,22570,22570,22570,12
20211013101303,22565,22565,22565,22565,103
20211013101303,22570,22570,22570,22570,500
20211013101305,22565,22565,22565,22565,50
20211013101306,22565,22565,22565,22565,500
20211013101306,22560,22560,22560,22560,500
20211013101307,22570,22570,22570,22570,50
20211013101307,22570,22570,22570,22570,500
20211013101310,22565,22565,22565,22565,27
20211013101314,22565,22565,22565,22565,5
20211013101314,22570,22570,22570,22570,775
20211013101314,22565,22565,22565,22565,50
20211013101315,22570,22570,22570,22570,1
20211013101317,22570,22570,22570,22570,5
20211013101318,22565,22565,22565,22565,1
20211013101318,22565,22565,22565,22565,20
20211013101318,22560,22560,22560,22560,1
20211013101320,22565,22565,22565,22565,500
20211013101323,22570,22570,22570,22570,50
20211013101325,22565,22565,22565,22565,5
20211013101326,22560,22560,22560,22560,892
20211013101327,22565,22565,22565,22565,30
20211013101329,22560,22560,22560,22560,1
20211013101331,22560,22560,22560,22560,150
20211013101333,22560,22560,22560,22560,5
20211013101334,22570,22570,22570,22570,500
20211013101336,22560,22560,22560,22560,52
20211013101337,22560,22560,22560,22560,30
20211013101337,22565,22565,22565,22565,142
20211013101337,22560,22560,22560,22560,5
20211013101339,22555,22555,22555,22555,275
20211013101339,22555,22555,22555,22555,1
20211013101339,22555,22555,22555,22555,19
20211013101342,22550,22550,22550,22550,5858
20211013101346,22545,22545,22545,22545,1
20211013101347,22550,22550,22550,22550,1
20211013101349,22545,22545,22545,22545,1
20211013101350,22550,22550,22550,22550,150
20211013101356,22545,22545,22545,22545,20
20211013101357,22550,22550,22550,22550,1
20211013101357,22550,22550,22550,22550,4276
20211013101357,22555,22555,22555,22555,1
20211013101357,22550,22550,22550,22550,1
20211013101358,22550,22550,22550,22550,20
20211013101359,22555,22555,22555,22555,1
20211013101401,22550,22550,22550,22550,5
20211013101404,22550,22550,22550,22550,1
20211013101404,22550,22550,22550,22550,529
20211013101405,22555,22555,22555,22555,75
20211013101407,22550,22550,22550,22550,30
20211013101408,22550,22550,22550,22550,10
20211013101408,22545,22545,22545,22545,1314
20211013101408,22545,22545,22545,22545,500
20211013101408,22545,22545,22545,22545,531
20211013101408,22545,22545,22545,22545,31
20211013101408,22545,22545,22545,22545,500
20211013101408,22545,22545,22545,22545,31
20211013101408,22545,22545,22545,22545,500
20211013101408,22545,22545,22545,22545,31
20211013101408,22545,22545,22545,22545,500
20211013101408,22545,22545,22545,22545,62
20211013101409,22545,22545,22545,22545,450
20211013101409,22550,22550,22550,22550,1
20211013101411,22550,22550,22550,22550,1
20211013101412,22545,22545,22545,22545,1388
20211013101413,22545,22545,22545,22545,30
20211013101413,22540,22540,22540,22540,2692
20211013101414,22540,22540,22540,22540,500
20211013101416,22545,22545,22545,22545,100
20211013101416,22540,22540,22540,22540,5
20211013101418,22540,22540,22540,22540,10486
20211013101418,22540,22540,22540,22540,4000
20211013101419,22540,22540,22540,22540,30
20211013101421,22540,22540,22540,22540,10
20211013101421,22540,22540,22540,22540,443
20211013101421,22540,22540,22540,22540,1
20211013101424,22540,22540,22540,22540,1
20211013101426,22540,22540,22540,22540,1
20211013101428,22535,22535,22535,22535,150
20211013101433,22545,22545,22545,22545,2856
20211013101434,22540,22540,22540,22540,100
20211013101435,22545,22545,22545,22545,330
20211013101438,22545,22545,22545,22545,9
20211013101438,22545,22545,22545,22545,15
20211013101439,22545,22545,22545,22545,1
20211013101443,22540,22540,22540,22540,10
20211013101443,22540,22540,22540,22540,56
20211013101444,22535,22535,22535,22535,433
20211013101449,22535,22535,22535,22535,1
20211013101451,22535,22535,22535,22535,8
20211013101452,22535,22535,22535,22535,1
20211013101452,22535,22535,22535,22535,360
20211013101452,22535,22535,22535,22535,500
20211013101454,22535,22535,22535,22535,1
20211013101455,22535,22535,22535,22535,5
20211013101455,22530,22530,22530,22530,1
20211013101455,22530,22530,22530,22530,1720
20211013101457,22530,22530,22530,22530,1
20211013101457,22530,22530,22530,22530,1
20211013101458,22530,22530,22530,22530,10
20211013101501,22530,22530,22530,22530,1326
20211013101501,22535,22535,22535,22535,6
20211013101501,22535,22535,22535,22535,1
20211013101501,22535,22535,22535,22535,93
20211013101501,22540,22540,22540,22540,500
20211013101502,22545,22545,22545,22545,1
20211013101502,22540,22540,22540,22540,3
20211013101502,22545,22545,22545,22545,1
20211013101502,22545,22545,22545,22545,598
20211013101502,22545,22545,22545,22545,200
20211013101503,22545,22545,22545,22545,28
20211013101504,22545,22545,22545,22545,100
20211013101504,22540,22540,22540,22540,1000
20211013101505,22545,22545,22545,22545,1
20211013101505,22540,22540,22540,22540,1
20211013101505,22545,22545,22545,22545,400
20211013101506,22550,22550,22550,22550,1
20211013101506,22550,22550,22550,22550,8340
20211013101506,22545,22545,22545,22545,100
20211013101507,22550,22550,22550,22550,18
20211013101508,22545,22545,22545,22545,32
20211013101509,22545,22545,22545,22545,1
20211013101510,22550,22550,22550,22550,20
20211013101512,22550,22550,22550,22550,1421
20211013101513,22545,22545,22545,22545,22
20211013101513,22550,22550,22550,22550,25
20211013101515,22550,22550,22550,22550,110
20211013101517,22550,22550,22550,22550,100
20211013101519,22550,22550,22550,22550,898
20211013101520,22545,22545,22545,22545,1
20211013101524,22545,22545,22545,22545,5
20211013101526,22545,22545,22545,22545,3626
20211013101528,22545,22545,22545,22545,96
20211013101528,22545,22545,22545,22545,4
20211013101529,22540,22540,22540,22540,209
20211013101530,22540,22540,22540,22540,500
20211013101532,22535,22535,22535,22535,64
20211013101533,22535,22535,22535,22535,10
20211013101534,22535,22535,22535,22535,2
20211013101543,22530,22530,22530,22530,554
20211013101543,22530,22530,22530,22530,500
20211013101543,22530,22530,22530,22530,500
20211013101543,22530,22530,22530,22530,125
20211013101543,22530,22530,22530,22530,1
20211013101543,22535,22535,22535,22535,1
20211013101548,22530,22530,22530,22530,236
20211013101551,22530,22530,22530,22530,2
20211013101551,22525,22525,22525,22525,1
20211013101551,22525,22525,22525,22525,567
20211013101552,22520,22520,22520,22520,1
20211013101552,22520,22520,22520,22520,1
20211013101552,22520,22520,22520,22520,1113
20211013101553,22520,22520,22520,22520,500
20211013101553,22520,22520,22520,22520,50
20211013101553,22515,22515,22515,22515,290
20211013101555,22515,22515,22515,22515,1
20211013101556,22520,22520,22520,22520,1
20211013101557,22520,22520,22520,22520,1
20211013101557,22525,22525,22525,22525,1
20211013101600,22525,22525,22525,22525,20
20211013101600,22520,22520,22520,22520,400
20211013101601,22515,22515,22515,22515,2085
20211013101602,22520,22520,22520,22520,2
20211013101602,22525,22525,22525,22525,1
20211013101602,22515,22515,22515,22515,9000
20211013101603,22515,22515,22515,22515,20
20211013101604,22520,22520,22520,22520,40
20211013101604,22525,22525,22525,22525,260
20211013101605,22520,22520,22520,22520,1
20211013101605,22520,22520,22520,22520,1000
20211013101607,22520,22520,22520,22520,41
20211013101608,22520,22520,22520,22520,1
20211013101608,22520,22520,22520,22520,1
20211013101608,22520,22520,22520,22520,1974
20211013101608,22520,22520,22520,22520,200
20211013101608,22520,22520,22520,22520,50
20211013101609,22525,22525,22525,22525,1
20211013101611,22520,22520,22520,22520,5
20211013101611,22520,22520,22520,22520,30
20211013101618,22520,22520,22520,22520,2550
20211013101619,22520,22520,22520,22520,200
20211013101621,22525,22525,22525,22525,196
20211013101621,22520,22520,22520,22520,1
20211013101621,22520,22520,22520,22520,50
20211013101622,22520,22520,22520,22520,500
20211013101622,22520,22520,22520,22520,125
20211013101622,22520,22520,22520,22520,336
20211013101627,22525,22525,22525,22525,1
20211013101627,22525,22525,22525,22525,537
20211013101628,22530,22530,22530,22530,5
20211013101630,22530,22530,22530,22530,55
20211013101632,22530,22530,22530,22530,1
20211013101637,22530,22530,22530,22530,1
20211013101637,22535,22535,22535,22535,1
20211013101637,22535,22535,22535,22535,11
20211013101637,22530,22530,22530,22530,1
20211013101639,22535,22535,22535,22535,666
20211013101641,22535,22535,22535,22535,50
20211013101641,22535,22535,22535,22535,62
20211013101642,22535,22535,22535,22535,10
20211013101643,22535,22535,22535,22535,20
20211013101644,22530,22530,22530,22530,12200
20211013101644,22530,22530,22530,22530,600
20211013101645,22525,22525,22525,22525,1
20211013101645,22525,22525,22525,22525,2
20211013101645,22520,22520,22520,22520,559
20211013101646,22515,22515,22515,22515,616
20211013101646,22515,22515,22515,22515,293
20211013101647,22520,22520,22520,22520,11
20211013101648,22520,22520,22520,22520,246
20211013101650,22520,22520,22520,22520,1
20211013101650,22520,22520,22520,22520,342
20211013101650,22515,22515,22515,22515,104
20211013101651,22525,22525,22525,22525,1000
20211013101652,22515,22515,22515,22515,46
20211013101654,22520,22520,22520,22520,1
20211013101654,22520,22520,22520,22520,100
20211013101656,22520,22520,22520,22520,10
20211013101657,22525,22525,22525,22525,1
20211013101657,22525,22525,22525,22525,242
20211013101657,22525,22525,22525,22525,10
20211013101658,22520,22520,22520,22520,20000
20211013101659,22525,22525,22525,22525,5
20211013101700,22520,22520,22520,22520,1
20211013101701,22520,22520,22520,22520,4
20211013101701,22520,22520,22520,22520,1
20211013101701,22520,22520,22520,22520,10
20211013101701,22520,22520,22520,22520,1
20211013101703,22520,22520,22520,22520,157
20211013101703,22515,22515,22515,22515,1
20211013101704,22515,22515,22515,22515,5
20211013101704,22520,22520,22520,22520,1000
20211013101704,22515,22515,22515,22515,210
20211013101708,22510,22510,22510,22510,1
20211013101708,22510,22510,22510,22510,500
20211013101708,22510,22510,22510,22510,1
20211013101708,22510,22510,22510,22510,1
20211013101710,22515,22515,22515,22515,50
20211013101710,22510,22510,22510,22510,1
20211013101711,22515,22515,22515,22515,1251
20211013101712,22510,22510,22510,22510,800
20211013101712,22515,22515,22515,22515,100
20211013101712,22510,22510,22510,22510,500
20211013101712,22510,22510,22510,22510,172
20211013101714,22520,22520,22520,22520,1
20211013101714,22520,22520,22520,22520,998
20211013101715,22520,22520,22520,22520,50
20211013101715,22525,22525,22525,22525,1
20211013101715,22525,22525,22525,22525,1
20211013101715,22520,22520,22520,22520,1
20211013101715,22520,22520,22520,22520,25
20211013101715,22520,22520,22520,22520,1
20211013101716,22525,22525,22525,22525,1
20211013101716,22525,22525,22525,22525,1
20211013101716,22525,22525,22525,22525,2001
20211013101718,22520,22520,22520,22520,200
20211013101718,22520,22520,22520,22520,150
20211013101719,22520,22520,22520,22520,1723
20211013101722,22520,22520,22520,22520,23
20211013101722,22520,22520,22520,22520,8
20211013101722,22520,22520,22520,22520,445
20211013101723,22525,22525,22525,22525,16
20211013101725,22520,22520,22520,22520,17
20211013101728,22520,22520,22520,22520,220
20211013101728,22525,22525,22525,22525,1
20211013101728,22525,22525,22525,22525,452
20211013101732,22525,22525,22525,22525,1
20211013101733,22520,22520,22520,22520,10
20211013101734,22515,22515,22515,22515,226
20211013101735,22520,22520,22520,22520,22
20211013101735,22520,22520,22520,22520,1
20211013101736,22515,22515,22515,22515,1000
20211013101736,22510,22510,22510,22510,44
20211013101736,22515,22515,22515,22515,1
20211013101736,22510,22510,22510,22510,1
20211013101736,22510,22510,22510,22510,1
20211013101738,22515,22515,22515,22515,1
20211013101738,22510,22510,22510,22510,1
20211013101738,22515,22515,22515,22515,1
20211013101738,22515,22515,22515,22515,2
20211013101740,22510,22510,22510,22510,10
20211013101741,22515,22515,22515,22515,1
20211013101741,22515,22515,22515,22515,1
20211013101741,22515,22515,22515,22515,1
20211013101741,22510,22510,22510,22510,1
20211013101743,22510,22510,22510,22510,10
20211013101743,22510,22510,22510,22510,1
20211013101743,22510,22510,22510,22510,818
20211013101745,22505,22505,22505,22505,2000
20211013101746,22510,22510,22510,22510,1
20211013101748,22505,22505,22505,22505,3399
20211013101748,22505,22505,22505,22505,1407
20211013101748,22505,22505,22505,22505,194
20211013101749,22510,22510,22510,22510,888
20211013101749,22510,22510,22510,22510,1
20211013101750,22510,22510,22510,22510,10
20211013101751,22515,22515,22515,22515,1
20211013101751,22515,22515,22515,22515,2234
20211013101752,22520,22520,22520,22520,5
20211013101752,22520,22520,22520,22520,5
20211013101752,22520,22520,22520,22520,1
20211013101753,22520,22520,22520,22520,1
20211013101753,22520,22520,22520,22520,430
20211013101754,22515,22515,22515,22515,1
20211013101758,22520,22520,22520,22520,11
20211013101758,22520,22520,22520,22520,1
20211013101800,22515,22515,22515,22515,1
20211013101801,22515,22515,22515,22515,1
20211013101802,22510,22510,22510,22510,1
20211013101803,22510,22510,22510,22510,11
20211013101803,22505,22505,22505,22505,1
20211013101804,22510,22510,22510,22510,1
20211013101804,22510,22510,22510,22510,1000
20211013101804,22510,22510,22510,22510,1
20211013101804,22510,22510,22510,22510,10
20211013101805,22515,22515,22515,22515,803
20211013101806,22510,22510,22510,22510,5
20211013101806,22515,22515,22515,22515,1
20211013101808,22510,22510,22510,22510,1
20211013101810,22510,22510,22510,22510,3
20211013101810,22505,22505,22505,22505,29
20211013101811,22505,22505,22505,22505,500
20211013101813,22505,22505,22505,22505,876
20211013101813,22500,22500,22500,22500,1
20211013101813,22505,22505,22505,22505,1
20211013101813,22500,22500,22500,22500,1
20211013101813,22500,22500,22500,22500,1
20211013101813,22500,22500,22500,22500,500
20211013101813,22500,22500,22500,22500,7552
20211013101814,22495,22495,22495,22495,1000
20211013101814,22500,22500,22500,22500,3
20211013101814,22500,22500,22500,22500,1
20211013101814,22495,22495,22495,22495,1
20211013101814,22495,22495,22495,22495,1000
20211013101814,22495,22495,22495,22495,1
20211013101815,22495,22495,22495,22495,1
20211013101815,22500,22500,22500,22500,1
20211013101815,22495,22495,22495,22495,3972
20211013101816,22495,22495,22495,22495,1
20211013101816,22495,22495,22495,22495,1
20211013101818,22490,22490,22490,22490,7
20211013101818,22490,22490,22490,22490,500
20211013101818,22495,22495,22495,22495,2
20211013101819,22495,22495,22495,22495,50
20211013101820,22495,22495,22495,22495,5
20211013101820,22490,22490,22490,22490,5
20211013101821,22495,22495,22495,22495,1
20211013101822,22490,22490,22490,22490,5794
20211013101822,22490,22490,22490,22490,369
20211013101822,22490,22490,22490,22490,158
20211013101822,22490,22490,22490,22490,158
20211013101822,22490,22490,22490,22490,158
20211013101822,22490,22490,22490,22490,157
20211013101822,22485,22485,22485,22485,1
20211013101823,22485,22485,22485,22485,1731
20211013101823,22485,22485,22485,22485,500
20211013101823,22485,22485,22485,22485,1
20211013101823,22485,22485,22485,22485,1
20211013101823,22485,22485,22485,22485,198
20211013101823,22485,22485,22485,22485,32
20211013101823,22480,22480,22480,22480,500
20211013101823,22480,22480,22480,22480,759
20211013101823,22480,22480,22480,22480,500
20211013101824,22480,22480,22480,22480,40
20211013101825,22485,22485,22485,22485,1
20211013101826,22480,22480,22480,22480,5
20211013101826,22485,22485,22485,22485,1
20211013101826,22480,22480,22480,22480,100
20211013101827,22485,22485,22485,22485,5
20211013101827,22485,22485,22485,22485,1000
20211013101828,22480,22480,22480,22480,500
20211013101828,22475,22475,22475,22475,2000
20211013101829,22480,22480,22480,22480,500
20211013101829,22485,22485,22485,22485,100
20211013101829,22485,22485,22485,22485,1
20211013101829,22485,22485,22485,22485,4
20211013101829,22485,22485,22485,22485,5
20211013101830,22485,22485,22485,22485,2
20211013101831,22485,22485,22485,22485,30
20211013101831,22480,22480,22480,22480,20
20211013101831,22485,22485,22485,22485,1
20211013101831,22485,22485,22485,22485,1666
20211013101834,22485,22485,22485,22485,50
20211013101835,22485,22485,22485,22485,5
20211013101835,22485,22485,22485,22485,44
20211013101836,22480,22480,22480,22480,1
20211013101836,22485,22485,22485,22485,125
20211013101836,22480,22480,22480,22480,1
20211013101840,22485,22485,22485,22485,45
20211013101840,22485,22485,22485,22485,500
20211013101840,22480,22480,22480,22480,454
20211013101841,22480,22480,22480,22480,1
20211013101841,22480,22480,22480,22480,1
20211013101841,22480,22480,22480,22480,516
20211013101841,22475,22475,22475,22475,2227
20211013101841,22475,22475,22475,22475,500
20211013101841,22470,22470,22470,22470,5837
20211013101842,22475,22475,22475,22475,10
20211013101842,22465,22465,22465,22465,363
20211013101842,22460,22460,22460,22460,1
20211013101842,22460,22460,22460,22460,1
20211013101842,22465,22465,22465,22465,4
20211013101842,22460,22460,22460,22460,1
20211013101842,22460,22460,22460,22460,1
20211013101842,22460,22460,22460,22460,1
20211013101842,22460,22460,22460,22460,2375
20211013101843,22465,22465,22465,22465,996
20211013101844,22460,22460,22460,22460,1271
20211013101844,22470,22470,22470,22470,1
20211013101844,22465,22465,22465,22465,1
20211013101845,22465,22465,22465,22465,500
20211013101845,22465,22465,22465,22465,10
20211013101846,22465,22465,22465,22465,325
20211013101846,22465,22465,22465,22465,30
20211013101846,22465,22465,22465,22465,500
20211013101846,22465,22465,22465,22465,1
20211013101846,22465,22465,22465,22465,1
20211013101846,22465,22465,22465,22465,498
20211013101847,22460,22460,22460,22460,4486
20211013101847,22455,22455,22455,22455,10500
20211013101847,22455,22455,22455,22455,1000
20211013101847,22455,22455,22455,22455,52
20211013101848,22450,22450,22450,22450,2085
20211013101848,22450,22450,22450,22450,3849
20211013101848,22445,22445,22445,22445,501
20211013101848,22450,22450,22450,22450,3085
20211013101849,22455,22455,22455,22455,92
20211013101849,22455,22455,22455,22455,2066
20211013101849,22450,22450,22450,22450,1
20211013101849,22450,22450,22450,22450,6001
20211013101850,22450,22450,22450,22450,1
20211013101850,22450,22450,22450,22450,1
20211013101850,22450,22450,22450,22450,50
20211013101850,22450,22450,22450,22450,2035
20211013101851,22450,22450,22450,22450,500
20211013101852,22450,22450,22450,22450,3000
20211013101853,22460,22460,22460,22460,8
20211013101854,22450,22450,22450,22450,10
20211013101854,22450,22450,22450,22450,320
20211013101855,22460,22460,22460,22460,1
20211013101855,22455,22455,22455,22455,1
20211013101855,22455,22455,22455,22455,1
20211013101855,22460,22460,22460,22460,300
20211013101856,22460,22460,22460,22460,1
20211013101856,22460,22460,22460,22460,343
20211013101856,22465,22465,22465,22465,10
20211013101856,22460,22460,22460,22460,20
20211013101856,22470,22470,22470,22470,1500
20211013101857,22470,22470,22470,22470,10
20211013101857,22470,22470,22470,22470,1
20211013101857,22470,22470,22470,22470,1
20211013101858,22465,22465,22465,22465,20
20211013101858,22460,22460,22460,22460,15
20211013101859,22470,22470,22470,22470,1
20211013101859,22470,22470,22470,22470,1
20211013101859,22470,22470,22470,22470,1
20211013101859,22465,22465,22465,22465,1
20211013101859,22465,22465,22465,22465,1
20211013101859,22470,22470,22470,22470,3641
20211013101859,22470,22470,22470,22470,500
20211013101859,22465,22465,22465,22465,4
20211013101900,22465,22465,22465,22465,9000
20211013101900,22465,22465,22465,22465,1
20211013101900,22470,22470,22470,22470,1
20211013101900,22465,22465,22465,22465,139
20211013101901,22475,22475,22475,22475,50
20211013101901,22465,22465,22465,22465,100
20211013101902,22470,22470,22470,22470,50
20211013101902,22465,22465,22465,22465,1
20211013101902,22470,22470,22470,22470,1
20211013101902,22470,22470,22470,22470,1
20211013101902,22470,22470,22470,22470,1
20211013101904,22470,22470,22470,22470,1
20211013101907,22470,22470,22470,22470,10
20211013101907,22470,22470,22470,22470,1
20211013101908,22470,22470,22470,22470,193
20211013101908,22470,22470,22470,22470,1
20211013101909,22475,22475,22475,22475,1
20211013101909,22475,22475,22475,22475,2781
20211013101910,22475,22475,22475,22475,200
20211013101910,22475,22475,22475,22475,1
20211013101912,22475,22475,22475,22475,9827
20211013101912,22475,22475,22475,22475,319
20211013101913,22480,22480,22480,22480,10
20211013101913,22480,22480,22480,22480,500
20211013101913,22480,22480,22480,22480,10
20211013101914,22480,22480,22480,22480,70
20211013101914,22480,22480,22480,22480,1000
20211013101914,22485,22485,22485,22485,10
20211013101914,22485,22485,22485,22485,500
20211013101915,22480,22480,22480,22480,1
20211013101915,22475,22475,22475,22475,51
20211013101915,22480,22480,22480,22480,150
20211013101916,22480,22480,22480,22480,1
20211013101916,22480,22480,22480,22480,20
20211013101916,22480,22480,22480,22480,5
20211013101917,22485,22485,22485,22485,1
20211013101917,22485,22485,22485,22485,1
20211013101917,22480,22480,22480,22480,464
20211013101917,22480,22480,22480,22480,1
20211013101917,22485,22485,22485,22485,1
20211013101917,22485,22485,22485,22485,3193
20211013101918,22490,22490,22490,22490,1
20211013101918,22490,22490,22490,22490,500
20211013101918,22485,22485,22485,22485,300
20211013101918,22485,22485,22485,22485,14
20211013101918,22485,22485,22485,22485,1
20211013101919,22490,22490,22490,22490,114
20211013101920,22495,22495,22495,22495,1
20211013101920,22495,22495,22495,22495,500
20211013101921,22490,22490,22490,22490,40
20211013101921,22485,22485,22485,22485,1
20211013101922,22490,22490,22490,22490,1
20211013101923,22485,22485,22485,22485,9
20211013101923,22490,22490,22490,22490,23
20211013101924,22490,22490,22490,22490,50
20211013101924,22485,22485,22485,22485,100
20211013101925,22485,22485,22485,22485,46
20211013101926,22490,22490,22490,22490,49
20211013101926,22485,22485,22485,22485,484
20211013101927,22490,22490,22490,22490,1
20211013101929,22490,22490,22490,22490,2
20211013101929,22485,22485,22485,22485,1
20211013101930,22485,22485,22485,22485,4
20211013101930,22490,22490,22490,22490,1
20211013101930,22490,22490,22490,22490,1
20211013101930,22490,22490,22490,22490,1020
20211013101931,22490,22490,22490,22490,1
20211013101931,22485,22485,22485,22485,50
20211013101931,22490,22490,22490,22490,37
20211013101931,22485,22485,22485,22485,1
20211013101932,22495,22495,22495,22495,1
20211013101932,22490,22490,22490,22490,5
20211013101933,22490,22490,22490,22490,5
20211013101935,22490,22490,22490,22490,1
20211013101936,22490,22490,22490,22490,1
20211013101936,22490,22490,22490,22490,6
20211013101937,22490,22490,22490,22490,200
20211013101938,22490,22490,22490,22490,5000
20211013101939,22490,22490,22490,22490,1
20211013101939,22490,22490,22490,22490,2
20211013101940,22495,22495,22495,22495,1
20211013101940,22490,22490,22490,22490,13
20211013101940,22485,22485,22485,22485,87
20211013101942,22485,22485,22485,22485,50
20211013101942,22490,22490,22490,22490,5
20211013101943,22490,22490,22490,22490,1
20211013101944,22490,22490,22490,22490,49
20211013101946,22490,22490,22490,22490,34
20211013101947,22490,22490,22490,22490,138
20211013101949,22490,22490,22490,22490,1
20211013101949,22490,22490,22490,22490,1
20211013101949,22490,22490,22490,22490,129
20211013101950,22485,22485,22485,22485,1
20211013101951,22490,22490,22490,22490,1
20211013101952,22490,22490,22490,22490,500
20211013101952,22490,22490,22490,22490,1
20211013101954,22490,22490,22490,22490,216
20211013101954,22490,22490,22490,22490,1
20211013101955,22490,22490,22490,22490,1
20211013101955,22490,22490,22490,22490,1
20211013101955,22490,22490,22490,22490,10
20211013101955,22490,22490,22490,22490,5
20211013101955,22490,22490,22490,22490,1
20211013101955,22490,22490,22490,22490,1
20211013101956,22490,22490,22490,22490,1
20211013101956,22490,22490,22490,22490,1
20211013101956,22485,22485,22485,22485,4363
20211013101956,22490,22490,22490,22490,1
20211013101956,22490,22490,22490,22490,25
20211013101956,22490,22490,22490,22490,1
20211013101957,22490,22490,22490,22490,1
20211013101957,22490,22490,22490,22490,1
20211013101958,22490,22490,22490,22490,1
20211013101958,22490,22490,22490,22490,1
20211013101958,22490,22490,22490,22490,1
20211013101958,22490,22490,22490,22490,1
20211013101959,22490,22490,22490,22490,1
20211013102001,22485,22485,22485,22485,1
20211013102001,22485,22485,22485,22485,3
20211013102001,22480,22480,22480,22480,1
20211013102001,22485,22485,22485,22485,1
20211013102001,22485,22485,22485,22485,6
20211013102001,22480,22480,22480,22480,1215
20211013102001,22480,22480,22480,22480,1
20211013102001,22485,22485,22485,22485,1
20211013102002,22485,22485,22485,22485,1
20211013102002,22485,22485,22485,22485,1
20211013102002,22485,22485,22485,22485,10
20211013102002,22485,22485,22485,22485,10
20211013102002,22480,22480,22480,22480,1
20211013102005,22485,22485,22485,22485,500
20211013102005,22480,22480,22480,22480,100
20211013102006,22485,22485,22485,22485,1
20211013102007,22480,22480,22480,22480,17
20211013102009,22485,22485,22485,22485,1
20211013102010,22480,22480,22480,22480,344
20211013102010,22480,22480,22480,22480,1
20211013102011,22480,22480,22480,22480,100
20211013102011,22475,22475,22475,22475,1876
20211013102011,22480,22480,22480,22480,44
20211013102011,22475,22475,22475,22475,500
20211013102011,22480,22480,22480,22480,1
20211013102011,22480,22480,22480,22480,1
20211013102012,22475,22475,22475,22475,1
20211013102012,22475,22475,22475,22475,1
20211013102012,22470,22470,22470,22470,1273
20211013102012,22475,22475,22475,22475,1
20211013102013,22470,22470,22470,22470,1
20211013102013,22470,22470,22470,22470,1
20211013102013,22470,22470,22470,22470,1
20211013102013,22470,22470,22470,22470,1
20211013102013,22465,22465,22465,22465,290
20211013102014,22470,22470,22470,22470,1
20211013102014,22470,22470,22470,22470,400
20211013102015,22465,22465,22465,22465,1
20211013102017,22470,22470,22470,22470,1
20211013102017,22470,22470,22470,22470,10
20211013102017,22465,22465,22465,22465,3
20211013102018,22470,22470,22470,22470,1
20211013102018,22465,22465,22465,22465,3
20211013102018,22470,22470,22470,22470,1
20211013102018,22470,22470,22470,22470,50
20211013102019,22465,22465,22465,22465,1
20211013102019,22465,22465,22465,22465,1
20211013102019,22465,22465,22465,22465,1
20211013102019,22465,22465,22465,22465,2084
20211013102019,22470,22470,22470,22470,455
20211013102020,22465,22465,22465,22465,2
20211013102020,22465,22465,22465,22465,23
20211013102021,22465,22465,22465,22465,1
20211013102021,22465,22465,22465,22465,226
20211013102021,22465,22465,22465,22465,1
20211013102021,22465,22465,22465,22465,500
20211013102022,22465,22465,22465,22465,503
20211013102022,22465,22465,22465,22465,1
20211013102022,22465,22465,22465,22465,1
20211013102023,22465,22465,22465,22465,1
20211013102023,22465,22465,22465,22465,516
20211013102023,22465,22465,22465,22465,1
20211013102024,22470,22470,22470,22470,1
20211013102024,22470,22470,22470,22470,2194
20211013102024,22470,22470,22470,22470,295
20211013102024,22470,22470,22470,22470,1
20211013102025,22470,22470,22470,22470,10
20211013102026,22475,22475,22475,22475,1
20211013102026,22465,22465,22465,22465,229
20211013102026,22465,22465,22465,22465,1
20211013102026,22460,22460,22460,22460,1
20211013102026,22465,22465,22465,22465,1
20211013102026,22465,22465,22465,22465,1
20211013102026,22460,22460,22460,22460,11523
20211013102027,22460,22460,22460,22460,1
20211013102027,22460,22460,22460,22460,500
20211013102027,22465,22465,22465,22465,1
20211013102027,22460,22460,22460,22460,100
20211013102028,22465,22465,22465,22465,5
20211013102028,22460,22460,22460,22460,1
20211013102028,22455,22455,22455,22455,2778
20211013102028,22460,22460,22460,22460,1
20211013102028,22460,22460,22460,22460,1
20211013102028,22455,22455,22455,22455,500
20211013102028,22460,22460,22460,22460,1
20211013102029,22460,22460,22460,22460,20
20211013102029,22460,22460,22460,22460,1
20211013102029,22455,22455,22455,22455,1
20211013102030,22455,22455,22455,22455,1
20211013102030,22455,22455,22455,22455,20
20211013102030,22455,22455,22455,22455,1
20211013102031,22455,22455,22455,22455,1
20211013102031,22455,22455,22455,22455,20
20211013102031,22455,22455,22455,22455,1
20211013102031,22455,22455,22455,22455,1
20211013102032,22455,22455,22455,22455,1
20211013102032,22455,22455,22455,22455,20
20211013102032,22455,22455,22455,22455,1
20211013102032,22455,22455,22455,22455,1
20211013102033,22455,22455,22455,22455,20
20211013102033,22455,22455,22455,22455,1
20211013102033,22455,22455,22455,22455,20
20211013102033,22455,22455,22455,22455,1
20211013102033,22450,22450,22450,22450,1
20211013102033,22450,22450,22450,22450,3760
20211013102033,22450,22450,22450,22450,2512
20211013102033,22450,22450,22450,22450,1
20211013102034,22450,22450,22450,22450,200
20211013102034,22450,22450,22450,22450,1
20211013102034,22450,22450,22450,22450,20
20211013102034,22450,22450,22450,22450,50
20211013102034,22450,22450,22450,22450,10
20211013102035,22450,22450,22450,22450,1
20211013102035,22450,22450,22450,22450,1
20211013102035,22450,22450,22450,22450,50
20211013102035,22450,22450,22450,22450,20
20211013102035,22450,22450,22450,22450,1
20211013102035,22450,22450,22450,22450,5
20211013102036,22450,22450,22450,22450,1
20211013102036,22450,22450,22450,22450,1
20211013102036,22450,22450,22450,22450,1
20211013102036,22450,22450,22450,22450,1476
20211013102037,22450,22450,22450,22450,8
20211013102037,22455,22455,22455,22455,4719
20211013102038,22455,22455,22455,22455,1
20211013102038,22460,22460,22460,22460,1
20211013102039,22450,22450,22450,22450,1
20211013102039,22450,22450,22450,22450,62
20211013102039,22450,22450,22450,22450,1
20211013102039,22455,22455,22455,22455,1
20211013102040,22455,22455,22455,22455,20
20211013102040,22450,22450,22450,22450,1
20211013102040,22450,22450,22450,22450,4
20211013102040,22445,22445,22445,22445,10
20211013102041,22450,22450,22450,22450,500
20211013102042,22450,22450,22450,22450,10
20211013102043,22455,22455,22455,22455,1
20211013102044,22455,22455,22455,22455,10
20211013102045,22450,22450,22450,22450,396
20211013102046,22450,22450,22450,22450,100
20211013102047,22455,22455,22455,22455,1
20211013102047,22450,22450,22450,22450,187
20211013102047,22455,22455,22455,22455,5
20211013102047,22455,22455,22455,22455,129
20211013102047,22455,22455,22455,22455,2869
20211013102050,22455,22455,22455,22455,100
20211013102050,22450,22450,22450,22450,2228
20211013102051,22455,22455,22455,22455,1
20211013102051,22455,22455,22455,22455,1
20211013102053,22455,22455,22455,22455,24
20211013102054,22455,22455,22455,22455,749
20211013102054,22455,22455,22455,22455,230
20211013102055,22460,22460,22460,22460,1553
20211013102056,22460,22460,22460,22460,1
20211013102057,22465,22465,22465,22465,1
20211013102057,22465,22465,22465,22465,10
20211013102058,22460,22460,22460,22460,100
20211013102058,22460,22460,22460,22460,1
20211013102100,22455,22455,22455,22455,500
20211013102100,22455,22455,22455,22455,1
20211013102100,22455,22455,22455,22455,1
20211013102100,22455,22455,22455,22455,10819
20211013102100,22450,22450,22450,22450,1
20211013102101,22455,22455,22455,22455,50
20211013102101,22455,22455,22455,22455,44
20211013102101,22455,22455,22455,22455,89
20211013102102,22460,22460,22460,22460,1
20211013102103,22455,22455,22455,22455,64
20211013102104,22455,22455,22455,22455,45
20211013102104,22450,22450,22450,22450,151
20211013102104,22455,22455,22455,22455,20
20211013102105,22455,22455,22455,22455,20
20211013102105,22455,22455,22455,22455,1
20211013102105,22455,22455,22455,22455,10
20211013102106,22455,22455,22455,22455,20
20211013102106,22450,22450,22450,22450,89
20211013102106,22455,22455,22455,22455,25
20211013102106,22450,22450,22450,22450,1
20211013102106,22450,22450,22450,22450,4119
20211013102106,22450,22450,22450,22450,1000
20211013102106,22450,22450,22450,22450,20
20211013102107,22450,22450,22450,22450,20
20211013102107,22450,22450,22450,22450,25
20211013102107,22450,22450,22450,22450,20
20211013102109,22455,22455,22455,22455,1
20211013102109,22450,22450,22450,22450,20
20211013102109,22445,22445,22445,22445,1
20211013102109,22450,22450,22450,22450,20
20211013102109,22445,22445,22445,22445,500
20211013102110,22450,22450,22450,22450,311
20211013102110,22450,22450,22450,22450,100
20211013102110,22450,22450,22450,22450,1
20211013102110,22450,22450,22450,22450,619
20211013102110,22450,22450,22450,22450,20
20211013102112,22450,22450,22450,22450,20
20211013102112,22450,22450,22450,22450,30
20211013102112,22455,22455,22455,22455,50
20211013102113,22450,22450,22450,22450,20
20211013102113,22445,22445,22445,22445,47
20211013102114,22455,22455,22455,22455,1
20211013102115,22450,22450,22450,22450,22
20211013102117,22450,22450,22450,22450,1000
20211013102118,22450,22450,22450,22450,89
20211013102119,22455,22455,22455,22455,1
20211013102120,22450,22450,22450,22450,1
20211013102120,22450,22450,22450,22450,1
20211013102120,22450,22450,22450,22450,1
20211013102122,22450,22450,22450,22450,1
20211013102122,22450,22450,22450,22450,1
20211013102122,22455,22455,22455,22455,1
20211013102123,22450,22450,22450,22450,300
20211013102123,22450,22450,22450,22450,50
20211013102123,22450,22450,22450,22450,10
20211013102125,22450,22450,22450,22450,1150
20211013102126,22455,22455,22455,22455,1
20211013102126,22450,22450,22450,22450,1
20211013102126,22450,22450,22450,22450,146
20211013102126,22450,22450,22450,22450,369
20211013102126,22450,22450,22450,22450,369
20211013102126,22445,22445,22445,22445,1
20211013102126,22450,22450,22450,22450,20
20211013102126,22450,22450,22450,22450,50
20211013102127,22450,22450,22450,22450,20
20211013102127,22450,22450,22450,22450,20
20211013102128,22450,22450,22450,22450,6
20211013102129,22450,22450,22450,22450,1
20211013102129,22450,22450,22450,22450,49
20211013102130,22450,22450,22450,22450,20
20211013102130,22445,22445,22445,22445,1
20211013102130,22445,22445,22445,22445,2372
20211013102131,22450,22450,22450,22450,20
20211013102131,22440,22440,22440,22440,55
20211013102131,22440,22440,22440,22440,500
20211013102131,22450,22450,22450,22450,20
20211013102132,22450,22450,22450,22450,1
20211013102133,22445,22445,22445,22445,1
20211013102134,22450,22450,22450,22450,50
20211013102136,22445,22445,22445,22445,30
20211013102136,22450,22450,22450,22450,1
20211013102136,22445,22445,22445,22445,500
20211013102136,22445,22445,22445,22445,89
20211013102136,22445,22445,22445,22445,124
20211013102136,22445,22445,22445,22445,20
20211013102137,22445,22445,22445,22445,20
20211013102137,22440,22440,22440,22440,400
20211013102137,22440,22440,22440,22440,500
20211013102137,22445,22445,22445,22445,1
20211013102138,22450,22450,22450,22450,2567
20211013102140,22455,22455,22455,22455,1
20211013102143,22450,22450,22450,22450,501
20211013102143,22445,22445,22445,22445,199
20211013102144,22450,22450,22450,22450,1
20211013102145,22455,22455,22455,22455,8558
20211013102145,22450,22450,22450,22450,5
20211013102147,22455,22455,22455,22455,190
20211013102150,22450,22450,22450,22450,1
20211013102150,22450,22450,22450,22450,1
20211013102150,22450,22450,22450,22450,99
20211013102152,22450,22450,22450,22450,28
20211013102152,22445,22445,22445,22445,44
20211013102153,22450,22450,22450,22450,1
20211013102153,22450,22450,22450,22450,1
20211013102153,22445,22445,22445,22445,1
20211013102153,22445,22445,22445,22445,100
20211013102155,22445,22445,22445,22445,20
20211013102156,22445,22445,22445,22445,20
20211013102156,22440,22440,22440,22440,200
20211013102156,22445,22445,22445,22445,20
20211013102156,22445,22445,22445,22445,1
20211013102157,22445,22445,22445,22445,1
20211013102157,22445,22445,22445,22445,20
20211013102157,22445,22445,22445,22445,20
20211013102158,22445,22445,22445,22445,20
20211013102159,22445,22445,22445,22445,20
20211013102159,22445,22445,22445,22445,1
20211013102159,22440,22440,22440,22440,35
20211013102159,22445,22445,22445,22445,100
20211013102159,22445,22445,22445,22445,20
20211013102200,22440,22440,22440,22440,1
20211013102200,22440,22440,22440,22440,1
20211013102200,22445,22445,22445,22445,20
20211013102201,22445,22445,22445,22445,1
20211013102201,22445,22445,22445,22445,20
20211013102201,22440,22440,22440,22440,585
20211013102202,22440,22440,22440,22440,1
20211013102202,22440,22440,22440,22440,1
20211013102202,22445,22445,22445,22445,10
20211013102202,22440,22440,22440,22440,20
20211013102202,22445,22445,22445,22445,449
20211013102203,22450,22450,22450,22450,1
20211013102204,22445,22445,22445,22445,1
20211013102204,22445,22445,22445,22445,4
20211013102208,22445,22445,22445,22445,1
20211013102209,22445,22445,22445,22445,1000
20211013102210,22450,22450,22450,22450,1222
20211013102210,22450,22450,22450,22450,100
20211013102213,22455,22455,22455,22455,1600
20211013102214,22450,22450,22450,22450,850
20211013102214,22450,22450,22450,22450,4
20211013102215,22450,22450,22450,22450,200
20211013102216,22450,22450,22450,22450,200
20211013102216,22450,22450,22450,22450,1
20211013102216,22450,22450,22450,22450,5612
20211013102216,22445,22445,22445,22445,89
20211013102217,22450,22450,22450,22450,1
20211013102217,22445,22445,22445,22445,1
20211013102217,22450,22450,22450,22450,1
20211013102217,22450,22450,22450,22450,1
20211013102217,22445,22445,22445,22445,30
20211013102217,22445,22445,22445,22445,370
20211013102217,22440,22440,22440,22440,130
20211013102219,22445,22445,22445,22445,20
20211013102220,22445,22445,22445,22445,20
20211013102220,22440,22440,22440,22440,1
20211013102220,22445,22445,22445,22445,20
20211013102221,22445,22445,22445,22445,1
20211013102221,22445,22445,22445,22445,20
20211013102221,22445,22445,22445,22445,20
20211013102222,22445,22445,22445,22445,20
20211013102222,22440,22440,22440,22440,100
20211013102222,22445,22445,22445,22445,20
20211013102223,22445,22445,22445,22445,20
20211013102223,22445,22445,22445,22445,20
20211013102223,22445,22445,22445,22445,10
20211013102223,22445,22445,22445,22445,20
20211013102224,22445,22445,22445,22445,20
20211013102224,22445,22445,22445,22445,20
20211013102225,22445,22445,22445,22445,20
20211013102225,22445,22445,22445,22445,20
20211013102225,22450,22450,22450,22450,50
20211013102225,22450,22450,22450,22450,1
20211013102226,22445,22445,22445,22445,20
20211013102226,22445,22445,22445,22445,20
20211013102226,22445,22445,22445,22445,20
20211013102227,22445,22445,22445,22445,500
20211013102227,22445,22445,22445,22445,20
20211013102228,22445,22445,22445,22445,20
20211013102229,22445,22445,22445,22445,40
20211013102229,22445,22445,22445,22445,20
20211013102230,22445,22445,22445,22445,20
20211013102230,22445,22445,22445,22445,1
20211013102232,22445,22445,22445,22445,7920
20211013102233,22450,22450,22450,22450,1
20211013102235,22450,22450,22450,22450,25
20211013102235,22450,22450,22450,22450,10
20211013102236,22440,22440,22440,22440,269
20211013102236,22440,22440,22440,22440,1
20211013102237,22450,22450,22450,22450,1
20211013102238,22450,22450,22450,22450,500
20211013102240,22445,22445,22445,22445,100
20211013102240,22445,22445,22445,22445,12
20211013102242,22445,22445,22445,22445,1
20211013102243,22445,22445,22445,22445,49
20211013102244,22440,22440,22440,22440,150
20211013102245,22445,22445,22445,22445,50
20211013102245,22445,22445,22445,22445,200
20211013102246,22445,22445,22445,22445,1
20211013102246,22440,22440,22440,22440,5514
20211013102247,22440,22440,22440,22440,900
20211013102249,22435,22435,22435,22435,455
20211013102249,22440,22440,22440,22440,20
20211013102250,22440,22440,22440,22440,20
20211013102250,22440,22440,22440,22440,1
20211013102251,22440,22440,22440,22440,20
20211013102251,22440,22440,22440,22440,10
20211013102252,22435,22435,22435,22435,500
20211013102252,22435,22435,22435,22435,348
20211013102252,22430,22430,22430,22430,1
20211013102252,22435,22435,22435,22435,1
20211013102252,22435,22435,22435,22435,50
20211013102252,22435,22435,22435,22435,20
20211013102253,22435,22435,22435,22435,20
20211013102253,22435,22435,22435,22435,20
20211013102254,22435,22435,22435,22435,1
20211013102254,22435,22435,22435,22435,20
20211013102254,22430,22430,22430,22430,1
20211013102254,22435,22435,22435,22435,2154
20211013102254,22440,22440,22440,22440,47
20211013102254,22435,22435,22435,22435,10
20211013102255,22440,22440,22440,22440,1
20211013102255,22435,22435,22435,22435,30
20211013102255,22430,22430,22430,22430,70
20211013102256,22435,22435,22435,22435,80
20211013102256,22435,22435,22435,22435,907
20211013102256,22435,22435,22435,22435,907
20211013102256,22435,22435,22435,22435,907
20211013102256,22435,22435,22435,22435,907
20211013102256,22435,22435,22435,22435,907
20211013102256,22435,22435,22435,22435,907
20211013102256,22435,22435,22435,22435,801
20211013102257,22445,22445,22445,22445,1
20211013102257,22445,22445,22445,22445,1
20211013102257,22440,22440,22440,22440,51
20211013102258,22440,22440,22440,22440,2
20211013102258,22440,22440,22440,22440,100
20211013102300,22440,22440,22440,22440,30
20211013102300,22440,22440,22440,22440,1000
20211013102301,22450,22450,22450,22450,7368
20211013102301,22450,22450,22450,22450,4
20211013102302,22445,22445,22445,22445,249
20211013102303,22445,22445,22445,22445,282
20211013102303,22450,22450,22450,22450,1000
20211013102307,22450,22450,22450,22450,100
20211013102308,22450,22450,22450,22450,100
20211013102308,22455,22455,22455,22455,1073
20211013102309,22450,22450,22450,22450,1
20211013102309,22450,22450,22450,22450,1
20211013102309,22450,22450,22450,22450,1
20211013102309,22450,22450,22450,22450,9849
20211013102309,22450,22450,22450,22450,76
20211013102309,22445,22445,22445,22445,1
20211013102309,22445,22445,22445,22445,102
20211013102309,22445,22445,22445,22445,1
20211013102310,22445,22445,22445,22445,21
20211013102310,22450,22450,22450,22450,100
20211013102312,22445,22445,22445,22445,401
20211013102313,22450,22450,22450,22450,20
20211013102313,22450,22450,22450,22450,1
20211013102313,22450,22450,22450,22450,614
20211013102315,22455,22455,22455,22455,3
20211013102315,22450,22450,22450,22450,1000
20211013102315,22455,22455,22455,22455,10
20211013102316,22455,22455,22455,22455,100
20211013102317,22455,22455,22455,22455,1
20211013102317,22455,22455,22455,22455,2
20211013102317,22455,22455,22455,22455,1
20211013102317,22460,22460,22460,22460,1
20211013102318,22460,22460,22460,22460,50
20211013102319,22460,22460,22460,22460,20
20211013102321,22460,22460,22460,22460,5098
20211013102321,22465,22465,22465,22465,670
20211013102322,22470,22470,22470,22470,5570
20211013102322,22470,22470,22470,22470,4
20211013102322,22475,22475,22475,22475,1
20211013102322,22475,22475,22475,22475,1
20211013102322,22475,22475,22475,22475,41
20211013102323,22480,22480,22480,22480,88
20211013102323,22480,22480,22480,22480,500
20211013102324,22480,22480,22480,22480,100
20211013102325,22480,22480,22480,22480,100
20211013102326,22475,22475,22475,22475,5
20211013102326,22480,22480,22480,22480,2
20211013102326,22475,22475,22475,22475,125
20211013102326,22480,22480,22480,22480,200
20211013102327,22480,22480,22480,22480,500
20211013102327,22475,22475,22475,22475,70
20211013102327,22470,22470,22470,22470,1
20211013102327,22470,22470,22470,22470,1
20211013102327,22475,22475,22475,22475,1
20211013102328,22470,22470,22470,22470,1
20211013102328,22475,22475,22475,22475,100
20211013102328,22475,22475,22475,22475,20
20211013102329,22470,22470,22470,22470,1
20211013102329,22475,22475,22475,22475,250
20211013102330,22475,22475,22475,22475,1
20211013102330,22470,22470,22470,22470,1
20211013102330,22470,22470,22470,22470,98
20211013102331,22475,22475,22475,22475,454
20211013102332,22470,22470,22470,22470,10
20211013102332,22465,22465,22465,22465,1
20211013102332,22470,22470,22470,22470,10
20211013102333,22470,22470,22470,22470,1
20211013102338,22470,22470,22470,22470,1
20211013102339,22470,22470,22470,22470,10
20211013102339,22470,22470,22470,22470,6123
20211013102339,22470,22470,22470,22470,31
20211013102339,22470,22470,22470,22470,5
20211013102339,22470,22470,22470,22470,1
20211013102339,22475,22475,22475,22475,1
20211013102339,22470,22470,22470,22470,2000
20211013102340,22470,22470,22470,22470,1
20211013102340,22470,22470,22470,22470,50
20211013102341,22475,22475,22475,22475,6100
20211013102341,22475,22475,22475,22475,1
20211013102342,22475,22475,22475,22475,9
20211013102342,22480,22480,22480,22480,91
20211013102342,22470,22470,22470,22470,50
20211013102344,22480,22480,22480,22480,20
20211013102346,22475,22475,22475,22475,6
20211013102347,22475,22475,22475,22475,29
20211013102347,22470,22470,22470,22470,3
20211013102348,22475,22475,22475,22475,9
20211013102348,22475,22475,22475,22475,3
20211013102348,22480,22480,22480,22480,23647
20211013102349,22480,22480,22480,22480,18
20211013102349,22485,22485,22485,22485,1
20211013102349,22485,22485,22485,22485,976
20211013102349,22485,22485,22485,22485,500
20211013102350,22480,22480,22480,22480,10
20211013102350,22485,22485,22485,22485,20
20211013102350,22480,22480,22480,22480,1
20211013102351,22485,22485,22485,22485,10
20211013102351,22485,22485,22485,22485,1
20211013102351,22490,22490,22490,22490,25
20211013102351,22490,22490,22490,22490,500
20211013102352,22485,22485,22485,22485,1
20211013102352,22480,22480,22480,22480,3
20211013102354,22485,22485,22485,22485,200
20211013102355,22485,22485,22485,22485,5
20211013102356,22485,22485,22485,22485,3
20211013102356,22485,22485,22485,22485,5
20211013102356,22490,22490,22490,22490,1
20211013102356,22490,22490,22490,22490,1
20211013102356,22485,22485,22485,22485,1
20211013102356,22490,22490,22490,22490,1
20211013102358,22485,22485,22485,22485,8
20211013102358,22485,22485,22485,22485,2
20211013102358,22485,22485,22485,22485,190
20211013102401,22480,22480,22480,22480,152
20211013102401,22485,22485,22485,22485,3000
20211013102402,22490,22490,22490,22490,50
20211013102402,22485,22485,22485,22485,200
20211013102402,22485,22485,22485,22485,50
20211013102403,22490,22490,22490,22490,2
20211013102403,22485,22485,22485,22485,25
20211013102403,22490,22490,22490,22490,2
20211013102403,22490,22490,22490,22490,2226
20211013102405,22495,22495,22495,22495,10
20211013102405,22495,22495,22495,22495,500
20211013102406,22490,22490,22490,22490,1
20211013102406,22490,22490,22490,22490,2046
20211013102406,22495,22495,22495,22495,30
20211013102407,22490,22490,22490,22490,1
20211013102407,22490,22490,22490,22490,49
20211013102407,22490,22490,22490,22490,5
20211013102408,22490,22490,22490,22490,1
20211013102408,22490,22490,22490,22490,1
20211013102408,22490,22490,22490,22490,1000
20211013102409,22485,22485,22485,22485,503
20211013102409,22490,22490,22490,22490,1
20211013102409,22490,22490,22490,22490,1
20211013102409,22490,22490,22490,22490,10
20211013102410,22485,22485,22485,22485,1
20211013102410,22485,22485,22485,22485,1
20211013102411,22485,22485,22485,22485,1
20211013102412,22485,22485,22485,22485,45
20211013102412,22485,22485,22485,22485,1
20211013102414,22485,22485,22485,22485,45
20211013102416,22485,22485,22485,22485,4394
20211013102416,22480,22480,22480,22480,40
20211013102417,22485,22485,22485,22485,500
20211013102417,22490,22490,22490,22490,1
20211013102417,22490,22490,22490,22490,11198
20211013102419,22490,22490,22490,22490,1
20211013102419,22490,22490,22490,22490,9
20211013102420,22495,22495,22495,22495,9127
20211013102421,22495,22495,22495,22495,100
20211013102422,22495,22495,22495,22495,1
20211013102423,22495,22495,22495,22495,1
20211013102423,22495,22495,22495,22495,100
20211013102424,22500,22500,22500,22500,30
20211013102424,22495,22495,22495,22495,1000
20211013102425,22495,22495,22495,22495,1
20211013102425,22495,22495,22495,22495,1261
20211013102425,22495,22495,22495,22495,17
20211013102425,22495,22495,22495,22495,10
20211013102425,22495,22495,22495,22495,1
20211013102425,22500,22500,22500,22500,7946
20211013102427,22490,22490,22490,22490,1
20211013102428,22500,22500,22500,22500,50
20211013102430,22495,22495,22495,22495,1
20211013102430,22490,22490,22490,22490,1
20211013102430,22490,22490,22490,22490,12
20211013102431,22485,22485,22485,22485,1
20211013102431,22485,22485,22485,22485,1
20211013102431,22485,22485,22485,22485,1667
20211013102431,22485,22485,22485,22485,1
20211013102431,22485,22485,22485,22485,3602
20211013102433,22485,22485,22485,22485,10
20211013102433,22485,22485,22485,22485,5
20211013102435,22485,22485,22485,22485,2060
20211013102435,22480,22480,22480,22480,208
20211013102435,22480,22480,22480,22480,500
20211013102435,22480,22480,22480,22480,2
20211013102439,22490,22490,22490,22490,1
20211013102439,22490,22490,22490,22490,1
20211013102440,22490,22490,22490,22490,77
20211013102441,22490,22490,22490,22490,1
20211013102441,22490,22490,22490,22490,10
20211013102442,22490,22490,22490,22490,500
20211013102442,22490,22490,22490,22490,300
20211013102443,22490,22490,22490,22490,16
20211013102446,22495,22495,22495,22495,1
20211013102446,22495,22495,22495,22495,1
20211013102446,22495,22495,22495,22495,2367
20211013102446,22490,22490,22490,22490,20
20211013102447,22490,22490,22490,22490,10
20211013102448,22495,22495,22495,22495,10
20211013102449,22490,22490,22490,22490,90
20211013102452,22490,22490,22490,22490,25
20211013102452,22490,22490,22490,22490,1
20211013102452,22490,22490,22490,22490,3272
20211013102455,22490,22490,22490,22490,1
20211013102458,22495,22495,22495,22495,1020
20211013102458,22495,22495,22495,22495,50
20211013102458,22495,22495,22495,22495,1
20211013102500,22495,22495,22495,22495,10
20211013102500,22500,22500,22500,22500,6
20211013102500,22495,22495,22495,22495,1
20211013102500,22490,22490,22490,22490,10
20211013102500,22490,22490,22490,22490,290
20211013102500,22495,22495,22495,22495,41
20211013102500,22490,22490,22490,22490,3
20211013102500,22490,22490,22490,22490,1
20211013102500,22490,22490,22490,22490,449
20211013102500,22490,22490,22490,22490,1
20211013102501,22490,22490,22490,22490,1
20211013102501,22490,22490,22490,22490,1
20211013102502,22490,22490,22490,22490,8437
20211013102502,22490,22490,22490,22490,60
20211013102502,22490,22490,22490,22490,1503
20211013102505,22485,22485,22485,22485,1
20211013102505,22485,22485,22485,22485,1
20211013102505,22485,22485,22485,22485,118
20211013102505,22480,22480,22480,22480,9
20211013102506,22485,22485,22485,22485,90
20211013102508,22485,22485,22485,22485,236
20211013102509,22490,22490,22490,22490,200
20211013102509,22490,22490,22490,22490,10
20211013102511,22485,22485,22485,22485,500
20211013102512,22485,22485,22485,22485,10
20211013102512,22490,22490,22490,22490,1
20211013102513,22490,22490,22490,22490,1670
20211013102514,22495,22495,22495,22495,1
20211013102514,22495,22495,22495,22495,1
20211013102514,22495,22495,22495,22495,99
20211013102514,22495,22495,22495,22495,1
20211013102514,22495,22495,22495,22495,1
20211013102516,22490,22490,22490,22490,5
20211013102517,22485,22485,22485,22485,10
20211013102517,22485,22485,22485,22485,10
20211013102526,22485,22485,22485,22485,6850
20211013102526,22480,22480,22480,22480,100
20211013102528,22485,22485,22485,22485,10
20211013102530,22485,22485,22485,22485,500
20211013102530,22485,22485,22485,22485,382
20211013102530,22485,22485,22485,22485,318
20211013102531,22485,22485,22485,22485,2
20211013102531,22490,22490,22490,22490,200
20211013102535,22490,22490,22490,22490,1
20211013102535,22490,22490,22490,22490,2162
20211013102538,22495,22495,22495,22495,1585
20211013102538,22490,22490,22490,22490,90
20211013102544,22495,22495,22495,22495,1121
20211013102545,22495,22495,22495,22495,25
20211013102545,22500,22500,22500,22500,5
20211013102547,22495,22495,22495,22495,100
20211013102547,22490,22490,22490,22490,1
20211013102547,22490,22490,22490,22490,1
20211013102547,22490,22490,22490,22490,1
20211013102547,22490,22490,22490,22490,586
20211013102548,22495,22495,22495,22495,10
20211013102550,22490,22490,22490,22490,1
20211013102551,22490,22490,22490,22490,889
20211013102551,22490,22490,22490,22490,1
20211013102551,22490,22490,22490,22490,10
20211013102552,22490,22490,22490,22490,1
20211013102552,22490,22490,22490,22490,10
20211013102554,22485,22485,22485,22485,1
20211013102555,22485,22485,22485,22485,1
20211013102555,22485,22485,22485,22485,486
20211013102557,22485,22485,22485,22485,1884
20211013102557,22485,22485,22485,22485,1
20211013102557,22485,22485,22485,22485,1
20211013102600,22485,22485,22485,22485,1
20211013102601,22485,22485,22485,22485,15
20211013102601,22490,22490,22490,22490,1
20211013102601,22490,22490,22490,22490,1099
20211013102601,22490,22490,22490,22490,1872
20211013102601,22490,22490,22490,22490,100
20211013102606,22490,22490,22490,22490,20
20211013102607,22485,22485,22485,22485,1
20211013102607,22485,22485,22485,22485,764
20211013102608,22485,22485,22485,22485,100
20211013102609,22480,22480,22480,22480,7
20211013102610,22480,22480,22480,22480,500
20211013102612,22485,22485,22485,22485,200
20211013102612,22480,22480,22480,22480,1
20211013102612,22485,22485,22485,22485,1
20211013102612,22480,22480,22480,22480,1
20211013102613,22485,22485,22485,22485,1
20211013102615,22485,22485,22485,22485,198
20211013102617,22480,22480,22480,22480,2609
20211013102618,22480,22480,22480,22480,20
20211013102621,22475,22475,22475,22475,165
20211013102621,22475,22475,22475,22475,4
20211013102622,22475,22475,22475,22475,1
20211013102622,22470,22470,22470,22470,1
20211013102622,22470,22470,22470,22470,1
20211013102622,22470,22470,22470,22470,1
20211013102622,22475,22475,22475,22475,1
20211013102623,22475,22475,22475,22475,699
20211013102623,22470,22470,22470,22470,942
20211013102623,22470,22470,22470,22470,60
20211013102626,22480,22480,22480,22480,200
20211013102627,22475,22475,22475,22475,1
20211013102631,22470,22470,22470,22470,4
20211013102633,22465,22465,22465,22465,1172
20211013102633,22465,22465,22465,22465,20
20211013102633,22460,22460,22460,22460,1
20211013102633,22460,22460,22460,22460,1
20211013102633,22460,22460,22460,22460,193
20211013102634,22465,22465,22465,22465,3
20211013102635,22465,22465,22465,22465,5
20211013102636,22465,22465,22465,22465,1095
20211013102637,22465,22465,22465,22465,3
20211013102637,22460,22460,22460,22460,1
20211013102638,22465,22465,22465,22465,1
20211013102639,22460,22460,22460,22460,1
20211013102639,22460,22460,22460,22460,1987
20211013102640,22460,22460,22460,22460,20
20211013102641,22460,22460,22460,22460,20
20211013102641,22460,22460,22460,22460,20
20211013102641,22460,22460,22460,22460,20
20211013102642,22460,22460,22460,22460,20
20211013102642,22460,22460,22460,22460,3
20211013102642,22460,22460,22460,22460,20
20211013102643,22465,22465,22465,22465,1
20211013102643,22460,22460,22460,22460,20
20211013102643,22455,22455,22455,22455,80
20211013102643,22460,22460,22460,22460,9
20211013102643,22460,22460,22460,22460,11
20211013102643,22460,22460,22460,22460,20
20211013102644,22460,22460,22460,22460,20
20211013102644,22460,22460,22460,22460,20
20211013102644,22455,22455,22455,22455,50
20211013102644,22460,22460,22460,22460,20
20211013102645,22455,22455,22455,22455,21
20211013102645,22455,22455,22455,22455,453
20211013102645,22460,22460,22460,22460,20
20211013102645,22455,22455,22455,22455,1
20211013102645,22455,22455,22455,22455,1
20211013102645,22455,22455,22455,22455,1
20211013102645,22455,22455,22455,22455,1
20211013102646,22450,22450,22450,22450,15
20211013102647,22455,22455,22455,22455,40
20211013102648,22455,22455,22455,22455,107
20211013102649,22460,22460,22460,22460,6027
20211013102649,22455,22455,22455,22455,1
20211013102653,22455,22455,22455,22455,1808
20211013102654,22460,22460,22460,22460,2
20211013102655,22455,22455,22455,22455,580
20211013102655,22455,22455,22455,22455,20
20211013102655,22455,22455,22455,22455,668
20211013102656,22455,22455,22455,22455,20
20211013102657,22455,22455,22455,22455,640
20211013102657,22455,22455,22455,22455,20
20211013102657,22455,22455,22455,22455,20
20211013102658,22455,22455,22455,22455,20
20211013102658,22450,22450,22450,22450,630
20211013102658,22455,22455,22455,22455,20
20211013102700,22460,22460,22460,22460,48
20211013102700,22460,22460,22460,22460,1
20211013102701,22465,22465,22465,22465,20
20211013102701,22465,22465,22465,22465,1
20211013102701,22465,22465,22465,22465,1
20211013102703,22465,22465,22465,22465,11
20211013102704,22465,22465,22465,22465,500
20211013102706,22470,22470,22470,22470,1
20211013102708,22470,22470,22470,22470,59
20211013102708,22470,22470,22470,22470,15
20211013102709,22470,22470,22470,22470,500
20211013102710,22470,22470,22470,22470,100
20211013102712,22470,22470,22470,22470,8121
20211013102712,22475,22475,22475,22475,1
20211013102712,22475,22475,22475,22475,1
20211013102712,22475,22475,22475,22475,1
20211013102717,22475,22475,22475,22475,2167
20211013102717,22475,22475,22475,22475,257
20211013102718,22475,22475,22475,22475,30
20211013102719,22475,22475,22475,22475,870
20211013102719,22475,22475,22475,22475,30
20211013102719,22480,22480,22480,22480,1
20211013102719,22480,22480,22480,22480,1
20211013102719,22475,22475,22475,22475,1
20211013102720,22475,22475,22475,22475,14
20211013102721,22475,22475,22475,22475,11
20211013102722,22470,22470,22470,22470,56
20211013102723,22465,22465,22465,22465,1
20211013102723,22470,22470,22470,22470,1
20211013102723,22470,22470,22470,22470,1
20211013102723,22465,22465,22465,22465,1
20211013102723,22470,22470,22470,22470,1
20211013102724,22465,22465,22465,22465,1
20211013102724,22470,22470,22470,22470,1
20211013102725,22465,22465,22465,22465,719
20211013102725,22465,22465,22465,22465,44
20211013102727,22465,22465,22465,22465,5
20211013102732,22470,22470,22470,22470,400
20211013102738,22470,22470,22470,22470,1
20211013102741,22475,22475,22475,22475,6
20211013102741,22470,22470,22470,22470,5
20211013102742,22475,22475,22475,22475,1
20211013102744,22480,22480,22480,22480,1
20211013102744,22480,22480,22480,22480,1
20211013102744,22480,22480,22480,22480,1
20211013102745,22480,22480,22480,22480,1
20211013102745,22475,22475,22475,22475,1
20211013102745,22475,22475,22475,22475,313
20211013102748,22475,22475,22475,22475,1
20211013102750,22475,22475,22475,22475,10
20211013102750,22475,22475,22475,22475,1
20211013102750,22475,22475,22475,22475,1
20211013102750,22475,22475,22475,22475,1
20211013102750,22475,22475,22475,22475,1
20211013102750,22480,22480,22480,22480,1
20211013102753,22470,22470,22470,22470,9
20211013102753,22475,22475,22475,22475,1
20211013102753,22475,22475,22475,22475,1
20211013102754,22480,22480,22480,22480,1
20211013102754,22480,22480,22480,22480,312
20211013102754,22480,22480,22480,22480,1460
20211013102754,22485,22485,22485,22485,1
20211013102755,22475,22475,22475,22475,1
20211013102755,22475,22475,22475,22475,1
20211013102756,22475,22475,22475,22475,30
20211013102759,22480,22480,22480,22480,158
20211013102759,22475,22475,22475,22475,30
20211013102800,22475,22475,22475,22475,1
20211013102800,22480,22480,22480,22480,1
20211013102805,22475,22475,22475,22475,8
20211013102805,22475,22475,22475,22475,2
20211013102806,22470,22470,22470,22470,6
20211013102807,22475,22475,22475,22475,8
20211013102812,22480,22480,22480,22480,420
20211013102818,22480,22480,22480,22480,2
20211013102820,22485,22485,22485,22485,1
20211013102821,22485,22485,22485,22485,1481
20211013102823,22485,22485,22485,22485,30
20211013102824,22480,22480,22480,22480,1
20211013102825,22480,22480,22480,22480,1
20211013102828,22485,22485,22485,22485,18
20211013102828,22490,22490,22490,22490,482
20211013102828,22485,22485,22485,22485,200
20211013102831,22480,22480,22480,22480,3276
20211013102831,22485,22485,22485,22485,100
20211013102832,22480,22480,22480,22480,1
20211013102836,22485,22485,22485,22485,1
20211013102836,22480,22480,22480,22480,1
20211013102836,22485,22485,22485,22485,3000
20211013102838,22480,22480,22480,22480,1
20211013102838,22485,22485,22485,22485,10
20211013102840,22485,22485,22485,22485,100
20211013102843,22485,22485,22485,22485,2068
20211013102843,22485,22485,22485,22485,13
20211013102843,22485,22485,22485,22485,3
20211013102843,22485,22485,22485,22485,807
20211013102843,22485,22485,22485,22485,807
20211013102843,22485,22485,22485,22485,528
20211013102846,22480,22480,22480,22480,11
20211013102846,22480,22480,22480,22480,500
20211013102847,22480,22480,22480,22480,500
20211013102847,22480,22480,22480,22480,1
20211013102847,22480,22480,22480,22480,1
20211013102847,22480,22480,22480,22480,1
20211013102847,22480,22480,22480,22480,500
20211013102847,22480,22480,22480,22480,1
20211013102847,22480,22480,22480,22480,1154
20211013102848,22480,22480,22480,22480,5
20211013102852,22475,22475,22475,22475,443
20211013102855,22475,22475,22475,22475,521
20211013102856,22475,22475,22475,22475,1637
20211013102856,22480,22480,22480,22480,25
20211013102858,22470,22470,22470,22470,2
20211013102858,22470,22470,22470,22470,49
20211013102858,22470,22470,22470,22470,1
20211013102858,22470,22470,22470,22470,6270
20211013102859,22470,22470,22470,22470,7
20211013102859,22465,22465,22465,22465,544
20211013102859,22460,22460,22460,22460,382
20211013102900,22465,22465,22465,22465,2158
20211013102900,22465,22465,22465,22465,2158
20211013102901,22465,22465,22465,22465,2158
20211013102902,22465,22465,22465,22465,705
20211013102902,22465,22465,22465,22465,176
20211013102902,22465,22465,22465,22465,1277
20211013102902,22465,22465,22465,22465,2158
20211013102902,22465,22465,22465,22465,2158
20211013102903,22455,22455,22455,22455,50
20211013102903,22465,22465,22465,22465,1
20211013102903,22465,22465,22465,22465,705
20211013102903,22465,22465,22465,22465,176
20211013102903,22465,22465,22465,22465,272
20211013102903,22465,22465,22465,22465,272
20211013102903,22465,22465,22465,22465,272
20211013102903,22465,22465,22465,22465,272
20211013102903,22465,22465,22465,22465,189
20211013102904,22470,22470,22470,22470,1
20211013102905,22470,22470,22470,22470,2158
20211013102906,22470,22470,22470,22470,2158
20211013102906,22470,22470,22470,22470,2158
20211013102907,22465,22465,22465,22465,200
20211013102908,22465,22465,22465,22465,15
20211013102910,22460,22460,22460,22460,540
20211013102910,22460,22460,22460,22460,10
20211013102911,22465,22465,22465,22465,44
20211013102911,22460,22460,22460,22460,2148
20211013102911,22465,22465,22465,22465,100
20211013102912,22460,22460,22460,22460,2158
20211013102912,22455,22455,22455,22455,1
20211013102912,22460,22460,22460,22460,2158
20211013102912,22460,22460,22460,22460,1
20211013102912,22460,22460,22460,22460,2158
20211013102912,22455,22455,22455,22455,1
20211013102912,22455,22455,22455,22455,1
20211013102912,22460,22460,22460,22460,2158
20211013102912,22460,22460,22460,22460,1
20211013102912,22460,22460,22460,22460,1
20211013102912,22460,22460,22460,22460,2158
20211013102913,22460,22460,22460,22460,2158
20211013102913,22460,22460,22460,22460,45
20211013102914,22455,22455,22455,22455,1
20211013102914,22460,22460,22460,22460,1
20211013102915,22455,22455,22455,22455,500
20211013102915,22455,22455,22455,22455,1
20211013102916,22455,22455,22455,22455,1
20211013102916,22460,22460,22460,22460,1
20211013102916,22455,22455,22455,22455,1
20211013102918,22455,22455,22455,22455,1
20211013102922,22460,22460,22460,22460,200
20211013102922,22460,22460,22460,22460,1
20211013102922,22460,22460,22460,22460,16
20211013102925,22455,22455,22455,22455,1
20211013102926,22465,22465,22465,22465,1
20211013102926,22465,22465,22465,22465,1
20211013102926,22460,22460,22460,22460,1
20211013102926,22465,22465,22465,22465,1
20211013102926,22465,22465,22465,22465,1
20211013102926,22460,22460,22460,22460,1
20211013102927,22460,22460,22460,22460,1
20211013102930,22460,22460,22460,22460,16
20211013102931,22465,22465,22465,22465,500
20211013102932,22455,22455,22455,22455,1
20211013102932,22455,22455,22455,22455,1
20211013102932,22455,22455,22455,22455,1
20211013102932,22455,22455,22455,22455,1
20211013102937,22460,22460,22460,22460,100
20211013102938,22465,22465,22465,22465,1
20211013102939,22460,22460,22460,22460,100
20211013102939,22465,22465,22465,22465,100
20211013102939,22465,22465,22465,22465,282
20211013102939,22465,22465,22465,22465,282
20211013102939,22465,22465,22465,22465,282
20211013102939,22465,22465,22465,22465,282
20211013102939,22465,22465,22465,22465,282
20211013102939,22465,22465,22465,22465,282
20211013102939,22465,22465,22465,22465,282
20211013102939,22465,22465,22465,22465,84
20211013102940,22465,22465,22465,22465,2158
20211013102941,22470,22470,22470,22470,1
20211013102941,22465,22465,22465,22465,1
20211013102941,22470,22470,22470,22470,2158
20211013102941,22470,22470,22470,22470,1
20211013102942,22470,22470,22470,22470,2158
20211013102942,22470,22470,22470,22470,2158
20211013102943,22465,22465,22465,22465,119
20211013102943,22460,22460,22460,22460,181
20211013102943,22460,22460,22460,22460,900
20211013102945,22470,22470,22470,22470,1
20211013102945,22470,22470,22470,22470,100
20211013102945,22470,22470,22470,22470,3
20211013102945,22470,22470,22470,22470,269
20211013102945,22470,22470,22470,22470,269
20211013102945,22470,22470,22470,22470,269
20211013102945,22470,22470,22470,22470,269
20211013102945,22470,22470,22470,22470,269
20211013102945,22470,22470,22470,22470,269
20211013102945,22470,22470,22470,22470,269
20211013102945,22470,22470,22470,22470,172
20211013102946,22475,22475,22475,22475,1
20211013102946,22475,22475,22475,22475,2158
20211013102946,22475,22475,22475,22475,1562
20211013102946,22475,22475,22475,22475,500
20211013102946,22475,22475,22475,22475,96
20211013102947,22475,22475,22475,22475,2158
20211013102948,22480,22480,22480,22480,1
20211013102948,22480,22480,22480,22480,376
20211013102949,22480,22480,22480,22480,100
20211013102954,22485,22485,22485,22485,566
20211013102955,22490,22490,22490,22490,2827
20211013102955,22490,22490,22490,22490,283
20211013102958,22485,22485,22485,22485,10
20211013103000,22490,22490,22490,22490,1
20211013103000,22490,22490,22490,22490,6
20211013103001,22485,22485,22485,22485,500
20211013103001,22485,22485,22485,22485,1
20211013103002,22485,22485,22485,22485,69
20211013103002,22490,22490,22490,22490,3000
20211013103003,22480,22480,22480,22480,3590
20211013103004,22485,22485,22485,22485,18
20211013103008,22485,22485,22485,22485,1
20211013103008,22485,22485,22485,22485,2988
20211013103008,22485,22485,22485,22485,211
20211013103010,22490,22490,22490,22490,1
20211013103010,22490,22490,22490,22490,1517
20211013103011,22490,22490,22490,22490,124
20211013103011,22490,22490,22490,22490,3
20211013103011,22490,22490,22490,22490,1
20211013103012,22490,22490,22490,22490,50
20211013103012,22490,22490,22490,22490,1
20211013103012,22490,22490,22490,22490,45
20211013103013,22490,22490,22490,22490,5
20211013103014,22490,22490,22490,22490,1
20211013103015,22485,22485,22485,22485,1517
20211013103015,22485,22485,22485,22485,1
20211013103015,22490,22490,22490,22490,1
20211013103016,22485,22485,22485,22485,740
20211013103022,22485,22485,22485,22485,1
20211013103022,22485,22485,22485,22485,1
20211013103023,22485,22485,22485,22485,700
20211013103023,22485,22485,22485,22485,2299
20211013103023,22480,22480,22480,22480,515
20211013103024,22475,22475,22475,22475,10
20211013103026,22475,22475,22475,22475,1
20211013103027,22485,22485,22485,22485,1392
20211013103029,22490,22490,22490,22490,3465
20211013103030,22495,22495,22495,22495,7168
20211013103030,22500,22500,22500,22500,16889
20211013103030,22500,22500,22500,22500,1
20211013103030,22500,22500,22500,22500,1
20211013103030,22500,22500,22500,22500,498
20211013103030,22500,22500,22500,22500,2
20211013103030,22500,22500,22500,22500,10
20211013103031,22505,22505,22505,22505,1
20211013103031,22505,22505,22505,22505,2460
20211013103031,22510,22510,22510,22510,1
20211013103031,22510,22510,22510,22510,1
20211013103031,22505,22505,22505,22505,50
20211013103031,22505,22505,22505,22505,10
20211013103031,22510,22510,22510,22510,2262
20211013103032,22515,22515,22515,22515,1740
20211013103032,22520,22520,22520,22520,1
20211013103032,22520,22520,22520,22520,881
20211013103033,22520,22520,22520,22520,10
20211013103033,22525,22525,22525,22525,1
20211013103033,22525,22525,22525,22525,1
20211013103033,22525,22525,22525,22525,2401
20211013103033,22530,22530,22530,22530,1
20211013103034,22530,22530,22530,22530,1
20211013103034,22530,22530,22530,22530,6055
20211013103035,22530,22530,22530,22530,14000
20211013103035,22530,22530,22530,22530,13921
20211013103035,22530,22530,22530,22530,1
20211013103036,22530,22530,22530,22530,1
20211013103036,22530,22530,22530,22530,1
20211013103037,22535,22535,22535,22535,1
20211013103037,22530,22530,22530,22530,1
20211013103038,22535,22535,22535,22535,1
20211013103038,22535,22535,22535,22535,2331
20211013103038,22540,22540,22540,22540,1
20211013103038,22530,22530,22530,22530,540
20211013103038,22535,22535,22535,22535,115
20211013103038,22535,22535,22535,22535,1
20211013103038,22535,22535,22535,22535,1
20211013103039,22540,22540,22540,22540,100
20211013103039,22530,22530,22530,22530,1000
20211013103039,22535,22535,22535,22535,1
20211013103039,22530,22530,22530,22530,330
20211013103039,22530,22530,22530,22530,20
20211013103040,22535,22535,22535,22535,200
20211013103040,22535,22535,22535,22535,10
20211013103040,22535,22535,22535,22535,20
20211013103041,22540,22540,22540,22540,1
20211013103042,22535,22535,22535,22535,50
20211013103042,22540,22540,22540,22540,1
20211013103042,22535,22535,22535,22535,1
20211013103042,22535,22535,22535,22535,1
20211013103042,22535,22535,22535,22535,1
20211013103042,22535,22535,22535,22535,200
20211013103042,22535,22535,22535,22535,1000
20211013103042,22540,22540,22540,22540,4341
20211013103042,22540,22540,22540,22540,500
20211013103042,22540,22540,22540,22540,1
20211013103042,22540,22540,22540,22540,1
20211013103042,22540,22540,22540,22540,1
20211013103042,22540,22540,22540,22540,1
20211013103042,22540,22540,22540,22540,1
20211013103042,22540,22540,22540,22540,1
20211013103042,22540,22540,22540,22540,1
20211013103042,22540,22540,22540,22540,1
20211013103042,22540,22540,22540,22540,1
20211013103042,22540,22540,22540,22540,1
20211013103042,22540,22540,22540,22540,1
20211013103042,22540,22540,22540,22540,1
20211013103042,22540,22540,22540,22540,1
20211013103042,22540,22540,22540,22540,1
20211013103042,22540,22540,22540,22540,1
20211013103042,22540,22540,22540,22540,1
20211013103043,22540,22540,22540,22540,751
20211013103043,22535,22535,22535,22535,120
20211013103043,22535,22535,22535,22535,20
20211013103043,22535,22535,22535,22535,1
20211013103043,22540,22540,22540,22540,1
20211013103043,22535,22535,22535,22535,3
20211013103043,22535,22535,22535,22535,1
20211013103043,22535,22535,22535,22535,494
20211013103044,22535,22535,22535,22535,2394
20211013103044,22535,22535,22535,22535,44
20211013103044,22535,22535,22535,22535,100
20211013103045,22535,22535,22535,22535,10
20211013103046,22530,22530,22530,22530,443
20211013103047,22535,22535,22535,22535,3
20211013103048,22535,22535,22535,22535,2890
20211013103049,22535,22535,22535,22535,50
20211013103049,22530,22530,22530,22530,5
20211013103049,22525,22525,22525,22525,1
20211013103050,22530,22530,22530,22530,1
20211013103050,22530,22530,22530,22530,28
20211013103050,22530,22530,22530,22530,1
20211013103051,22535,22535,22535,22535,50
20211013103051,22530,22530,22530,22530,1
20211013103051,22530,22530,22530,22530,164
20211013103053,22535,22535,22535,22535,500
20211013103053,22530,22530,22530,22530,400
20211013103053,22535,22535,22535,22535,11
20211013103054,22530,22530,22530,22530,100
20211013103054,22530,22530,22530,22530,1
20211013103055,22530,22530,22530,22530,1
20211013103055,22530,22530,22530,22530,2900
20211013103055,22535,22535,22535,22535,7100
20211013103056,22530,22530,22530,22530,1
20211013103056,22530,22530,22530,22530,1
20211013103057,22525,22525,22525,22525,1
20211013103057,22525,22525,22525,22525,102
20211013103057,22525,22525,22525,22525,1
20211013103057,22525,22525,22525,22525,104
20211013103057,22525,22525,22525,22525,104
20211013103057,22525,22525,22525,22525,104
20211013103058,22525,22525,22525,22525,2
20211013103059,22525,22525,22525,22525,1
20211013103059,22525,22525,22525,22525,1
20211013103100,22525,22525,22525,22525,102
20211013103100,22525,22525,22525,22525,1
20211013103101,22530,22530,22530,22530,2
20211013103101,22530,22530,22530,22530,15
20211013103102,22525,22525,22525,22525,105
20211013103102,22525,22525,22525,22525,4
20211013103102,22525,22525,22525,22525,1
20211013103103,22520,22520,22520,22520,150
20211013103103,22520,22520,22520,22520,9
20211013103103,22525,22525,22525,22525,1
20211013103104,22525,22525,22525,22525,1
20211013103104,22525,22525,22525,22525,1
20211013103105,22525,22525,22525,22525,1
20211013103105,22525,22525,22525,22525,1
20211013103105,22525,22525,22525,22525,1
20211013103105,22530,22530,22530,22530,100
20211013103108,22530,22530,22530,22530,1
20211013103109,22530,22530,22530,22530,1
20211013103109,22530,22530,22530,22530,1
20211013103109,22530,22530,22530,22530,1
20211013103110,22530,22530,22530,22530,1
20211013103110,22530,22530,22530,22530,109
20211013103110,22530,22530,22530,22530,1
20211013103110,22530,22530,22530,22530,500
20211013103110,22530,22530,22530,22530,1372
20211013103111,22530,22530,22530,22530,1
20211013103111,22530,22530,22530,22530,1
20211013103112,22530,22530,22530,22530,1
20211013103112,22530,22530,22530,22530,1
20211013103112,22530,22530,22530,22530,2
20211013103112,22530,22530,22530,22530,1
20211013103112,22525,22525,22525,22525,2
20211013103113,22530,22530,22530,22530,1
20211013103113,22530,22530,22530,22530,1
20211013103113,22530,22530,22530,22530,1
20211013103114,22525,22525,22525,22525,1
20211013103114,22525,22525,22525,22525,490
20211013103114,22530,22530,22530,22530,1
20211013103114,22530,22530,22530,22530,1
20211013103115,22525,22525,22525,22525,1
20211013103115,22520,22520,22520,22520,1
20211013103115,22520,22520,22520,22520,6183
20211013103115,22520,22520,22520,22520,1
20211013103115,22515,22515,22515,22515,165
20211013103115,22520,22520,22520,22520,1
20211013103116,22520,22520,22520,22520,1
20211013103116,22520,22520,22520,22520,46
20211013103119,22520,22520,22520,22520,1
20211013103120,22515,22515,22515,22515,757
20211013103120,22515,22515,22515,22515,1
20211013103120,22515,22515,22515,22515,100
20211013103120,22520,22520,22520,22520,1
20211013103121,22520,22520,22520,22520,1
20211013103122,22515,22515,22515,22515,1720
20211013103123,22515,22515,22515,22515,20
20211013103123,22520,22520,22520,22520,100
20211013103124,22515,22515,22515,22515,3
20211013103124,22515,22515,22515,22515,1
20211013103124,22515,22515,22515,22515,1
20211013103124,22510,22510,22510,22510,1210
20211013103125,22515,22515,22515,22515,1
20211013103125,22515,22515,22515,22515,1
20211013103125,22515,22515,22515,22515,1000
20211013103125,22515,22515,22515,22515,1
20211013103125,22510,22510,22510,22510,829
20211013103125,22515,22515,22515,22515,100
20211013103125,22515,22515,22515,22515,1
20211013103126,22515,22515,22515,22515,1
20211013103126,22515,22515,22515,22515,1
20211013103126,22510,22510,22510,22510,1
20211013103126,22510,22510,22510,22510,99
20211013103127,22510,22510,22510,22510,1
20211013103127,22505,22505,22505,22505,1
20211013103127,22505,22505,22505,22505,1
20211013103127,22510,22510,22510,22510,1
20211013103127,22510,22510,22510,22510,1
20211013103128,22515,22515,22515,22515,1400
20211013103128,22515,22515,22515,22515,100
20211013103129,22510,22510,22510,22510,202
20211013103129,22510,22510,22510,22510,1
20211013103129,22510,22510,22510,22510,1
20211013103129,22510,22510,22510,22510,1
20211013103130,22510,22510,22510,22510,1
20211013103130,22510,22510,22510,22510,1
20211013103130,22505,22505,22505,22505,20
20211013103130,22505,22505,22505,22505,20
20211013103130,22510,22510,22510,22510,369
20211013103131,22515,22515,22515,22515,281
20211013103132,22515,22515,22515,22515,100
20211013103136,22515,22515,22515,22515,20
20211013103137,22515,22515,22515,22515,872
20211013103138,22520,22520,22520,22520,2795
20211013103140,22525,22525,22525,22525,1
20211013103140,22525,22525,22525,22525,120
20211013103142,22530,22530,22530,22530,500
20211013103142,22520,22520,22520,22520,10
20211013103142,22525,22525,22525,22525,10
20211013103142,22530,22530,22530,22530,1
20211013103142,22530,22530,22530,22530,5623
20211013103142,22535,22535,22535,22535,6
20211013103143,22530,22530,22530,22530,40
20211013103143,22530,22530,22530,22530,50
20211013103143,22530,22530,22530,22530,1
20211013103144,22530,22530,22530,22530,89
20211013103145,22535,22535,22535,22535,1
20211013103146,22535,22535,22535,22535,1187
20211013103146,22535,22535,22535,22535,20
20211013103146,22540,22540,22540,22540,1
20211013103146,22535,22535,22535,22535,500
20211013103146,22540,22540,22540,22540,1
20211013103146,22535,22535,22535,22535,100
20211013103146,22540,22540,22540,22540,1
20211013103146,22535,22535,22535,22535,930
20211013103149,22540,22540,22540,22540,5919
20211013103149,22545,22545,22545,22545,15626
20211013103149,22535,22535,22535,22535,100
20211013103150,22535,22535,22535,22535,1
20211013103150,22540,22540,22540,22540,1
20211013103151,22540,22540,22540,22540,1000
20211013103151,22540,22540,22540,22540,1
20211013103152,22540,22540,22540,22540,1
20211013103152,22540,22540,22540,22540,100
20211013103152,22535,22535,22535,22535,1
20211013103152,22540,22540,22540,22540,1
20211013103152,22535,22535,22535,22535,125
20211013103152,22535,22535,22535,22535,1
20211013103152,22535,22535,22535,22535,99
20211013103152,22535,22535,22535,22535,1
20211013103154,22535,22535,22535,22535,200
20211013103154,22535,22535,22535,22535,1
20211013103155,22535,22535,22535,22535,2120
20211013103155,22535,22535,22535,22535,1
20211013103157,22535,22535,22535,22535,44
20211013103158,22530,22530,22530,22530,454
20211013103158,22535,22535,22535,22535,210
20211013103158,22535,22535,22535,22535,40
20211013103158,22535,22535,22535,22535,1
20211013103158,22540,22540,22540,22540,9
20211013103159,22535,22535,22535,22535,5
20211013103159,22540,22540,22540,22540,1
20211013103200,22540,22540,22540,22540,1
20211013103200,22540,22540,22540,22540,1
20211013103200,22540,22540,22540,22540,10
20211013103200,22535,22535,22535,22535,1
20211013103201,22540,22540,22540,22540,1
20211013103201,22540,22540,22540,22540,300
20211013103202,22540,22540,22540,22540,22
20211013103202,22535,22535,22535,22535,1
20211013103202,22535,22535,22535,22535,1
20211013103204,22535,22535,22535,22535,10
20211013103204,22535,22535,22535,22535,1
20211013103204,22535,22535,22535,22535,288
20211013103204,22530,22530,22530,22530,10
20211013103205,22535,22535,22535,22535,100
20211013103205,22530,22530,22530,22530,4
20211013103205,22540,22540,22540,22540,5
20211013103206,22540,22540,22540,22540,5000
20211013103208,22540,22540,22540,22540,1595
20211013103208,22540,22540,22540,22540,10
20211013103208,22540,22540,22540,22540,1
20211013103209,22540,22540,22540,22540,1
20211013103209,22545,22545,22545,22545,1
20211013103209,22545,22545,22545,22545,1
20211013103209,22540,22540,22540,22540,20
20211013103209,22540,22540,22540,22540,20
20211013103209,22540,22540,22540,22540,1
20211013103212,22540,22540,22540,22540,1
20211013103212,22540,22540,22540,22540,1
20211013103214,22545,22545,22545,22545,1061
20211013103215,22550,22550,22550,22550,1
20211013103215,22545,22545,22545,22545,500
20211013103215,22545,22545,22545,22545,1
20211013103216,22545,22545,22545,22545,10001
20211013103216,22545,22545,22545,22545,395
20211013103217,22545,22545,22545,22545,1
20211013103217,22540,22540,22540,22540,1
20211013103217,22545,22545,22545,22545,1
20211013103218,22545,22545,22545,22545,1
20211013103218,22545,22545,22545,22545,1
20211013103221,22540,22540,22540,22540,1
20211013103222,22540,22540,22540,22540,2662
20211013103222,22545,22545,22545,22545,4
20211013103223,22545,22545,22545,22545,1
20211013103223,22545,22545,22545,22545,1
20211013103223,22545,22545,22545,22545,1
20211013103223,22545,22545,22545,22545,106
20211013103224,22540,22540,22540,22540,1
20211013103224,22545,22545,22545,22545,1
20211013103226,22545,22545,22545,22545,1
20211013103226,22545,22545,22545,22545,44
20211013103226,22540,22540,22540,22540,400
20211013103226,22535,22535,22535,22535,1
20211013103227,22535,22535,22535,22535,805
20211013103228,22530,22530,22530,22530,500
20211013103228,22530,22530,22530,22530,3
20211013103228,22535,22535,22535,22535,1
20211013103228,22540,22540,22540,22540,725
20211013103229,22535,22535,22535,22535,1
20211013103230,22540,22540,22540,22540,1
20211013103231,22540,22540,22540,22540,1
20211013103231,22535,22535,22535,22535,1
20211013103231,22535,22535,22535,22535,1
20211013103233,22540,22540,22540,22540,1
20211013103234,22530,22530,22530,22530,20
20211013103234,22535,22535,22535,22535,4
20211013103234,22540,22540,22540,22540,26
20211013103235,22535,22535,22535,22535,1
20211013103235,22540,22540,22540,22540,54
20211013103235,22545,22545,22545,22545,1
20211013103235,22545,22545,22545,22545,1
20211013103237,22545,22545,22545,22545,500
20211013103238,22540,22540,22540,22540,1
20211013103238,22540,22540,22540,22540,1
20211013103238,22540,22540,22540,22540,3
20211013103241,22535,22535,22535,22535,1
20211013103241,22535,22535,22535,22535,31
20211013103243,22540,22540,22540,22540,1
20211013103244,22535,22535,22535,22535,1
20211013103244,22540,22540,22540,22540,199
20211013103245,22540,22540,22540,22540,12
20211013103246,22540,22540,22540,22540,1
20211013103247,22540,22540,22540,22540,5
20211013103247,22545,22545,22545,22545,4407
20211013103248,22545,22545,22545,22545,300
20211013103249,22545,22545,22545,22545,20
20211013103250,22545,22545,22545,22545,1
20211013103254,22545,22545,22545,22545,100
20211013103255,22550,22550,22550,22550,1
20211013103255,22550,22550,22550,22550,1
20211013103255,22550,22550,22550,22550,3943
20211013103255,22545,22545,22545,22545,1
20211013103255,22545,22545,22545,22545,1
20211013103255,22550,22550,22550,22550,1
20211013103255,22545,22545,22545,22545,1
20211013103255,22550,22550,22550,22550,1
20211013103255,22545,22545,22545,22545,1
20211013103255,22550,22550,22550,22550,1
20211013103255,22550,22550,22550,22550,1
20211013103255,22545,22545,22545,22545,1
20211013103257,22545,22545,22545,22545,1
20211013103257,22550,22550,22550,22550,1
20211013103257,22545,22545,22545,22545,2000
20211013103259,22550,22550,22550,22550,2854
20211013103259,22550,22550,22550,22550,2
20211013103259,22550,22550,22550,22550,50
20211013103300,22550,22550,22550,22550,1
20211013103300,22555,22555,22555,22555,200
20211013103300,22555,22555,22555,22555,1
20211013103300,22555,22555,22555,22555,1
20211013103302,22545,22545,22545,22545,11
20211013103302,22545,22545,22545,22545,1
20211013103302,22545,22545,22545,22545,1
20211013103303,22545,22545,22545,22545,3
20211013103303,22545,22545,22545,22545,1
20211013103303,22550,22550,22550,22550,1477
20211013103303,22545,22545,22545,22545,1
20211013103304,22540,22540,22540,22540,1
20211013103304,22545,22545,22545,22545,1
20211013103304,22540,22540,22540,22540,1
20211013103304,22540,22540,22540,22540,1
20211013103304,22540,22540,22540,22540,1
20211013103304,22545,22545,22545,22545,16
20211013103304,22545,22545,22545,22545,1
20211013103304,22545,22545,22545,22545,1
20211013103305,22540,22540,22540,22540,3297
20211013103305,22540,22540,22540,22540,1
20211013103305,22540,22540,22540,22540,1
20211013103305,22545,22545,22545,22545,1
20211013103305,22545,22545,22545,22545,1
20211013103306,22540,22540,22540,22540,1
20211013103307,22540,22540,22540,22540,1
20211013103307,22545,22545,22545,22545,1
20211013103308,22540,22540,22540,22540,4
20211013103308,22540,22540,22540,22540,30
20211013103309,22540,22540,22540,22540,2
20211013103309,22540,22540,22540,22540,1
20211013103310,22545,22545,22545,22545,1
20211013103310,22540,22540,22540,22540,1
20211013103310,22545,22545,22545,22545,600
20211013103311,22540,22540,22540,22540,2
20211013103311,22540,22540,22540,22540,1
20211013103311,22545,22545,22545,22545,1
20211013103311,22540,22540,22540,22540,1
20211013103311,22540,22540,22540,22540,1
20211013103312,22545,22545,22545,22545,9
20211013103312,22545,22545,22545,22545,21
20211013103313,22550,22550,22550,22550,1
20211013103313,22545,22545,22545,22545,1
20211013103313,22545,22545,22545,22545,1
20211013103313,22545,22545,22545,22545,1
20211013103314,22545,22545,22545,22545,3000
20211013103315,22545,22545,22545,22545,100
20211013103315,22545,22545,22545,22545,40
20211013103316,22550,22550,22550,22550,3303
20211013103316,22550,22550,22550,22550,2639
20211013103316,22555,22555,22555,22555,1
20211013103316,22550,22550,22550,22550,1
20211013103316,22555,22555,22555,22555,1
20211013103316,22555,22555,22555,22555,1
20211013103316,22550,22550,22550,22550,1
20211013103316,22550,22550,22550,22550,1
20211013103316,22555,22555,22555,22555,1
20211013103316,22550,22550,22550,22550,200
20211013103317,22550,22550,22550,22550,1000
20211013103318,22555,22555,22555,22555,2085
20211013103318,22555,22555,22555,22555,1
20211013103318,22555,22555,22555,22555,2689
20211013103318,22555,22555,22555,22555,1
20211013103318,22555,22555,22555,22555,1
20211013103318,22560,22560,22560,22560,1
20211013103318,22560,22560,22560,22560,2085
20211013103318,22560,22560,22560,22560,2599
20211013103318,22560,22560,22560,22560,1
20211013103318,22560,22560,22560,22560,1
20211013103318,22560,22560,22560,22560,1
20211013103318,22560,22560,22560,22560,602
20211013103318,22560,22560,22560,22560,1
20211013103318,22560,22560,22560,22560,1552
20211013103319,22560,22560,22560,22560,45
20211013103319,22565,22565,22565,22565,1
20211013103319,22565,22565,22565,22565,1
20211013103319,22565,22565,22565,22565,1
20211013103319,22560,22560,22560,22560,1
20211013103319,22565,22565,22565,22565,1
20211013103319,22565,22565,22565,22565,7103
20211013103319,22560,22560,22560,22560,41
20211013103320,22570,22570,22570,22570,1
20211013103320,22570,22570,22570,22570,3393
20211013103321,22570,22570,22570,22570,1
20211013103321,22570,22570,22570,22570,1
20211013103321,22570,22570,22570,22570,2085
20211013103321,22570,22570,22570,22570,1450
20211013103322,22575,22575,22575,22575,10
20211013103322,22575,22575,22575,22575,2250
20211013103323,22575,22575,22575,22575,1
20211013103323,22580,22580,22580,22580,1
20211013103323,22575,22575,22575,22575,400
20211013103323,22580,22580,22580,22580,1
20211013103323,22580,22580,22580,22580,4787
20211013103324,22575,22575,22575,22575,1
20211013103324,22575,22575,22575,22575,1
20211013103324,22575,22575,22575,22575,1
20211013103324,22575,22575,22575,22575,1
20211013103324,22575,22575,22575,22575,1
20211013103324,22580,22580,22580,22580,1
20211013103324,22580,22580,22580,22580,1
20211013103324,22575,22575,22575,22575,1
20211013103324,22575,22575,22575,22575,1
20211013103325,22580,22580,22580,22580,1000
20211013103325,22580,22580,22580,22580,1
20211013103325,22585,22585,22585,22585,1
20211013103325,22580,22580,22580,22580,1
20211013103325,22580,22580,22580,22580,1
20211013103325,22580,22580,22580,22580,1
20211013103325,22580,22580,22580,22580,1
20211013103325,22580,22580,22580,22580,1
20211013103325,22580,22580,22580,22580,1
20211013103325,22580,22580,22580,22580,1
20211013103326,22585,22585,22585,22585,5944
20211013103326,22590,22590,22590,22590,1
20211013103327,22580,22580,22580,22580,1
20211013103327,22585,22585,22585,22585,1
20211013103327,22585,22585,22585,22585,1
20211013103327,22585,22585,22585,22585,1
20211013103327,22580,22580,22580,22580,100
20211013103327,22590,22590,22590,22590,1
20211013103328,22590,22590,22590,22590,1
20211013103328,22585,22585,22585,22585,1
20211013103328,22585,22585,22585,22585,1
20211013103328,22590,22590,22590,22590,1
20211013103328,22590,22590,22590,22590,1
20211013103328,22585,22585,22585,22585,1
20211013103328,22585,22585,22585,22585,2
20211013103328,22590,22590,22590,22590,1
20211013103329,22590,22590,22590,22590,978
20211013103329,22585,22585,22585,22585,1
20211013103329,22590,22590,22590,22590,1
20211013103330,22590,22590,22590,22590,10354
20211013103330,22595,22595,22595,22595,1000
20211013103330,22585,22585,22585,22585,1
20211013103330,22590,22590,22590,22590,10
20211013103330,22585,22585,22585,22585,582
20211013103330,22585,22585,22585,22585,20
20211013103330,22580,22580,22580,22580,1000
20211013103331,22580,22580,22580,22580,1
20211013103331,22580,22580,22580,22580,1
20211013103331,22585,22585,22585,22585,1
20211013103331,22585,22585,22585,22585,88
20211013103332,22580,22580,22580,22580,1
20211013103332,22585,22585,22585,22585,3000
20211013103332,22580,22580,22580,22580,1
20211013103332,22585,22585,22585,22585,1
20211013103332,22585,22585,22585,22585,351
20211013103333,22585,22585,22585,22585,1
20211013103333,22580,22580,22580,22580,1087
20211013103333,22580,22580,22580,22580,1
20211013103333,22575,22575,22575,22575,1
20211013103333,22575,22575,22575,22575,11
20211013103333,22575,22575,22575,22575,10
20211013103334,22580,22580,22580,22580,1
20211013103334,22575,22575,22575,22575,1000
20211013103334,22580,22580,22580,22580,1
20211013103334,22580,22580,22580,22580,1
20211013103334,22575,22575,22575,22575,200
20211013103334,22575,22575,22575,22575,1
20211013103334,22580,22580,22580,22580,1
20211013103335,22580,22580,22580,22580,1
20211013103335,22575,22575,22575,22575,1
20211013103335,22580,22580,22580,22580,1
20211013103335,22580,22580,22580,22580,8493
20211013103335,22580,22580,22580,22580,1507
20211013103335,22580,22580,22580,22580,1
20211013103335,22580,22580,22580,22580,434
20211013103335,22575,22575,22575,22575,100
20211013103335,22580,22580,22580,22580,126
20211013103335,22580,22580,22580,22580,1
20211013103336,22580,22580,22580,22580,1097
20211013103336,22580,22580,22580,22580,1
20211013103336,22580,22580,22580,22580,1
20211013103336,22580,22580,22580,22580,1
20211013103336,22580,22580,22580,22580,4544
20211013103337,22585,22585,22585,22585,1
20211013103337,22585,22585,22585,22585,1
20211013103337,22580,22580,22580,22580,1
20211013103337,22585,22585,22585,22585,1
20211013103337,22585,22585,22585,22585,1
20211013103338,22585,22585,22585,22585,3351
20211013103338,22580,22580,22580,22580,1
20211013103338,22580,22580,22580,22580,1
20211013103338,22590,22590,22590,22590,45
20211013103339,22585,22585,22585,22585,200
20211013103341,22590,22590,22590,22590,16
20211013103341,22585,22585,22585,22585,200
20211013103342,22585,22585,22585,22585,500
20211013103342,22585,22585,22585,22585,1
20211013103343,22585,22585,22585,22585,6
20211013103344,22585,22585,22585,22585,10
20211013103345,22580,22580,22580,22580,200
20211013103345,22580,22580,22580,22580,1
20211013103345,22585,22585,22585,22585,1
20211013103345,22585,22585,22585,22585,1500
20211013103345,22585,22585,22585,22585,570
20211013103346,22590,22590,22590,22590,2
20211013103347,22585,22585,22585,22585,20
20211013103348,22585,22585,22585,22585,2
20211013103348,22590,22590,22590,22590,1
20211013103348,22590,22590,22590,22590,1
20211013103348,22590,22590,22590,22590,816
20211013103348,22590,22590,22590,22590,500
20211013103348,22590,22590,22590,22590,4228
20211013103348,22590,22590,22590,22590,3300
20211013103348,22590,22590,22590,22590,900
20211013103348,22590,22590,22590,22590,1900
20211013103348,22590,22590,22590,22590,400
20211013103348,22590,22590,22590,22590,985
20211013103348,22595,22595,22595,22595,1
20211013103348,22590,22590,22590,22590,1
20211013103348,22590,22590,22590,22590,103
20211013103348,22590,22590,22590,22590,3
20211013103349,22595,22595,22595,22595,1
20211013103349,22595,22595,22595,22595,1
20211013103349,22595,22595,22595,22595,1
20211013103350,22595,22595,22595,22595,1
20211013103350,22595,22595,22595,22595,9775
20211013103351,22590,22590,22590,22590,1000
20211013103351,22600,22600,22600,22600,300
20211013103351,22590,22590,22590,22590,1
20211013103351,22595,22595,22595,22595,10
20211013103351,22590,22590,22590,22590,1
20211013103351,22590,22590,22590,22590,1
20211013103351,22590,22590,22590,22590,1
20211013103351,22590,22590,22590,22590,1
20211013103351,22590,22590,22590,22590,20
20211013103351,22590,22590,22590,22590,1
20211013103351,22595,22595,22595,22595,1
20211013103352,22590,22590,22590,22590,2084
20211013103352,22595,22595,22595,22595,4
20211013103352,22590,22590,22590,22590,44
20211013103353,22590,22590,22590,22590,50
20211013103354,22585,22585,22585,22585,1
20211013103354,22590,22590,22590,22590,1
20211013103354,22590,22590,22590,22590,1
20211013103354,22590,22590,22590,22590,1000
20211013103354,22585,22585,22585,22585,225
20211013103355,22590,22590,22590,22590,20
20211013103357,22590,22590,22590,22590,30
20211013103357,22585,22585,22585,22585,150
20211013103357,22585,22585,22585,22585,1
20211013103358,22590,22590,22590,22590,22
20211013103359,22590,22590,22590,22590,100
20211013103400,22585,22585,22585,22585,101
20211013103400,22585,22585,22585,22585,100
20211013103401,22580,22580,22580,22580,1
20211013103401,22580,22580,22580,22580,1
20211013103401,22580,22580,22580,22580,2
20211013103402,22585,22585,22585,22585,50
20211013103403,22585,22585,22585,22585,1
20211013103404,22585,22585,22585,22585,149
20211013103406,22585,22585,22585,22585,100
20211013103406,22585,22585,22585,22585,1
20211013103408,22580,22580,22580,22580,3080
20211013103409,22575,22575,22575,22575,1
20211013103409,22575,22575,22575,22575,1
20211013103409,22575,22575,22575,22575,1
20211013103410,22575,22575,22575,22575,59
20211013103412,22575,22575,22575,22575,500
20211013103413,22575,22575,22575,22575,1
20211013103413,22575,22575,22575,22575,453
20211013103414,22570,22570,22570,22570,10193
20211013103414,22570,22570,22570,22570,10
20211013103414,22570,22570,22570,22570,7
20211013103415,22570,22570,22570,22570,10
20211013103417,22570,22570,22570,22570,10
20211013103417,22565,22565,22565,22565,2
20211013103417,22570,22570,22570,22570,17
20211013103417,22565,22565,22565,22565,942
20211013103418,22570,22570,22570,22570,1
20211013103418,22570,22570,22570,22570,1
20211013103418,22570,22570,22570,22570,48
20211013103418,22575,22575,22575,22575,1
20211013103420,22575,22575,22575,22575,1
20211013103423,22575,22575,22575,22575,118
20211013103424,22575,22575,22575,22575,1
20211013103424,22575,22575,22575,22575,101
20211013103426,22575,22575,22575,22575,500
20211013103426,22575,22575,22575,22575,1
20211013103427,22575,22575,22575,22575,10
20211013103428,22575,22575,22575,22575,10
20211013103430,22570,22570,22570,22570,14
20211013103431,22575,22575,22575,22575,763
20211013103431,22575,22575,22575,22575,190
20211013103431,22575,22575,22575,22575,491
20211013103431,22575,22575,22575,22575,30
20211013103431,22570,22570,22570,22570,1
20211013103431,22570,22570,22570,22570,45
20211013103432,22565,22565,22565,22565,226
20211013103433,22570,22570,22570,22570,16
20211013103434,22570,22570,22570,22570,1
20211013103434,22570,22570,22570,22570,30
20211013103435,22570,22570,22570,22570,1
20211013103438,22565,22565,22565,22565,49
20211013103438,22560,22560,22560,22560,71
20211013103438,22565,22565,22565,22565,30
20211013103439,22565,22565,22565,22565,16
20211013103442,22565,22565,22565,22565,30
20211013103443,22560,22560,22560,22560,30
20211013103444,22565,22565,22565,22565,1
20211013103445,22565,22565,22565,22565,30
20211013103446,22560,22560,22560,22560,150
20211013103447,22555,22555,22555,22555,600
20211013103447,22560,22560,22560,22560,100
20211013103447,22560,22560,22560,22560,25
20211013103447,22560,22560,22560,22560,375
20211013103449,22565,22565,22565,22565,1
20211013103449,22565,22565,22565,22565,1
20211013103449,22565,22565,22565,22565,1
20211013103450,22560,22560,22560,22560,50
20211013103452,22560,22560,22560,22560,20
20211013103452,22560,22560,22560,22560,325
20211013103454,22560,22560,22560,22560,8195
20211013103456,22555,22555,22555,22555,30
20211013103456,22560,22560,22560,22560,30
20211013103457,22555,22555,22555,22555,2840
20211013103457,22550,22550,22550,22550,748
20211013103457,22550,22550,22550,22550,968
20211013103457,22545,22545,22545,22545,1
20211013103458,22545,22545,22545,22545,444
20211013103459,22545,22545,22545,22545,4
20211013103500,22540,22540,22540,22540,1
20211013103500,22545,22545,22545,22545,26
20211013103501,22550,22550,22550,22550,10
20211013103501,22540,22540,22540,22540,6
20211013103502,22545,22545,22545,22545,2
20211013103502,22540,22540,22540,22540,4
20211013103504,22540,22540,22540,22540,1000
20211013103507,22545,22545,22545,22545,1
20211013103507,22540,22540,22540,22540,1
20211013103508,22540,22540,22540,22540,737
20211013103508,22540,22540,22540,22540,50
20211013103508,22535,22535,22535,22535,1084
20211013103509,22540,22540,22540,22540,49
20211013103509,22535,22535,22535,22535,500
20211013103511,22540,22540,22540,22540,1
20211013103511,22540,22540,22540,22540,1
20211013103511,22545,22545,22545,22545,2652
20211013103514,22545,22545,22545,22545,3
20211013103514,22545,22545,22545,22545,1
20211013103514,22545,22545,22545,22545,50
20211013103514,22545,22545,22545,22545,535
20211013103515,22545,22545,22545,22545,1
20211013103516,22550,22550,22550,22550,106
20211013103519,22555,22555,22555,22555,1
20211013103519,22555,22555,22555,22555,1
20211013103521,22555,22555,22555,22555,1
20211013103521,22555,22555,22555,22555,3
20211013103523,22555,22555,22555,22555,10
20211013103523,22555,22555,22555,22555,25
20211013103524,22550,22550,22550,22550,20
20211013103525,22555,22555,22555,22555,1
20211013103525,22555,22555,22555,22555,29
20211013103526,22555,22555,22555,22555,70
20211013103526,22555,22555,22555,22555,30
20211013103527,22555,22555,22555,22555,44
20211013103527,22555,22555,22555,22555,1
20211013103527,22550,22550,22550,22550,1
20211013103528,22555,22555,22555,22555,389
20211013103528,22560,22560,22560,22560,1
20211013103528,22555,22555,22555,22555,1
20211013103529,22560,22560,22560,22560,500
20211013103530,22555,22555,22555,22555,200
20211013103530,22560,22560,22560,22560,111
20211013103531,22560,22560,22560,22560,10
20211013103531,22555,22555,22555,22555,44
20211013103533,22555,22555,22555,22555,50
20211013103533,22555,22555,22555,22555,60
20211013103535,22550,22550,22550,22550,270
20211013103535,22545,22545,22545,22545,100
20211013103537,22545,22545,22545,22545,3285
20211013103538,22545,22545,22545,22545,2
20211013103538,22545,22545,22545,22545,1
20211013103538,22545,22545,22545,22545,27
20211013103540,22545,22545,22545,22545,1
20211013103541,22550,22550,22550,22550,11
20211013103541,22550,22550,22550,22550,422
20211013103542,22550,22550,22550,22550,70
20211013103543,22555,22555,22555,22555,25
20211013103543,22555,22555,22555,22555,25
20211013103543,22555,22555,22555,22555,25
20211013103543,22555,22555,22555,22555,50
20211013103544,22555,22555,22555,22555,1
20211013103545,22555,22555,22555,22555,20
20211013103545,22555,22555,22555,22555,1
20211013103547,22560,22560,22560,22560,1
20211013103547,22560,22560,22560,22560,1
20211013103547,22560,22560,22560,22560,1
20211013103547,22560,22560,22560,22560,73
20211013103552,22560,22560,22560,22560,20
20211013103554,22565,22565,22565,22565,1
20211013103554,22560,22560,22560,22560,100
20211013103555,22565,22565,22565,22565,2
20211013103555,22565,22565,22565,22565,1
20211013103555,22565,22565,22565,22565,874
20211013103600,22565,22565,22565,22565,5
20211013103601,22570,22570,22570,22570,891
20211013103601,22570,22570,22570,22570,1
20211013103601,22570,22570,22570,22570,435
20211013103601,22565,22565,22565,22565,20
20211013103601,22570,22570,22570,22570,500
20211013103601,22570,22570,22570,22570,10
20211013103602,22575,22575,22575,22575,1
20211013103603,22570,22570,22570,22570,22
20211013103603,22575,22575,22575,22575,1
20211013103603,22575,22575,22575,22575,704
20211013103604,22580,22580,22580,22580,1
20211013103604,22580,22580,22580,22580,1
20211013103605,22575,22575,22575,22575,1
20211013103605,22575,22575,22575,22575,1
20211013103605,22575,22575,22575,22575,19
20211013103606,22575,22575,22575,22575,1
20211013103610,22580,22580,22580,22580,1250
20211013103610,22575,22575,22575,22575,1
20211013103611,22580,22580,22580,22580,5
20211013103611,22585,22585,22585,22585,248
20211013103611,22580,22580,22580,22580,50
20211013103612,22585,22585,22585,22585,1
20211013103612,22585,22585,22585,22585,1
20211013103613,22580,22580,22580,22580,1
20211013103614,22580,22580,22580,22580,659
20211013103614,22575,22575,22575,22575,1
20211013103615,22575,22575,22575,22575,1
20211013103615,22575,22575,22575,22575,849
20211013103615,22580,22580,22580,22580,20
20211013103617,22580,22580,22580,22580,200
20211013103617,22580,22580,22580,22580,1
20211013103618,22580,22580,22580,22580,200
20211013103618,22580,22580,22580,22580,20
20211013103619,22575,22575,22575,22575,1
20211013103619,22575,22575,22575,22575,1976
20211013103620,22570,22570,22570,22570,1
20211013103620,22570,22570,22570,22570,1
20211013103620,22575,22575,22575,22575,1
20211013103623,22575,22575,22575,22575,100
20211013103624,22575,22575,22575,22575,15
20211013103627,22570,22570,22570,22570,106
20211013103627,22570,22570,22570,22570,1
20211013103627,22570,22570,22570,22570,1
20211013103627,22570,22570,22570,22570,7230
20211013103628,22575,22575,22575,22575,10
20211013103628,22575,22575,22575,22575,83
20211013103628,22570,22570,22570,22570,2047
20211013103629,22575,22575,22575,22575,25
20211013103629,22570,22570,22570,22570,2
20211013103630,22575,22575,22575,22575,5
20211013103630,22580,22580,22580,22580,113
20211013103632,22580,22580,22580,22580,1
20211013103634,22580,22580,22580,22580,1
20211013103634,22585,22585,22585,22585,873
20211013103635,22585,22585,22585,22585,10
20211013103635,22585,22585,22585,22585,1
20211013103636,22590,22590,22590,22590,1
20211013103636,22585,22585,22585,22585,1
20211013103636,22585,22585,22585,22585,1
20211013103636,22590,22590,22590,22590,1
20211013103636,22590,22590,22590,22590,2468
20211013103636,22590,22590,22590,22590,10
20211013103637,22585,22585,22585,22585,1
20211013103638,22585,22585,22585,22585,2071
20211013103638,22585,22585,22585,22585,378
20211013103638,22585,22585,22585,22585,378
20211013103638,22585,22585,22585,22585,378
20211013103638,22585,22585,22585,22585,378
20211013103638,22585,22585,22585,22585,17
20211013103639,22590,22590,22590,22590,1
20211013103640,22590,22590,22590,22590,3
20211013103640,22590,22590,22590,22590,1
20211013103640,22590,22590,22590,22590,1
20211013103640,22590,22590,22590,22590,1
20211013103640,22590,22590,22590,22590,1
20211013103640,22590,22590,22590,22590,1
20211013103640,22590,22590,22590,22590,1
20211013103640,22590,22590,22590,22590,1
20211013103640,22590,22590,22590,22590,1
20211013103640,22590,22590,22590,22590,1
20211013103640,22590,22590,22590,22590,1
20211013103640,22590,22590,22590,22590,1
20211013103640,22590,22590,22590,22590,1
20211013103640,22590,22590,22590,22590,1
20211013103640,22590,22590,22590,22590,1
20211013103640,22590,22590,22590,22590,1
20211013103640,22590,22590,22590,22590,1
20211013103640,22590,22590,22590,22590,1
20211013103640,22590,22590,22590,22590,1
20211013103640,22590,22590,22590,22590,1
20211013103640,22590,22590,22590,22590,1
20211013103640,22590,22590,22590,22590,1
20211013103640,22590,22590,22590,22590,1
20211013103640,22590,22590,22590,22590,1
20211013103640,22590,22590,22590,22590,1
20211013103640,22590,22590,22590,22590,1
20211013103640,22590,22590,22590,22590,1
20211013103640,22590,22590,22590,22590,1
20211013103640,22590,22590,22590,22590,1
20211013103640,22590,22590,22590,22590,1
20211013103640,22590,22590,22590,22590,1
20211013103640,22590,22590,22590,22590,1
20211013103640,22590,22590,22590,22590,1
20211013103640,22590,22590,22590,22590,1
20211013103640,22590,22590,22590,22590,1
20211013103640,22590,22590,22590,22590,1
20211013103640,22590,22590,22590,22590,1
20211013103640,22590,22590,22590,22590,1
20211013103640,22590,22590,22590,22590,10
20211013103641,22590,22590,22590,22590,971
20211013103643,22595,22595,22595,22595,1
20211013103643,22595,22595,22595,22595,1
20211013103644,22595,22595,22595,22595,4768
20211013103644,22590,22590,22590,22590,11
20211013103645,22600,22600,22600,22600,100
20211013103645,22595,22595,22595,22595,1
20211013103645,22595,22595,22595,22595,1
20211013103646,22595,22595,22595,22595,1
20211013103646,22595,22595,22595,22595,1
20211013103646,22595,22595,22595,22595,1892
20211013103647,22595,22595,22595,22595,203
20211013103647,22595,22595,22595,22595,10
20211013103647,22595,22595,22595,22595,20
20211013103648,22600,22600,22600,22600,100
20211013103648,22600,22600,22600,22600,1
20211013103648,22600,22600,22600,22600,1
20211013103648,22595,22595,22595,22595,30
20211013103648,22600,22600,22600,22600,600
20211013103649,22600,22600,22600,22600,1
20211013103651,22600,22600,22600,22600,1
20211013103652,22595,22595,22595,22595,6
20211013103652,22595,22595,22595,22595,444
20211013103653,22600,22600,22600,22600,40
20211013103654,22600,22600,22600,22600,1
20211013103654,22600,22600,22600,22600,1
20211013103654,22595,22595,22595,22595,3995
20211013103654,22595,22595,22595,22595,500
20211013103654,22600,22600,22600,22600,836
20211013103655,22595,22595,22595,22595,1
20211013103655,22595,22595,22595,22595,49
20211013103656,22595,22595,22595,22595,100
20211013103657,22590,22590,22590,22590,1000
20211013103657,22595,22595,22595,22595,1
20211013103657,22590,22590,22590,22590,1
20211013103657,22595,22595,22595,22595,20
20211013103658,22595,22595,22595,22595,100
20211013103658,22600,22600,22600,22600,100
20211013103700,22600,22600,22600,22600,2
20211013103700,22600,22600,22600,22600,1
20211013103700,22600,22600,22600,22600,1
20211013103700,22600,22600,22600,22600,1
20211013103700,22600,22600,22600,22600,1
20211013103700,22600,22600,22600,22600,1
20211013103700,22595,22595,22595,22595,1
20211013103700,22595,22595,22595,22595,1
20211013103701,22600,22600,22600,22600,1
20211013103701,22600,22600,22600,22600,1
20211013103701,22595,22595,22595,22595,422
20211013103701,22600,22600,22600,22600,1
20211013103701,22600,22600,22600,22600,1
20211013103702,22595,22595,22595,22595,1
20211013103703,22600,22600,22600,22600,1
20211013103703,22600,22600,22600,22600,1
20211013103703,22600,22600,22600,22600,1
20211013103703,22600,22600,22600,22600,2043
20211013103703,22595,22595,22595,22595,1977
20211013103704,22595,22595,22595,22595,25
20211013103705,22600,22600,22600,22600,1
20211013103705,22600,22600,22600,22600,2085
20211013103705,22600,22600,22600,22600,40988
20211013103705,22600,22600,22600,22600,1
20211013103705,22600,22600,22600,22600,1000
20211013103705,22600,22600,22600,22600,5
20211013103705,22605,22605,22605,22605,1
20211013103705,22605,22605,22605,22605,1
20211013103705,22600,22600,22600,22600,1
20211013103706,22600,22600,22600,22600,35
20211013103706,22600,22600,22600,22600,30
20211013103706,22605,22605,22605,22605,1
20211013103707,22600,22600,22600,22600,100
20211013103707,22600,22600,22600,22600,1
20211013103708,22605,22605,22605,22605,8440
20211013103708,22605,22605,22605,22605,10
20211013103708,22605,22605,22605,22605,1992
20211013103711,22600,22600,22600,22600,2
20211013103711,22600,22600,22600,22600,385
20211013103712,22600,22600,22600,22600,100
20211013103712,22600,22600,22600,22600,20
20211013103712,22595,22595,22595,22595,629
20211013103712,22595,22595,22595,22595,1202
20211013103712,22590,22590,22590,22590,1
20211013103712,22595,22595,22595,22595,1327
20211013103713,22590,22590,22590,22590,61
20211013103713,22585,22585,22585,22585,439
20211013103715,22590,22590,22590,22590,16
20211013103716,22590,22590,22590,22590,109
20211013103717,22595,22595,22595,22595,1
20211013103717,22590,22590,22590,22590,1
20211013103717,22590,22590,22590,22590,45
20211013103717,22595,22595,22595,22595,300
20211013103718,22595,22595,22595,22595,50
20211013103718,22590,22590,22590,22590,10
20211013103719,22590,22590,22590,22590,10
20211013103720,22585,22585,22585,22585,10
20211013103720,22590,22590,22590,22590,10
20211013103720,22590,22590,22590,22590,2000
20211013103721,22585,22585,22585,22585,1
20211013103721,22585,22585,22585,22585,48
20211013103721,22590,22590,22590,22590,2
20211013103722,22590,22590,22590,22590,15
20211013103722,22590,22590,22590,22590,748
20211013103722,22580,22580,22580,22580,1
20211013103723,22585,22585,22585,22585,50
20211013103723,22585,22585,22585,22585,1
20211013103724,22590,22590,22590,22590,1
20211013103724,22585,22585,22585,22585,10
20211013103724,22580,22580,22580,22580,1
20211013103724,22585,22585,22585,22585,10
20211013103725,22580,22580,22580,22580,1
20211013103725,22585,22585,22585,22585,10
20211013103725,22585,22585,22585,22585,10
20211013103726,22585,22585,22585,22585,50
20211013103726,22580,22580,22580,22580,100
20211013103727,22585,22585,22585,22585,15
20211013103727,22580,22580,22580,22580,5
20211013103729,22585,22585,22585,22585,1
20211013103730,22585,22585,22585,22585,637
20211013103730,22585,22585,22585,22585,487
20211013103731,22585,22585,22585,22585,5
20211013103733,22585,22585,22585,22585,50
20211013103734,22585,22585,22585,22585,1
20211013103735,22585,22585,22585,22585,50
20211013103735,22580,22580,22580,22580,1
20211013103735,22580,22580,22580,22580,1
20211013103735,22580,22580,22580,22580,1
20211013103735,22580,22580,22580,22580,1
20211013103739,22585,22585,22585,22585,100
20211013103739,22585,22585,22585,22585,2158
20211013103740,22585,22585,22585,22585,1818
20211013103743,22585,22585,22585,22585,50
20211013103744,22580,22580,22580,22580,1
20211013103744,22580,22580,22580,22580,7931
20211013103745,22580,22580,22580,22580,85
20211013103745,22580,22580,22580,22580,1
20211013103745,22580,22580,22580,22580,414
20211013103748,22575,22575,22575,22575,1
20211013103748,22575,22575,22575,22575,1
20211013103749,22575,22575,22575,22575,262
20211013103749,22570,22570,22570,22570,4732
20211013103750,22575,22575,22575,22575,1
20211013103750,22580,22580,22580,22580,45
20211013103750,22585,22585,22585,22585,1
20211013103750,22585,22585,22585,22585,1
20211013103751,22580,22580,22580,22580,1
20211013103752,22585,22585,22585,22585,8306
20211013103752,22590,22590,22590,22590,2171
20211013103752,22585,22585,22585,22585,1
20211013103754,22590,22590,22590,22590,1
20211013103754,22585,22585,22585,22585,1
20211013103755,22585,22585,22585,22585,10
20211013103758,22585,22585,22585,22585,300
20211013103758,22580,22580,22580,22580,1
20211013103758,22580,22580,22580,22580,96
20211013103800,22575,22575,22575,22575,200
20211013103802,22580,22580,22580,22580,48
20211013103803,22585,22585,22585,22585,1
20211013103804,22585,22585,22585,22585,29
20211013103805,22585,22585,22585,22585,40
20211013103805,22585,22585,22585,22585,500
20211013103806,22585,22585,22585,22585,3910
20211013103806,22590,22590,22590,22590,1
20211013103806,22590,22590,22590,22590,1
20211013103807,22585,22585,22585,22585,1
20211013103807,22585,22585,22585,22585,1
20211013103807,22590,22590,22590,22590,1
20211013103807,22590,22590,22590,22590,73
20211013103810,22585,22585,22585,22585,1
20211013103811,22585,22585,22585,22585,1
20211013103813,22590,22590,22590,22590,1900
20211013103815,22585,22585,22585,22585,1413
20211013103816,22585,22585,22585,22585,1
20211013103818,22590,22590,22590,22590,1
20211013103819,22585,22585,22585,22585,1
20211013103829,22590,22590,22590,22590,1104
20211013103829,22595,22595,22595,22595,1
20211013103829,22595,22595,22595,22595,1
20211013103829,22590,22590,22590,22590,1
20211013103829,22595,22595,22595,22595,1
20211013103830,22595,22595,22595,22595,996
20211013103831,22595,22595,22595,22595,1
20211013103831,22595,22595,22595,22595,1
20211013103832,22600,22600,22600,22600,1
20211013103832,22600,22600,22600,22600,6315
20211013103833,22595,22595,22595,22595,1
20211013103833,22600,22600,22600,22600,1
20211013103833,22600,22600,22600,22600,1
20211013103833,22595,22595,22595,22595,1
20211013103834,22595,22595,22595,22595,20
20211013103834,22600,22600,22600,22600,1
20211013103835,22605,22605,22605,22605,500
20211013103835,22600,22600,22600,22600,500
20211013103835,22600,22600,22600,22600,10
20211013103835,22600,22600,22600,22600,1
20211013103835,22595,22595,22595,22595,1
20211013103835,22595,22595,22595,22595,1
20211013103836,22595,22595,22595,22595,1
20211013103836,22600,22600,22600,22600,2
20211013103838,22590,22590,22590,22590,19993
20211013103839,22590,22590,22590,22590,10
20211013103839,22590,22590,22590,22590,8487
20211013103839,22590,22590,22590,22590,1864
20211013103839,22590,22590,22590,22590,8000
20211013103839,22590,22590,22590,22590,1649
20211013103839,22585,22585,22585,22585,1
20211013103839,22585,22585,22585,22585,1
20211013103839,22585,22585,22585,22585,1
20211013103840,22585,22585,22585,22585,30
20211013103841,22585,22585,22585,22585,214
20211013103841,22590,22590,22590,22590,3707
20211013103842,22590,22590,22590,22590,1
20211013103844,22585,22585,22585,22585,5
20211013103845,22585,22585,22585,22585,1
20211013103846,22585,22585,22585,22585,10
20211013103846,22585,22585,22585,22585,500
20211013103846,22580,22580,22580,22580,2659
20211013103849,22585,22585,22585,22585,100
20211013103849,22580,22580,22580,22580,1
20211013103849,22580,22580,22580,22580,2
20211013103850,22580,22580,22580,22580,905
20211013103850,22580,22580,22580,22580,1
20211013103853,22580,22580,22580,22580,1
20211013103856,22580,22580,22580,22580,45
20211013103856,22580,22580,22580,22580,45
20211013103859,22580,22580,22580,22580,10
20211013103900,22575,22575,22575,22575,50
20211013103900,22580,22580,22580,22580,50
20211013103900,22580,22580,22580,22580,1
20211013103900,22580,22580,22580,22580,321
20211013103902,22585,22585,22585,22585,1
20211013103902,22580,22580,22580,22580,453
20211013103905,22585,22585,22585,22585,5
20211013103906,22585,22585,22585,22585,50
20211013103906,22590,22590,22590,22590,6521
20211013103907,22595,22595,22595,22595,1
20211013103907,22595,22595,22595,22595,1
20211013103907,22595,22595,22595,22595,100
20211013103907,22590,22590,22590,22590,100
20211013103907,22595,22595,22595,22595,100
20211013103909,22600,22600,22600,22600,44
20211013103909,22600,22600,22600,22600,44
20211013103910,22600,22600,22600,22600,44
20211013103910,22600,22600,22600,22600,20
20211013103910,22600,22600,22600,22600,44
20211013103911,22600,22600,22600,22600,44
20211013103911,22600,22600,22600,22600,45
20211013103911,22595,22595,22595,22595,1
20211013103911,22590,22590,22590,22590,1
20211013103911,22590,22590,22590,22590,2000
20211013103913,22595,22595,22595,22595,50
20211013103914,22595,22595,22595,22595,500
20211013103915,22590,22590,22590,22590,1915
20211013103917,22595,22595,22595,22595,500
20211013103918,22595,22595,22595,22595,1
20211013103921,22595,22595,22595,22595,16
20211013103921,22600,22600,22600,22600,1
20211013103924,22595,22595,22595,22595,20
20211013103925,22600,22600,22600,22600,1
20211013103926,22600,22600,22600,22600,50
20211013103927,22595,22595,22595,22595,50
20211013103927,22600,22600,22600,22600,70
20211013103927,22595,22595,22595,22595,909
20211013103927,22595,22595,22595,22595,463
20211013103927,22595,22595,22595,22595,463
20211013103927,22595,22595,22595,22595,165
20211013103928,22595,22595,22595,22595,1
20211013103928,22600,22600,22600,22600,1940
20211013103930,22600,22600,22600,22600,1
20211013103930,22600,22600,22600,22600,1
20211013103933,22600,22600,22600,22600,1
20211013103933,22600,22600,22600,22600,2134
20211013103933,22600,22600,22600,22600,20
20211013103934,22605,22605,22605,22605,1
20211013103934,22605,22605,22605,22605,1
20211013103934,22605,22605,22605,22605,1
20211013103934,22600,22600,22600,22600,5200
20211013103934,22605,22605,22605,22605,1
20211013103934,22600,22600,22600,22600,1
20211013103935,22605,22605,22605,22605,4441
20211013103935,22605,22605,22605,22605,1
20211013103935,22610,22610,22610,22610,1
20211013103935,22610,22610,22610,22610,1
20211013103935,22610,22610,22610,22610,5671
20211013103935,22615,22615,22615,22615,4
20211013103935,22615,22615,22615,22615,60
20211013103935,22610,22610,22610,22610,500
20211013103935,22610,22610,22610,22610,500
20211013103935,22610,22610,22610,22610,700
20211013103935,22615,22615,22615,22615,112
20211013103935,22615,22615,22615,22615,20
20211013103936,22615,22615,22615,22615,1
20211013103936,22615,22615,22615,22615,3491
20211013103936,22615,22615,22615,22615,1
20211013103936,22620,22620,22620,22620,1
20211013103936,22620,22620,22620,22620,2
20211013103936,22620,22620,22620,22620,1
20211013103936,22620,22620,22620,22620,1
20211013103936,22620,22620,22620,22620,17457
20211013103937,22620,22620,22620,22620,3158
20211013103937,22615,22615,22615,22615,1
20211013103937,22615,22615,22615,22615,2193
20211013103937,22615,22615,22615,22615,1
20211013103939,22610,22610,22610,22610,500
20211013103939,22610,22610,22610,22610,1402
20211013103939,22610,22610,22610,22610,1402
20211013103939,22610,22610,22610,22610,1402
20211013103939,22610,22610,22610,22610,1402
20211013103939,22610,22610,22610,22610,1402
20211013103939,22610,22610,22610,22610,1402
20211013103939,22610,22610,22610,22610,1402
20211013103939,22610,22610,22610,22610,897
20211013103939,22605,22605,22605,22605,1
20211013103940,22615,22615,22615,22615,500
20211013103940,22610,22610,22610,22610,7248
20211013103940,22605,22605,22605,22605,3963
20211013103941,22605,22605,22605,22605,2000
20211013103941,22610,22610,22610,22610,10
20211013103941,22610,22610,22610,22610,50
20211013103941,22605,22605,22605,22605,200
20211013103941,22610,22610,22610,22610,1
20211013103942,22610,22610,22610,22610,1
20211013103942,22610,22610,22610,22610,138
20211013103942,22610,22610,22610,22610,11012
20211013103943,22615,22615,22615,22615,15
20211013103943,22610,22610,22610,22610,1
20211013103945,22610,22610,22610,22610,100
20211013103945,22610,22610,22610,22610,10
20211013103946,22610,22610,22610,22610,221
20211013103947,22610,22610,22610,22610,102
20211013103947,22610,22610,22610,22610,1
20211013103948,22610,22610,22610,22610,69
20211013103948,22605,22605,22605,22605,1
20211013103949,22615,22615,22615,22615,504
20211013103950,22615,22615,22615,22615,1
20211013103950,22615,22615,22615,22615,1
20211013103950,22615,22615,22615,22615,200
20211013103951,22615,22615,22615,22615,1
20211013103951,22610,22610,22610,22610,1
20211013103951,22615,22615,22615,22615,1
20211013103951,22615,22615,22615,22615,798
20211013103951,22615,22615,22615,22615,1
20211013103952,22615,22615,22615,22615,25
20211013103954,22615,22615,22615,22615,1585
20211013103954,22615,22615,22615,22615,960
20211013103954,22615,22615,22615,22615,2
20211013103954,22615,22615,22615,22615,50
20211013103955,22615,22615,22615,22615,101
20211013103955,22615,22615,22615,22615,1
20211013103955,22615,22615,22615,22615,1
20211013103955,22615,22615,22615,22615,1
20211013103955,22615,22615,22615,22615,1
20211013103955,22615,22615,22615,22615,118
20211013103956,22615,22615,22615,22615,23
20211013103956,22615,22615,22615,22615,1
20211013103956,22620,22620,22620,22620,2
20211013103958,22610,22610,22610,22610,892
20211013103959,22610,22610,22610,22610,200
20211013104001,22610,22610,22610,22610,1
20211013104001,22610,22610,22610,22610,10
20211013104001,22610,22610,22610,22610,10
20211013104001,22610,22610,22610,22610,1
20211013104001,22610,22610,22610,22610,1
20211013104001,22610,22610,22610,22610,1
20211013104001,22610,22610,22610,22610,427
20211013104001,22615,22615,22615,22615,6
20211013104002,22615,22615,22615,22615,10
20211013104002,22610,22610,22610,22610,20
20211013104005,22610,22610,22610,22610,1
20211013104005,22610,22610,22610,22610,500
20211013104005,22610,22610,22610,22610,1
20211013104005,22610,22610,22610,22610,9
20211013104007,22610,22610,22610,22610,11
20211013104008,22610,22610,22610,22610,1
20211013104008,22610,22610,22610,22610,4
20211013104009,22610,22610,22610,22610,76
20211013104010,22610,22610,22610,22610,1
20211013104010,22610,22610,22610,22610,11134
20211013104011,22610,22610,22610,22610,44
20211013104014,22610,22610,22610,22610,100
20211013104015,22610,22610,22610,22610,20
20211013104020,22605,22605,22605,22605,4541
20211013104021,22600,22600,22600,22600,1
20211013104022,22605,22605,22605,22605,1
20211013104022,22605,22605,22605,22605,1
20211013104022,22605,22605,22605,22605,18
20211013104024,22605,22605,22605,22605,100
20211013104025,22610,22610,22610,22610,221
20211013104029,22600,22600,22600,22600,960
20211013104030,22600,22600,22600,22600,11
20211013104031,22600,22600,22600,22600,3118
20211013104032,22600,22600,22600,22600,1
20211013104036,22600,22600,22600,22600,10
20211013104036,22595,22595,22595,22595,40
20211013104037,22595,22595,22595,22595,5738
20211013104038,22600,22600,22600,22600,625
20211013104039,22595,22595,22595,22595,20
20211013104041,22590,22590,22590,22590,788
20211013104041,22595,22595,22595,22595,1
20211013104042,22585,22585,22585,22585,563
20211013104042,22580,22580,22580,22580,922
20211013104043,22585,22585,22585,22585,1000
20211013104044,22590,22590,22590,22590,177
20211013104044,22590,22590,22590,22590,71
20211013104045,22590,22590,22590,22590,1
20211013104045,22590,22590,22590,22590,1
20211013104046,22590,22590,22590,22590,1
20211013104046,22585,22585,22585,22585,71
20211013104047,22585,22585,22585,22585,3
20211013104048,22585,22585,22585,22585,1
20211013104049,22585,22585,22585,22585,1
20211013104050,22590,22590,22590,22590,110
20211013104051,22590,22590,22590,22590,13
20211013104052,22595,22595,22595,22595,100
20211013104054,22595,22595,22595,22595,100
20211013104055,22595,22595,22595,22595,50
20211013104055,22590,22590,22590,22590,103
20211013104055,22590,22590,22590,22590,500
20211013104059,22595,22595,22595,22595,2436
20211013104059,22590,22590,22590,22590,52
20211013104059,22590,22590,22590,22590,100
20211013104100,22590,22590,22590,22590,17
20211013104100,22585,22585,22585,22585,1
20211013104100,22590,22590,22590,22590,1
20211013104100,22585,22585,22585,22585,1
20211013104100,22585,22585,22585,22585,1
20211013104101,22590,22590,22590,22590,1000
20211013104104,22590,22590,22590,22590,1
20211013104104,22590,22590,22590,22590,1
20211013104104,22585,22585,22585,22585,396
20211013104108,22585,22585,22585,22585,5
20211013104108,22585,22585,22585,22585,5
20211013104109,22580,22580,22580,22580,1
20211013104109,22580,22580,22580,22580,1099
20211013104114,22585,22585,22585,22585,1140
20211013104114,22585,22585,22585,22585,38
20211013104114,22585,22585,22585,22585,10
20211013104114,22590,22590,22590,22590,810
20211013104114,22590,22590,22590,22590,6
20211013104115,22590,22590,22590,22590,46
20211013104117,22590,22590,22590,22590,250
20211013104118,22585,22585,22585,22585,1
20211013104119,22590,22590,22590,22590,1
20211013104120,22585,22585,22585,22585,1
20211013104120,22585,22585,22585,22585,1
20211013104120,22585,22585,22585,22585,1
20211013104121,22590,22590,22590,22590,1
20211013104123,22590,22590,22590,22590,5
20211013104124,22585,22585,22585,22585,400
20211013104128,22585,22585,22585,22585,50
20211013104130,22580,22580,22580,22580,1
20211013104130,22585,22585,22585,22585,50
20211013104131,22580,22580,22580,22580,263
20211013104134,22580,22580,22580,22580,5
20211013104134,22580,22580,22580,22580,1
20211013104134,22580,22580,22580,22580,94
20211013104134,22580,22580,22580,22580,50
20211013104135,22575,22575,22575,22575,1
20211013104135,22580,22580,22580,22580,1
20211013104136,22580,22580,22580,22580,1
20211013104136,22580,22580,22580,22580,4298
20211013104136,22580,22580,22580,22580,5982
20211013104139,22580,22580,22580,22580,1151
20211013104139,22580,22580,22580,22580,60
20211013104140,22575,22575,22575,22575,1
20211013104140,22575,22575,22575,22575,901
20211013104141,22580,22580,22580,22580,15
20211013104142,22575,22575,22575,22575,800
20211013104143,22575,22575,22575,22575,50
20211013104143,22570,22570,22570,22570,600
20211013104143,22570,22570,22570,22570,1400
20211013104143,22575,22575,22575,22575,10
20211013104143,22575,22575,22575,22575,500
20211013104143,22575,22575,22575,22575,125
20211013104143,22575,22575,22575,22575,634
20211013104145,22570,22570,22570,22570,1000
20211013104146,22575,22575,22575,22575,5
20211013104149,22580,22580,22580,22580,100
20211013104150,22580,22580,22580,22580,1086
20211013104150,22580,22580,22580,22580,1
20211013104150,22580,22580,22580,22580,76
20211013104153,22580,22580,22580,22580,1
20211013104153,22580,22580,22580,22580,5
20211013104153,22580,22580,22580,22580,1
20211013104153,22580,22580,22580,22580,93
20211013104155,22580,22580,22580,22580,1
20211013104156,22580,22580,22580,22580,460
20211013104156,22585,22585,22585,22585,11
20211013104157,22585,22585,22585,22585,1
20211013104157,22580,22580,22580,22580,1
20211013104157,22580,22580,22580,22580,49
20211013104158,22580,22580,22580,22580,49
20211013104158,22580,22580,22580,22580,151
20211013104200,22580,22580,22580,22580,362
20211013104200,22585,22585,22585,22585,1
20211013104200,22585,22585,22585,22585,1
20211013104200,22585,22585,22585,22585,2518
20211013104201,22590,22590,22590,22590,1
20211013104201,22590,22590,22590,22590,1
20211013104201,22585,22585,22585,22585,1
20211013104201,22585,22585,22585,22585,1
20211013104202,22585,22585,22585,22585,1
20211013104204,22585,22585,22585,22585,1
20211013104204,22590,22590,22590,22590,1
20211013104205,22590,22590,22590,22590,1
20211013104205,22590,22590,22590,22590,80
20211013104206,22590,22590,22590,22590,1107
20211013104207,22585,22585,22585,22585,1
20211013104208,22590,22590,22590,22590,50
20211013104208,22585,22585,22585,22585,2153
20211013104210,22585,22585,22585,22585,1
20211013104212,22585,22585,22585,22585,1
20211013104212,22590,22590,22590,22590,1
20211013104213,22590,22590,22590,22590,1
20211013104213,22595,22595,22595,22595,1
20211013104213,22595,22595,22595,22595,1
20211013104213,22595,22595,22595,22595,725
20211013104213,22595,22595,22595,22595,123
20211013104214,22595,22595,22595,22595,123
20211013104214,22595,22595,22595,22595,123
20211013104214,22595,22595,22595,22595,123
20211013104214,22595,22595,22595,22595,123
20211013104214,22595,22595,22595,22595,123
20211013104214,22595,22595,22595,22595,123
20211013104214,22595,22595,22595,22595,123
20211013104214,22595,22595,22595,22595,123
20211013104214,22595,22595,22595,22595,123
20211013104214,22595,22595,22595,22595,123
20211013104214,22595,22595,22595,22595,123
20211013104214,22595,22595,22595,22595,1
20211013104214,22595,22595,22595,22595,123
20211013104214,22595,22595,22595,22595,122
20211013104214,22595,22595,22595,22595,1
20211013104214,22595,22595,22595,22595,5492
20211013104214,22595,22595,22595,22595,1
20211013104215,22595,22595,22595,22595,7940
20211013104216,22590,22590,22590,22590,1
20211013104216,22585,22585,22585,22585,1
20211013104217,22595,22595,22595,22595,50
20211013104219,22585,22585,22585,22585,23
20211013104219,22585,22585,22585,22585,100
20211013104219,22580,22580,22580,22580,1
20211013104219,22585,22585,22585,22585,1000
20211013104219,22580,22580,22580,22580,305
20211013104220,22585,22585,22585,22585,220
20211013104223,22580,22580,22580,22580,111
20211013104223,22585,22585,22585,22585,5
20211013104227,22580,22580,22580,22580,1
20211013104227,22585,22585,22585,22585,100
20211013104227,22580,22580,22580,22580,300
20211013104231,22580,22580,22580,22580,50
20211013104232,22590,22590,22590,22590,1
20211013104232,22585,22585,22585,22585,1
20211013104233,22580,22580,22580,22580,4
20211013104236,22580,22580,22580,22580,20
20211013104238,22580,22580,22580,22580,4
20211013104238,22580,22580,22580,22580,1103
20211013104240,22580,22580,22580,22580,1
20211013104240,22580,22580,22580,22580,5
20211013104242,22575,22575,22575,22575,300
20211013104243,22580,22580,22580,22580,1
20211013104244,22580,22580,22580,22580,1060
20211013104245,22580,22580,22580,22580,70
20211013104245,22580,22580,22580,22580,6968
20211013104247,22580,22580,22580,22580,1
20211013104247,22590,22590,22590,22590,1
20211013104247,22590,22590,22590,22590,1
20211013104247,22585,22585,22585,22585,2201
20211013104248,22585,22585,22585,22585,1
20211013104248,22585,22585,22585,22585,1
20211013104251,22580,22580,22580,22580,1
20211013104251,22580,22580,22580,22580,50
20211013104251,22580,22580,22580,22580,50
20211013104251,22580,22580,22580,22580,250
20211013104252,22580,22580,22580,22580,1
20211013104253,22575,22575,22575,22575,1
20211013104255,22580,22580,22580,22580,1865
20211013104255,22575,22575,22575,22575,1
20211013104256,22575,22575,22575,22575,1
20211013104258,22585,22585,22585,22585,3
20211013104258,22585,22585,22585,22585,298
20211013104300,22585,22585,22585,22585,1
20211013104300,22585,22585,22585,22585,1
20211013104303,22585,22585,22585,22585,1
20211013104303,22585,22585,22585,22585,2
20211013104306,22585,22585,22585,22585,2
20211013104307,22585,22585,22585,22585,1
20211013104308,22585,22585,22585,22585,1
20211013104309,22580,22580,22580,22580,1
20211013104309,22580,22580,22580,22580,20
20211013104311,22575,22575,22575,22575,1
20211013104311,22575,22575,22575,22575,12676
20211013104316,22570,22570,22570,22570,1
20211013104317,22570,22570,22570,22570,1
20211013104317,22570,22570,22570,22570,9699
20211013104317,22570,22570,22570,22570,500
20211013104319,22570,22570,22570,22570,2300
20211013104322,22570,22570,22570,22570,3
20211013104322,22575,22575,22575,22575,102
20211013104323,22575,22575,22575,22575,150
20211013104324,22575,22575,22575,22575,1
20211013104324,22575,22575,22575,22575,1
20211013104324,22575,22575,22575,22575,1
20211013104327,22570,22570,22570,22570,1
20211013104327,22570,22570,22570,22570,1
20211013104327,22570,22570,22570,22570,1
20211013104329,22575,22575,22575,22575,1
20211013104330,22570,22570,22570,22570,1
20211013104334,22570,22570,22570,22570,10
20211013104334,22570,22570,22570,22570,1
20211013104337,22575,22575,22575,22575,2
20211013104337,22575,22575,22575,22575,49
20211013104338,22570,22570,22570,22570,1
20211013104342,22575,22575,22575,22575,150
20211013104342,22570,22570,22570,22570,5
20211013104343,22575,22575,22575,22575,5
20211013104344,22580,22580,22580,22580,1
20211013104346,22580,22580,22580,22580,1
20211013104346,22580,22580,22580,22580,138
20211013104346,22585,22585,22585,22585,528
20211013104346,22585,22585,22585,22585,2158
20211013104348,22585,22585,22585,22585,9
20211013104348,22590,22590,22590,22590,3496
20211013104350,22585,22585,22585,22585,50
20211013104353,22585,22585,22585,22585,5
20211013104353,22590,22590,22590,22590,46
20211013104353,22585,22585,22585,22585,10
20211013104355,22585,22585,22585,22585,1
20211013104359,22585,22585,22585,22585,5000
20211013104359,22585,22585,22585,22585,1
20211013104400,22585,22585,22585,22585,1700
20211013104400,22585,22585,22585,22585,13172
20211013104400,22580,22580,22580,22580,1
20211013104400,22580,22580,22580,22580,2343
20211013104403,22575,22575,22575,22575,1
20211013104403,22575,22575,22575,22575,1
20211013104403,22575,22575,22575,22575,1
20211013104403,22575,22575,22575,22575,1
20211013104403,22580,22580,22580,22580,22
20211013104404,22575,22575,22575,22575,116
20211013104404,22570,22570,22570,22570,134
20211013104408,22580,22580,22580,22580,400
20211013104409,22585,22585,22585,22585,170
20211013104409,22585,22585,22585,22585,1000
20211013104415,22585,22585,22585,22585,1000
20211013104418,22585,22585,22585,22585,808
20211013104418,22585,22585,22585,22585,1
20211013104418,22585,22585,22585,22585,1
20211013104421,22585,22585,22585,22585,1
20211013104423,22580,22580,22580,22580,1
20211013104423,22580,22580,22580,22580,21
20211013104425,22580,22580,22580,22580,2000
20211013104427,22585,22585,22585,22585,10
20211013104427,22590,22590,22590,22590,3267
20211013104428,22585,22585,22585,22585,150
20211013104432,22595,22595,22595,22595,1
20211013104432,22590,22590,22590,22590,30
20211013104433,22595,22595,22595,22595,5264
20211013104436,22590,22590,22590,22590,1
20211013104442,22590,22590,22590,22590,11
20211013104442,22585,22585,22585,22585,81
20211013104447,22580,22580,22580,22580,69
20211013104448,22580,22580,22580,22580,1
20211013104448,22580,22580,22580,22580,1
20211013104452,22580,22580,22580,22580,1
20211013104452,22580,22580,22580,22580,20
20211013104453,22580,22580,22580,22580,3
20211013104457,22580,22580,22580,22580,10
20211013104500,22575,22575,22575,22575,1
20211013104500,22580,22580,22580,22580,113
20211013104500,22580,22580,22580,22580,6
20211013104500,22580,22580,22580,22580,111
20211013104502,22575,22575,22575,22575,100
20211013104504,22585,22585,22585,22585,121
20211013104504,22585,22585,22585,22585,1
20211013104505,22590,22590,22590,22590,1
20211013104505,22585,22585,22585,22585,1
20211013104505,22585,22585,22585,22585,1
20211013104507,22585,22585,22585,22585,1
20211013104509,22585,22585,22585,22585,2158
20211013104509,22585,22585,22585,22585,5
20211013104514,22580,22580,22580,22580,1
20211013104514,22580,22580,22580,22580,138
20211013104518,22580,22580,22580,22580,1
20211013104518,22580,22580,22580,22580,500
20211013104520,22585,22585,22585,22585,1
20211013104522,22585,22585,22585,22585,1
20211013104522,22580,22580,22580,22580,1
20211013104522,22575,22575,22575,22575,9600
20211013104523,22580,22580,22580,22580,1
20211013104524,22580,22580,22580,22580,1
20211013104525,22580,22580,22580,22580,1
20211013104528,22580,22580,22580,22580,250
20211013104529,22575,22575,22575,22575,1
20211013104529,22575,22575,22575,22575,1
20211013104529,22575,22575,22575,22575,100
20211013104531,22575,22575,22575,22575,500
20211013104531,22575,22575,22575,22575,125
20211013104533,22580,22580,22580,22580,1
20211013104533,22580,22580,22580,22580,905
20211013104537,22580,22580,22580,22580,1
20211013104541,22575,22575,22575,22575,1
20211013104541,22575,22575,22575,22575,1
20211013104541,22575,22575,22575,22575,1
20211013104546,22580,22580,22580,22580,958
20211013104553,22585,22585,22585,22585,10
20211013104558,22585,22585,22585,22585,100
20211013104558,22580,22580,22580,22580,1
20211013104559,22580,22580,22580,22580,112
20211013104600,22580,22580,22580,22580,40
20211013104601,22585,22585,22585,22585,4871
20211013104603,22580,22580,22580,22580,1
20211013104603,22580,22580,22580,22580,1
20211013104603,22580,22580,22580,22580,2
20211013104604,22585,22585,22585,22585,1
20211013104605,22585,22585,22585,22585,1
20211013104605,22580,22580,22580,22580,10
20211013104606,22580,22580,22580,22580,1
20211013104606,22575,22575,22575,22575,1
20211013104606,22575,22575,22575,22575,1
20211013104606,22575,22575,22575,22575,116
20211013104606,22575,22575,22575,22575,5
20211013104607,22570,22570,22570,22570,1
20211013104607,22570,22570,22570,22570,4486
20211013104608,22570,22570,22570,22570,4
20211013104611,22570,22570,22570,22570,2
20211013104611,22565,22565,22565,22565,2296
20211013104612,22560,22560,22560,22560,1
20211013104612,22560,22560,22560,22560,1
20211013104612,22560,22560,22560,22560,1
20211013104613,22560,22560,22560,22560,539
20211013104613,22560,22560,22560,22560,5
20211013104616,22555,22555,22555,22555,3000
20211013104616,22555,22555,22555,22555,44
20211013104617,22555,22555,22555,22555,452
20211013104618,22560,22560,22560,22560,100
20211013104619,22565,22565,22565,22565,1
20211013104619,22565,22565,22565,22565,37
20211013104620,22560,22560,22560,22560,530
20211013104620,22560,22560,22560,22560,100
20211013104621,22555,22555,22555,22555,1
20211013104621,22555,22555,22555,22555,27
20211013104621,22555,22555,22555,22555,954
20211013104622,22555,22555,22555,22555,500
20211013104622,22555,22555,22555,22555,125
20211013104622,22555,22555,22555,22555,375
20211013104622,22550,22550,22550,22550,1
20211013104623,22550,22550,22550,22550,1
20211013104623,22555,22555,22555,22555,1
20211013104624,22555,22555,22555,22555,4
20211013104625,22555,22555,22555,22555,1
20211013104626,22555,22555,22555,22555,20
20211013104627,22550,22550,22550,22550,1
20211013104627,22550,22550,22550,22550,1
20211013104627,22550,22550,22550,22550,100
20211013104629,22550,22550,22550,22550,1
20211013104630,22550,22550,22550,22550,500
20211013104631,22555,22555,22555,22555,5
20211013104632,22550,22550,22550,22550,8885
20211013104633,22550,22550,22550,22550,11
20211013104633,22545,22545,22545,22545,1
20211013104633,22545,22545,22545,22545,1
20211013104633,22545,22545,22545,22545,1
20211013104633,22545,22545,22545,22545,375
20211013104633,22550,22550,22550,22550,1
20211013104636,22545,22545,22545,22545,1
20211013104636,22545,22545,22545,22545,1
20211013104637,22550,22550,22550,22550,1501
20211013104637,22555,22555,22555,22555,1
20211013104638,22550,22550,22550,22550,2158
20211013104639,22550,22550,22550,22550,1
20211013104639,22545,22545,22545,22545,2
20211013104640,22545,22545,22545,22545,103
20211013104640,22545,22545,22545,22545,3
20211013104640,22540,22540,22540,22540,97
20211013104640,22540,22540,22540,22540,1
20211013104642,22545,22545,22545,22545,2
20211013104643,22545,22545,22545,22545,2
20211013104644,22545,22545,22545,22545,1
20211013104644,22540,22540,22540,22540,100
20211013104645,22545,22545,22545,22545,500
20211013104645,22545,22545,22545,22545,395
20211013104646,22545,22545,22545,22545,1
20211013104646,22540,22540,22540,22540,20
20211013104647,22550,22550,22550,22550,616
20211013104647,22550,22550,22550,22550,319
20211013104647,22550,22550,22550,22550,1
20211013104647,22550,22550,22550,22550,1
20211013104647,22550,22550,22550,22550,50
20211013104649,22550,22550,22550,22550,1
20211013104651,22555,22555,22555,22555,1
20211013104653,22555,22555,22555,22555,1615
20211013104655,22555,22555,22555,22555,500
20211013104655,22555,22555,22555,22555,1
20211013104659,22555,22555,22555,22555,30
20211013104659,22555,22555,22555,22555,1
20211013104701,22560,22560,22560,22560,154
20211013104702,22555,22555,22555,22555,451
20211013104703,22555,22555,22555,22555,3
20211013104704,22555,22555,22555,22555,1
20211013104705,22555,22555,22555,22555,10
20211013104707,22555,22555,22555,22555,40
20211013104707,22560,22560,22560,22560,200
20211013104708,22555,22555,22555,22555,46
20211013104709,22565,22565,22565,22565,500
20211013104710,22560,22560,22560,22560,5
20211013104712,22560,22560,22560,22560,44
20211013104713,22555,22555,22555,22555,1
20211013104713,22560,22560,22560,22560,51
20211013104714,22555,22555,22555,22555,67
20211013104714,22550,22550,22550,22550,1
20211013104715,22555,22555,22555,22555,1
20211013104719,22550,22550,22550,22550,662
20211013104720,22550,22550,22550,22550,1000
20211013104722,22550,22550,22550,22550,798
20211013104723,22550,22550,22550,22550,3
20211013104726,22550,22550,22550,22550,15
20211013104728,22550,22550,22550,22550,201
20211013104732,22550,22550,22550,22550,5
20211013104732,22550,22550,22550,22550,25
20211013104735,22550,22550,22550,22550,10
20211013104737,22550,22550,22550,22550,1990
20211013104738,22555,22555,22555,22555,1
20211013104738,22555,22555,22555,22555,1
20211013104738,22555,22555,22555,22555,10
20211013104738,22560,22560,22560,22560,1
20211013104738,22560,22560,22560,22560,1
20211013104738,22555,22555,22555,22555,1
20211013104739,22560,22560,22560,22560,1
20211013104739,22555,22555,22555,22555,1000
20211013104739,22560,22560,22560,22560,425
20211013104741,22555,22555,22555,22555,10
20211013104741,22555,22555,22555,22555,1
20211013104744,22555,22555,22555,22555,10000
20211013104744,22555,22555,22555,22555,10
20211013104745,22555,22555,22555,22555,8
20211013104746,22560,22560,22560,22560,588
20211013104751,22560,22560,22560,22560,1000
20211013104751,22560,22560,22560,22560,1
20211013104755,22555,22555,22555,22555,20
20211013104756,22560,22560,22560,22560,5614
20211013104756,22565,22565,22565,22565,1
20211013104756,22565,22565,22565,22565,472
20211013104757,22570,22570,22570,22570,1
20211013104757,22570,22570,22570,22570,7859
20211013104758,22560,22560,22560,22560,100
20211013104759,22565,22565,22565,22565,1
20211013104801,22565,22565,22565,22565,500
20211013104803,22565,22565,22565,22565,300
20211013104803,22575,22575,22575,22575,2224
20211013104804,22575,22575,22575,22575,56
20211013104804,22575,22575,22575,22575,7
20211013104808,22575,22575,22575,22575,28
20211013104808,22575,22575,22575,22575,500
20211013104808,22570,22570,22570,22570,1
20211013104808,22575,22575,22575,22575,1
20211013104809,22575,22575,22575,22575,113
20211013104811,22575,22575,22575,22575,1
20211013104812,22570,22570,22570,22570,1
20211013104815,22575,22575,22575,22575,1
20211013104815,22575,22575,22575,22575,26
20211013104818,22575,22575,22575,22575,1
20211013104818,22575,22575,22575,22575,5
20211013104819,22575,22575,22575,22575,20
20211013104819,22570,22570,22570,22570,1000
20211013104823,22575,22575,22575,22575,20
20211013104824,22575,22575,22575,22575,17
20211013104824,22580,22580,22580,22580,1
20211013104824,22580,22580,22580,22580,2909
20211013104825,22585,22585,22585,22585,67
20211013104827,22580,22580,22580,22580,50
20211013104829,22585,22585,22585,22585,1
20211013104829,22580,22580,22580,22580,17
20211013104830,22580,22580,22580,22580,50
20211013104831,22585,22585,22585,22585,905
20211013104834,22575,22575,22575,22575,1
20211013104835,22580,22580,22580,22580,50
20211013104835,22580,22580,22580,22580,10
20211013104838,22580,22580,22580,22580,1
20211013104838,22580,22580,22580,22580,450
20211013104839,22575,22575,22575,22575,1
20211013104839,22575,22575,22575,22575,1
20211013104839,22575,22575,22575,22575,613
20211013104840,22575,22575,22575,22575,1
20211013104840,22575,22575,22575,22575,9
20211013104841,22575,22575,22575,22575,516
20211013104842,22580,22580,22580,22580,76
20211013104842,22575,22575,22575,22575,5
20211013104846,22580,22580,22580,22580,13
20211013104846,22580,22580,22580,22580,5
20211013104848,22580,22580,22580,22580,2000
20211013104849,22585,22585,22585,22585,1
20211013104850,22575,22575,22575,22575,101
20211013104850,22585,22585,22585,22585,1
20211013104854,22585,22585,22585,22585,100
20211013104857,22580,22580,22580,22580,50
20211013104900,22585,22585,22585,22585,62
20211013104900,22585,22585,22585,22585,100
20211013104901,22585,22585,22585,22585,1
20211013104902,22585,22585,22585,22585,442
20211013104904,22585,22585,22585,22585,1
20211013104907,22580,22580,22580,22580,10
20211013104911,22580,22580,22580,22580,10
20211013104912,22580,22580,22580,22580,1
20211013104913,22580,22580,22580,22580,1
20211013104914,22580,22580,22580,22580,1
20211013104914,22580,22580,22580,22580,190
20211013104919,22580,22580,22580,22580,1
20211013104920,22585,22585,22585,22585,50
20211013104922,22580,22580,22580,22580,15
20211013104923,22580,22580,22580,22580,10
20211013104925,22580,22580,22580,22580,1
20211013104926,22585,22585,22585,22585,1
20211013104927,22580,22580,22580,22580,10
20211013104927,22580,22580,22580,22580,376
20211013104928,22575,22575,22575,22575,1
20211013104928,22575,22575,22575,22575,202
20211013104928,22575,22575,22575,22575,9
20211013104929,22575,22575,22575,22575,5
20211013104933,22575,22575,22575,22575,1
20211013104935,22580,22580,22580,22580,823
20211013104935,22575,22575,22575,22575,9
20211013104936,22580,22580,22580,22580,1
20211013104937,22580,22580,22580,22580,1
20211013104939,22580,22580,22580,22580,3
20211013104939,22580,22580,22580,22580,16
20211013104947,22575,22575,22575,22575,1
20211013104947,22575,22575,22575,22575,90
20211013104948,22575,22575,22575,22575,1
20211013104954,22575,22575,22575,22575,100
20211013104955,22580,22580,22580,22580,225
20211013104956,22575,22575,22575,22575,1
20211013104956,22580,22580,22580,22580,34
20211013104958,22580,22580,22580,22580,17
20211013105000,22575,22575,22575,22575,1
20211013105000,22575,22575,22575,22575,6
20211013105001,22570,22570,22570,22570,1
20211013105001,22570,22570,22570,22570,1
20211013105001,22570,22570,22570,22570,556
20211013105006,22570,22570,22570,22570,12
20211013105007,22570,22570,22570,22570,990
20211013105009,22570,22570,22570,22570,500
20211013105009,22565,22565,22565,22565,100
20211013105012,22565,22565,22565,22565,1
20211013105012,22570,22570,22570,22570,1400
20211013105012,22570,22570,22570,22570,3
20211013105013,22565,22565,22565,22565,26
20211013105013,22560,22560,22560,22560,270
20211013105014,22560,22560,22560,22560,100
20211013105015,22560,22560,22560,22560,6
20211013105015,22560,22560,22560,22560,50
20211013105015,22560,22560,22560,22560,344
20211013105015,22565,22565,22565,22565,3
20211013105016,22560,22560,22560,22560,4
20211013105016,22555,22555,22555,22555,46
20211013105017,22560,22560,22560,22560,28
20211013105023,22555,22555,22555,22555,219
20211013105023,22555,22555,22555,22555,4
20211013105024,22550,22550,22550,22550,1
20211013105026,22560,22560,22560,22560,44
20211013105027,22555,22555,22555,22555,50
20211013105027,22560,22560,22560,22560,2242
20211013105027,22560,22560,22560,22560,10
20211013105027,22560,22560,22560,22560,100
20211013105028,22565,22565,22565,22565,1
20211013105031,22560,22560,22560,22560,10
20211013105036,22560,22560,22560,22560,1
20211013105037,22565,22565,22565,22565,1
20211013105039,22565,22565,22565,22565,10
20211013105041,22560,22560,22560,22560,724
20211013105041,22555,22555,22555,22555,1
20211013105044,22555,22555,22555,22555,10
20211013105045,22560,22560,22560,22560,1
20211013105045,22560,22560,22560,22560,900
20211013105048,22565,22565,22565,22565,1
20211013105048,22565,22565,22565,22565,1050
20211013105048,22565,22565,22565,22565,450
20211013105049,22570,22570,22570,22570,1
20211013105053,22565,22565,22565,22565,4
20211013105058,22570,22570,22570,22570,1
20211013105058,22570,22570,22570,22570,1345
20211013105100,22565,22565,22565,22565,20
20211013105101,22565,22565,22565,22565,1
20211013105101,22560,22560,22560,22560,1
20211013105101,22560,22560,22560,22560,1
20211013105101,22560,22560,22560,22560,20
20211013105101,22560,22560,22560,22560,1
20211013105102,22560,22560,22560,22560,1204
20211013105104,22555,22555,22555,22555,72
20211013105106,22555,22555,22555,22555,1
20211013105107,22555,22555,22555,22555,1
20211013105107,22555,22555,22555,22555,1
20211013105108,22555,22555,22555,22555,1
20211013105109,22555,22555,22555,22555,1
20211013105110,22555,22555,22555,22555,1
20211013105110,22555,22555,22555,22555,1
20211013105111,22555,22555,22555,22555,331
20211013105111,22550,22550,22550,22550,1
20211013105113,22555,22555,22555,22555,200
20211013105113,22555,22555,22555,22555,1
20211013105114,22555,22555,22555,22555,1
20211013105115,22560,22560,22560,22560,1
20211013105116,22560,22560,22560,22560,110
20211013105117,22560,22560,22560,22560,1
20211013105119,22560,22560,22560,22560,33
20211013105120,22555,22555,22555,22555,1
20211013105122,22560,22560,22560,22560,1
20211013105126,22560,22560,22560,22560,20
20211013105128,22565,22565,22565,22565,1
20211013105128,22565,22565,22565,22565,1
20211013105136,22560,22560,22560,22560,550
20211013105136,22555,22555,22555,22555,1
20211013105137,22560,22560,22560,22560,217
20211013105137,22555,22555,22555,22555,531
20211013105139,22555,22555,22555,22555,6
20211013105140,22560,22560,22560,22560,1
20211013105140,22555,22555,22555,22555,100
20211013105141,22555,22555,22555,22555,1
20211013105142,22560,22560,22560,22560,100
20211013105146,22560,22560,22560,22560,1
20211013105146,22565,22565,22565,22565,100
20211013105147,22565,22565,22565,22565,1
20211013105147,22565,22565,22565,22565,1
20211013105149,22560,22560,22560,22560,5
20211013105150,22560,22560,22560,22560,28
20211013105152,22565,22565,22565,22565,71
20211013105152,22565,22565,22565,22565,554
20211013105156,22565,22565,22565,22565,220
20211013105204,22565,22565,22565,22565,500
20211013105204,22560,22560,22560,22560,1
20211013105208,22570,22570,22570,22570,178
20211013105210,22565,22565,22565,22565,10
20211013105217,22565,22565,22565,22565,3
20211013105219,22565,22565,22565,22565,15
20211013105219,22560,22560,22560,22560,985
20211013105220,22570,22570,22570,22570,1
20211013105220,22570,22570,22570,22570,893
20211013105222,22575,22575,22575,22575,463
20211013105222,22580,22580,22580,22580,37
20211013105223,22575,22575,22575,22575,33
20211013105223,22580,22580,22580,22580,564
20211013105223,22580,22580,22580,22580,1
20211013105223,22580,22580,22580,22580,2868
20211013105223,22580,22580,22580,22580,500
20211013105223,22580,22580,22580,22580,2369
20211013105229,22570,22570,22570,22570,2
20211013105229,22565,22565,22565,22565,4
20211013105231,22565,22565,22565,22565,1
20211013105231,22565,22565,22565,22565,1
20211013105232,22560,22560,22560,22560,108
20211013105236,22565,22565,22565,22565,1
20211013105240,22575,22575,22575,22575,1
20211013105240,22575,22575,22575,22575,1273
20211013105241,22570,22570,22570,22570,100
20211013105245,22575,22575,22575,22575,1
20211013105245,22570,22570,22570,22570,3
20211013105246,22570,22570,22570,22570,20
20211013105250,22580,22580,22580,22580,300
20211013105255,22580,22580,22580,22580,1
20211013105255,22580,22580,22580,22580,1
20211013105256,22580,22580,22580,22580,20
20211013105256,22580,22580,22580,22580,1
20211013105257,22580,22580,22580,22580,1
20211013105258,22580,22580,22580,22580,1
20211013105258,22580,22580,22580,22580,1
20211013105258,22575,22575,22575,22575,1
20211013105259,22575,22575,22575,22575,320
20211013105300,22580,22580,22580,22580,1
20211013105301,22575,22575,22575,22575,10
20211013105301,22575,22575,22575,22575,5
20211013105303,22575,22575,22575,22575,1
20211013105304,22575,22575,22575,22575,1
20211013105306,22575,22575,22575,22575,1
20211013105306,22580,22580,22580,22580,50
20211013105307,22580,22580,22580,22580,20
20211013105307,22575,22575,22575,22575,1
20211013105307,22575,22575,22575,22575,61
20211013105307,22570,22570,22570,22570,1
20211013105308,22570,22570,22570,22570,398
20211013105309,22565,22565,22565,22565,99
20211013105312,22565,22565,22565,22565,1
20211013105312,22570,22570,22570,22570,329
20211013105312,22570,22570,22570,22570,2
20211013105313,22565,22565,22565,22565,1
20211013105313,22570,22570,22570,22570,49
20211013105314,22570,22570,22570,22570,11
20211013105315,22570,22570,22570,22570,1
20211013105315,22570,22570,22570,22570,2
20211013105316,22570,22570,22570,22570,1
20211013105317,22570,22570,22570,22570,50
20211013105317,22570,22570,22570,22570,1
20211013105318,22570,22570,22570,22570,1
20211013105319,22570,22570,22570,22570,1
20211013105320,22570,22570,22570,22570,9
20211013105325,22570,22570,22570,22570,1
20211013105325,22570,22570,22570,22570,99
20211013105331,22570,22570,22570,22570,500
20211013105332,22565,22565,22565,22565,1465
20211013105332,22565,22565,22565,22565,1
20211013105334,22565,22565,22565,22565,1
20211013105335,22565,22565,22565,22565,1
20211013105335,22570,22570,22570,22570,28
20211013105336,22565,22565,22565,22565,1
20211013105340,22565,22565,22565,22565,1
20211013105340,22565,22565,22565,22565,9198
20211013105340,22570,22570,22570,22570,5
20211013105341,22565,22565,22565,22565,400
20211013105341,22565,22565,22565,22565,6
20211013105343,22560,22560,22560,22560,633
20211013105343,22560,22560,22560,22560,8
20211013105343,22565,22565,22565,22565,50
20211013105346,22560,22560,22560,22560,2
20211013105346,22560,22560,22560,22560,2
20211013105348,22560,22560,22560,22560,1
20211013105349,22560,22560,22560,22560,1
20211013105349,22560,22560,22560,22560,225
20211013105350,22565,22565,22565,22565,1
20211013105351,22565,22565,22565,22565,1
20211013105351,22565,22565,22565,22565,1
20211013105351,22565,22565,22565,22565,3
20211013105351,22570,22570,22570,22570,47
20211013105353,22570,22570,22570,22570,240
20211013105354,22570,22570,22570,22570,59
20211013105359,22575,22575,22575,22575,3869
20211013105403,22570,22570,22570,22570,2000
20211013105404,22575,22575,22575,22575,60
20211013105407,22575,22575,22575,22575,19
20211013105409,22570,22570,22570,22570,101
20211013105410,22575,22575,22575,22575,11
20211013105412,22575,22575,22575,22575,10
20211013105413,22575,22575,22575,22575,1
20211013105416,22575,22575,22575,22575,1
20211013105417,22575,22575,22575,22575,10
20211013105423,22580,22580,22580,22580,1
20211013105423,22580,22580,22580,22580,1
20211013105423,22580,22580,22580,22580,2050
20211013105423,22585,22585,22585,22585,2915
20211013105424,22585,22585,22585,22585,700
20211013105425,22585,22585,22585,22585,700
20211013105425,22590,22590,22590,22590,1487
20211013105426,22590,22590,22590,22590,500
20211013105427,22590,22590,22590,22590,1
20211013105427,22585,22585,22585,22585,101
20211013105427,22590,22590,22590,22590,1
20211013105427,22595,22595,22595,22595,1
20211013105428,22595,22595,22595,22595,1
20211013105429,22590,22590,22590,22590,1
20211013105431,22595,22595,22595,22595,100
20211013105431,22595,22595,22595,22595,1
20211013105432,22590,22590,22590,22590,5
20211013105432,22590,22590,22590,22590,50
20211013105433,22595,22595,22595,22595,5282
20211013105434,22595,22595,22595,22595,5
20211013105434,22600,22600,22600,22600,1
20211013105434,22600,22600,22600,22600,1
20211013105436,22595,22595,22595,22595,1
20211013105436,22600,22600,22600,22600,1
20211013105436,22600,22600,22600,22600,1
20211013105436,22595,22595,22595,22595,640
20211013105437,22600,22600,22600,22600,5186
20211013105437,22595,22595,22595,22595,1
20211013105437,22595,22595,22595,22595,1
20211013105437,22595,22595,22595,22595,1
20211013105437,22595,22595,22595,22595,1
20211013105437,22595,22595,22595,22595,2800
20211013105437,22595,22595,22595,22595,1
20211013105437,22595,22595,22595,22595,1459
20211013105437,22600,22600,22600,22600,1
20211013105438,22600,22600,22600,22600,6540
20211013105438,22600,22600,22600,22600,500
20211013105438,22605,22605,22605,22605,9
20211013105439,22605,22605,22605,22605,1
20211013105439,22605,22605,22605,22605,1
20211013105439,22600,22600,22600,22600,1
20211013105439,22600,22600,22600,22600,400
20211013105440,22605,22605,22605,22605,100
20211013105441,22605,22605,22605,22605,1
20211013105441,22600,22600,22600,22600,1
20211013105441,22600,22600,22600,22600,1
20211013105441,22600,22600,22600,22600,1
20211013105441,22605,22605,22605,22605,1
20211013105441,22605,22605,22605,22605,1
20211013105441,22600,22600,22600,22600,500
20211013105441,22605,22605,22605,22605,10
20211013105442,22600,22600,22600,22600,1
20211013105442,22605,22605,22605,22605,1
20211013105442,22600,22600,22600,22600,1
20211013105442,22600,22600,22600,22600,1
20211013105442,22605,22605,22605,22605,1
20211013105442,22600,22600,22600,22600,1
20211013105442,22600,22600,22600,22600,1
20211013105442,22605,22605,22605,22605,1
20211013105443,22605,22605,22605,22605,300
20211013105443,22605,22605,22605,22605,500
20211013105443,22605,22605,22605,22605,1
20211013105443,22600,22600,22600,22600,1
20211013105443,22605,22605,22605,22605,1
20211013105444,22600,22600,22600,22600,1
20211013105444,22605,22605,22605,22605,1
20211013105444,22600,22600,22600,22600,1
20211013105444,22600,22600,22600,22600,200
20211013105445,22605,22605,22605,22605,5555
20211013105446,22610,22610,22610,22610,1
20211013105446,22605,22605,22605,22605,1
20211013105446,22610,22610,22610,22610,1
20211013105446,22610,22610,22610,22610,1
20211013105446,22605,22605,22605,22605,5
20211013105448,22610,22610,22610,22610,1
20211013105448,22605,22605,22605,22605,1
20211013105448,22605,22605,22605,22605,10
20211013105449,22605,22605,22605,22605,1353
20211013105450,22605,22605,22605,22605,100
20211013105450,22605,22605,22605,22605,50
20211013105450,22605,22605,22605,22605,100
20211013105451,22600,22600,22600,22600,1
20211013105451,22605,22605,22605,22605,20
20211013105451,22600,22600,22600,22600,1
20211013105451,22600,22600,22600,22600,1
20211013105452,22600,22600,22600,22600,1
20211013105453,22605,22605,22605,22605,1
20211013105453,22605,22605,22605,22605,1
20211013105453,22605,22605,22605,22605,198
20211013105455,22605,22605,22605,22605,200
20211013105455,22605,22605,22605,22605,1
20211013105456,22600,22600,22600,22600,1
20211013105456,22600,22600,22600,22600,200
20211013105459,22600,22600,22600,22600,200
20211013105500,22605,22605,22605,22605,1
20211013105500,22605,22605,22605,22605,6
20211013105502,22605,22605,22605,22605,44
20211013105502,22600,22600,22600,22600,50
20211013105502,22605,22605,22605,22605,1
20211013105502,22605,22605,22605,22605,2502
20211013105503,22605,22605,22605,22605,1
20211013105504,22605,22605,22605,22605,2
20211013105505,22605,22605,22605,22605,1
20211013105506,22605,22605,22605,22605,1
20211013105506,22605,22605,22605,22605,100
20211013105506,22605,22605,22605,22605,5
20211013105507,22610,22610,22610,22610,100
20211013105507,22610,22610,22610,22610,1
20211013105507,22605,22605,22605,22605,280
20211013105507,22605,22605,22605,22605,2
20211013105508,22610,22610,22610,22610,1
20211013105509,22610,22610,22610,22610,4
20211013105509,22610,22610,22610,22610,2
20211013105511,22605,22605,22605,22605,14172
20211013105513,22605,22605,22605,22605,2
20211013105514,22605,22605,22605,22605,11
20211013105514,22605,22605,22605,22605,1
20211013105514,22600,22600,22600,22600,1
20211013105515,22600,22600,22600,22600,1
20211013105515,22600,22600,22600,22600,4580
20211013105515,22600,22600,22600,22600,1
20211013105515,22595,22595,22595,22595,1
20211013105516,22600,22600,22600,22600,221
20211013105520,22600,22600,22600,22600,11
20211013105520,22600,22600,22600,22600,33
20211013105521,22600,22600,22600,22600,1
20211013105521,22600,22600,22600,22600,1
20211013105522,22600,22600,22600,22600,500
20211013105523,22595,22595,22595,22595,451
20211013105526,22595,22595,22595,22595,3225
20211013105526,22590,22590,22590,22590,73
20211013105531,22590,22590,22590,22590,50
20211013105532,22595,22595,22595,22595,92
20211013105534,22595,22595,22595,22595,50
20211013105538,22590,22590,22590,22590,539
20211013105538,22595,22595,22595,22595,111
20211013105538,22595,22595,22595,22595,112
20211013105544,22590,22590,22590,22590,50
20211013105544,22590,22590,22590,22590,9
20211013105545,22595,22595,22595,22595,9
20211013105547,22590,22590,22590,22590,506
20211013105547,22585,22585,22585,22585,494
20211013105550,22590,22590,22590,22590,1
20211013105551,22590,22590,22590,22590,500
20211013105551,22590,22590,22590,22590,400
20211013105552,22590,22590,22590,22590,100
20211013105553,22585,22585,22585,22585,1
20211013105553,22585,22585,22585,22585,1
20211013105558,22590,22590,22590,22590,10
20211013105559,22590,22590,22590,22590,25
20211013105559,22590,22590,22590,22590,65
20211013105601,22590,22590,22590,22590,211
20211013105601,22590,22590,22590,22590,1
20211013105601,22590,22590,22590,22590,1
20211013105602,22595,22595,22595,22595,235
20211013105604,22590,22590,22590,22590,1
20211013105605,22595,22595,22595,22595,1
20211013105608,22595,22595,22595,22595,1
20211013105608,22595,22595,22595,22595,1008
20211013105609,22600,22600,22600,22600,1
20211013105609,22600,22600,22600,22600,1
20211013105609,22595,22595,22595,22595,1
20211013105610,22595,22595,22595,22595,1
20211013105610,22595,22595,22595,22595,5275
20211013105617,22595,22595,22595,22595,70
20211013105617,22595,22595,22595,22595,10
20211013105617,22595,22595,22595,22595,8
20211013105617,22595,22595,22595,22595,482
20211013105617,22595,22595,22595,22595,18
20211013105620,22600,22600,22600,22600,1
20211013105622,22595,22595,22595,22595,1121
20211013105622,22595,22595,22595,22595,500
20211013105622,22595,22595,22595,22595,612
20211013105622,22595,22595,22595,22595,112
20211013105622,22595,22595,22595,22595,155
20211013105623,22600,22600,22600,22600,1
20211013105625,22595,22595,22595,22595,200
20211013105625,22600,22600,22600,22600,1
20211013105625,22595,22595,22595,22595,1
20211013105626,22595,22595,22595,22595,1
20211013105631,22595,22595,22595,22595,8
20211013105631,22595,22595,22595,22595,12
20211013105631,22590,22590,22590,22590,1
20211013105631,22590,22590,22590,22590,1
20211013105633,22590,22590,22590,22590,50
20211013105634,22595,22595,22595,22595,500
20211013105635,22590,22590,22590,22590,224
20211013105637,22585,22585,22585,22585,1
20211013105640,22585,22585,22585,22585,2033
20211013105640,22585,22585,22585,22585,7
20211013105640,22585,22585,22585,22585,250
20211013105642,22585,22585,22585,22585,49
20211013105643,22585,22585,22585,22585,49
20211013105646,22580,22580,22580,22580,3000
20211013105649,22580,22580,22580,22580,400
20211013105649,22580,22580,22580,22580,1
20211013105651,22580,22580,22580,22580,10
20211013105654,22580,22580,22580,22580,1
20211013105654,22580,22580,22580,22580,21
20211013105655,22580,22580,22580,22580,5
20211013105655,22575,22575,22575,22575,1
20211013105655,22575,22575,22575,22575,1
20211013105655,22575,22575,22575,22575,242
20211013105656,22580,22580,22580,22580,1
20211013105657,22580,22580,22580,22580,2
20211013105700,22585,22585,22585,22585,100
20211013105700,22585,22585,22585,22585,500
20211013105700,22590,22590,22590,22590,1
20211013105701,22585,22585,22585,22585,500
20211013105701,22590,22590,22590,22590,600
20211013105705,22590,22590,22590,22590,19
20211013105708,22585,22585,22585,22585,88
20211013105711,22590,22590,22590,22590,44
20211013105711,22585,22585,22585,22585,1
20211013105711,22580,22580,22580,22580,1
20211013105712,22585,22585,22585,22585,100
20211013105712,22580,22580,22580,22580,1
20211013105713,22585,22585,22585,22585,11
20211013105714,22585,22585,22585,22585,16
20211013105716,22580,22580,22580,22580,1
20211013105717,22580,22580,22580,22580,3062
20211013105718,22580,22580,22580,22580,723
20211013105719,22580,22580,22580,22580,40
20211013105719,22580,22580,22580,22580,88
20211013105720,22580,22580,22580,22580,501
20211013105720,22575,22575,22575,22575,1
20211013105721,22575,22575,22575,22575,67
20211013105723,22575,22575,22575,22575,1
20211013105724,22580,22580,22580,22580,1
20211013105724,22580,22580,22580,22580,1
20211013105729,22580,22580,22580,22580,559
20211013105729,22580,22580,22580,22580,1
20211013105729,22580,22580,22580,22580,1
20211013105730,22580,22580,22580,22580,10
20211013105730,22585,22585,22585,22585,52
20211013105732,22585,22585,22585,22585,5
20211013105737,22585,22585,22585,22585,350
20211013105737,22585,22585,22585,22585,5
20211013105737,22580,22580,22580,22580,1
20211013105737,22580,22580,22580,22580,121
20211013105740,22585,22585,22585,22585,40
20211013105740,22585,22585,22585,22585,5
20211013105741,22585,22585,22585,22585,5
20211013105744,22580,22580,22580,22580,5
20211013105745,22580,22580,22580,22580,1
20211013105749,22575,22575,22575,22575,1
20211013105749,22575,22575,22575,22575,1
20211013105749,22575,22575,22575,22575,1
20211013105749,22575,22575,22575,22575,1305
20211013105750,22575,22575,22575,22575,1
20211013105750,22580,22580,22580,22580,9
20211013105751,22575,22575,22575,22575,1
20211013105753,22575,22575,22575,22575,430
20211013105753,22580,22580,22580,22580,51
20211013105756,22575,22575,22575,22575,8
20211013105803,22575,22575,22575,22575,261
20211013105803,22575,22575,22575,22575,77
20211013105803,22575,22575,22575,22575,77
20211013105803,22575,22575,22575,22575,77
20211013105803,22575,22575,22575,22575,77
20211013105803,22575,22575,22575,22575,77
20211013105803,22575,22575,22575,22575,77
20211013105803,22575,22575,22575,22575,77
20211013105803,22575,22575,22575,22575,77
20211013105803,22575,22575,22575,22575,13
20211013105812,22575,22575,22575,22575,5
20211013105813,22570,22570,22570,22570,2764
20211013105815,22575,22575,22575,22575,20
20211013105815,22570,22570,22570,22570,50
20211013105815,22565,22565,22565,22565,790
20211013105816,22560,22560,22560,22560,1
20211013105816,22560,22560,22560,22560,884
20211013105817,22565,22565,22565,22565,147
20211013105819,22565,22565,22565,22565,1
20211013105822,22560,22560,22560,22560,1
20211013105822,22565,22565,22565,22565,1
20211013105823,22560,22560,22560,22560,1000
20211013105823,22560,22560,22560,22560,1
20211013105823,22560,22560,22560,22560,1
20211013105824,22560,22560,22560,22560,330
20211013105826,22565,22565,22565,22565,1
20211013105826,22565,22565,22565,22565,1
20211013105826,22565,22565,22565,22565,1
20211013105828,22560,22560,22560,22560,1
20211013105828,22560,22560,22560,22560,100
20211013105830,22560,22560,22560,22560,1
20211013105830,22560,22560,22560,22560,1204
20211013105831,22560,22560,22560,22560,100
20211013105831,22555,22555,22555,22555,1
20211013105831,22555,22555,22555,22555,1
20211013105833,22560,22560,22560,22560,1
20211013105833,22560,22560,22560,22560,23
20211013105834,22565,22565,22565,22565,1
20211013105834,22565,22565,22565,22565,634
20211013105834,22565,22565,22565,22565,9
20211013105834,22565,22565,22565,22565,101
20211013105835,22570,22570,22570,22570,1
20211013105835,22570,22570,22570,22570,53
20211013105835,22565,22565,22565,22565,20
20211013105835,22565,22565,22565,22565,6127
20211013105836,22565,22565,22565,22565,4
20211013105839,22565,22565,22565,22565,1
20211013105840,22570,22570,22570,22570,322
20211013105840,22570,22570,22570,22570,1
20211013105841,22565,22565,22565,22565,1
20211013105844,22570,22570,22570,22570,1
20211013105846,22570,22570,22570,22570,500
20211013105846,22570,22570,22570,22570,20
20211013105847,22565,22565,22565,22565,44
20211013105847,22565,22565,22565,22565,2
20211013105848,22570,22570,22570,22570,10
20211013105852,22560,22560,22560,22560,611
20211013105853,22560,22560,22560,22560,100
20211013105856,22560,22560,22560,22560,10
20211013105856,22560,22560,22560,22560,1
20211013105857,22560,22560,22560,22560,1
20211013105859,22560,22560,22560,22560,100
20211013105859,22560,22560,22560,22560,306
20211013105902,22560,22560,22560,22560,1
20211013105904,22560,22560,22560,22560,400
20211013105905,22565,22565,22565,22565,1
20211013105905,22560,22560,22560,22560,1
20211013105905,22565,22565,22565,22565,1
20211013105905,22565,22565,22565,22565,2
20211013105906,22565,22565,22565,22565,2
20211013105906,22565,22565,22565,22565,10
20211013105907,22565,22565,22565,22565,8
20211013105911,22565,22565,22565,22565,30
20211013105913,22565,22565,22565,22565,14
20211013105913,22570,22570,22570,22570,50
20211013105914,22560,22560,22560,22560,10
20211013105918,22570,22570,22570,22570,1
20211013105918,22570,22570,22570,22570,1
20211013105918,22570,22570,22570,22570,1
20211013105918,22565,22565,22565,22565,1
20211013105919,22565,22565,22565,22565,1
20211013105920,22565,22565,22565,22565,10
20211013105921,22570,22570,22570,22570,1
20211013105921,22570,22570,22570,22570,1
20211013105921,22565,22565,22565,22565,1
20211013105921,22565,22565,22565,22565,1
20211013105921,22570,22570,22570,22570,1
20211013105924,22565,22565,22565,22565,20
20211013105927,22565,22565,22565,22565,289
20211013105944,22570,22570,22570,22570,200
20211013105949,22565,22565,22565,22565,121
20211013105950,22565,22565,22565,22565,11
20211013105950,22565,22565,22565,22565,1
20211013105950,22565,22565,22565,22565,1
20211013105951,22565,22565,22565,22565,223
20211013105953,22565,22565,22565,22565,500
20211013105957,22565,22565,22565,22565,429
20211013105957,22565,22565,22565,22565,588
20211013105957,22565,22565,22565,22565,588
20211013105957,22565,22565,22565,22565,395
20211013110000,22570,22570,22570,22570,1
20211013110000,22570,22570,22570,22570,3945
20211013110000,22565,22565,22565,22565,1
20211013110000,22575,22575,22575,22575,6
20211013110000,22570,22570,22570,22570,10
20211013110009,22570,22570,22570,22570,20
20211013110009,22575,22575,22575,22575,1
20211013110009,22575,22575,22575,22575,681
20211013110012,22575,22575,22575,22575,500
20211013110019,22570,22570,22570,22570,34
20211013110021,22565,22565,22565,22565,50
20211013110023,22565,22565,22565,22565,25
20211013110027,22560,22560,22560,22560,1520
20211013110027,22560,22560,22560,22560,2082
20211013110028,22565,22565,22565,22565,44
20211013110028,22560,22560,22560,22560,101
20211013110030,22560,22560,22560,22560,303
20211013110033,22565,22565,22565,22565,88
20211013110036,22560,22560,22560,22560,10
20211013110040,22565,22565,22565,22565,1
20211013110040,22560,22560,22560,22560,1
20211013110041,22560,22560,22560,22560,1
20211013110041,22565,22565,22565,22565,30
20211013110041,22565,22565,22565,22565,10
20211013110042,22570,22570,22570,22570,1
20211013110042,22570,22570,22570,22570,1
20211013110042,22570,22570,22570,22570,1
20211013110042,22565,22565,22565,22565,1
20211013110044,22570,22570,22570,22570,1
20211013110044,22570,22570,22570,22570,1
20211013110044,22570,22570,22570,22570,1
20211013110044,22570,22570,22570,22570,1
20211013110044,22565,22565,22565,22565,1
20211013110049,22565,22565,22565,22565,50
20211013110050,22560,22560,22560,22560,1
20211013110051,22570,22570,22570,22570,1
20211013110052,22570,22570,22570,22570,1
20211013110052,22570,22570,22570,22570,1453
20211013110055,22565,22565,22565,22565,1
20211013110057,22570,22570,22570,22570,10
20211013110101,22570,22570,22570,22570,100
20211013110101,22570,22570,22570,22570,1
20211013110103,22575,22575,22575,22575,1
20211013110103,22575,22575,22575,22575,1
20211013110104,22575,22575,22575,22575,1
20211013110104,22570,22570,22570,22570,50
20211013110105,22575,22575,22575,22575,5
20211013110107,22570,22570,22570,22570,1
20211013110107,22575,22575,22575,22575,1
20211013110111,22570,22570,22570,22570,2
20211013110114,22570,22570,22570,22570,1
20211013110114,22570,22570,22570,22570,5
20211013110116,22575,22575,22575,22575,1
20211013110116,22575,22575,22575,22575,1
20211013110116,22575,22575,22575,22575,5413
20211013110118,22570,22570,22570,22570,1
20211013110118,22570,22570,22570,22570,53
20211013110121,22570,22570,22570,22570,2
20211013110123,22565,22565,22565,22565,12
20211013110123,22560,22560,22560,22560,576
20211013110124,22565,22565,22565,22565,500
20211013110130,22565,22565,22565,22565,10
20211013110131,22560,22560,22560,22560,101
20211013110131,22565,22565,22565,22565,50
20211013110134,22560,22560,22560,22560,17
20211013110136,22560,22560,22560,22560,100
20211013110136,22560,22560,22560,22560,1
20211013110142,22555,22555,22555,22555,1
20211013110142,22555,22555,22555,22555,11817
20211013110143,22560,22560,22560,22560,100
20211013110144,22560,22560,22560,22560,10
20211013110145,22560,22560,22560,22560,1
20211013110147,22560,22560,22560,22560,1
20211013110147,22555,22555,22555,22555,1
20211013110159,22560,22560,22560,22560,1
20211013110159,22560,22560,22560,22560,1
20211013110159,22560,22560,22560,22560,884
20211013110200,22560,22560,22560,22560,1
20211013110200,22560,22560,22560,22560,4
20211013110203,22560,22560,22560,22560,2
20211013110209,22560,22560,22560,22560,20
20211013110211,22555,22555,22555,22555,50
20211013110211,22555,22555,22555,22555,355
20211013110212,22555,22555,22555,22555,670
20211013110214,22555,22555,22555,22555,20
20211013110214,22555,22555,22555,22555,1
20211013110214,22555,22555,22555,22555,1
20211013110216,22555,22555,22555,22555,1
20211013110216,22555,22555,22555,22555,1
20211013110222,22560,22560,22560,22560,1
20211013110222,22560,22560,22560,22560,1
20211013110222,22560,22560,22560,22560,1
20211013110222,22560,22560,22560,22560,507
20211013110222,22560,22560,22560,22560,190
20211013110226,22560,22560,22560,22560,100
20211013110230,22560,22560,22560,22560,11
20211013110238,22560,22560,22560,22560,200
20211013110238,22560,22560,22560,22560,1
20211013110238,22560,22560,22560,22560,25
20211013110239,22565,22565,22565,22565,61
20211013110240,22560,22560,22560,22560,22
20211013110240,22560,22560,22560,22560,50
20211013110241,22555,22555,22555,22555,1
20211013110242,22560,22560,22560,22560,1
20211013110249,22555,22555,22555,22555,2085
20211013110249,22555,22555,22555,22555,185
20211013110253,22560,22560,22560,22560,1
20211013110256,22555,22555,22555,22555,2
20211013110258,22550,22550,22550,22550,1
20211013110258,22555,22555,22555,22555,1
20211013110301,22555,22555,22555,22555,8
20211013110302,22550,22550,22550,22550,3464
20211013110302,22550,22550,22550,22550,2085
20211013110302,22550,22550,22550,22550,1
20211013110302,22550,22550,22550,22550,6731
20211013110302,22550,22550,22550,22550,1
20211013110302,22550,22550,22550,22550,1
20211013110303,22550,22550,22550,22550,1
20211013110304,22545,22545,22545,22545,1
20211013110306,22550,22550,22550,22550,1
20211013110307,22545,22545,22545,22545,1
20211013110307,22545,22545,22545,22545,2556
20211013110308,22550,22550,22550,22550,1
20211013110308,22550,22550,22550,22550,1
20211013110310,22550,22550,22550,22550,100
20211013110312,22550,22550,22550,22550,1
20211013110312,22550,22550,22550,22550,2
20211013110313,22550,22550,22550,22550,297
20211013110313,22555,22555,22555,22555,1
20211013110317,22550,22550,22550,22550,1
20211013110317,22545,22545,22545,22545,399
20211013110318,22550,22550,22550,22550,50
20211013110321,22550,22550,22550,22550,1
20211013110324,22550,22550,22550,22550,22
20211013110325,22550,22550,22550,22550,22
20211013110325,22550,22550,22550,22550,178
20211013110327,22550,22550,22550,22550,101
20211013110328,22550,22550,22550,22550,20
20211013110331,22550,22550,22550,22550,295
20211013110331,22550,22550,22550,22550,1
20211013110333,22545,22545,22545,22545,1500
20211013110334,22550,22550,22550,22550,6
20211013110335,22545,22545,22545,22545,1
20211013110335,22545,22545,22545,22545,1136
20211013110335,22550,22550,22550,22550,1
20211013110336,22545,22545,22545,22545,4
20211013110339,22545,22545,22545,22545,1
20211013110340,22540,22540,22540,22540,1
20211013110340,22540,22540,22540,22540,1
20211013110340,22540,22540,22540,22540,1
20211013110340,22540,22540,22540,22540,3753
20211013110342,22540,22540,22540,22540,30
20211013110343,22535,22535,22535,22535,10
20211013110344,22540,22540,22540,22540,1
20211013110344,22535,22535,22535,22535,100
20211013110345,22540,22540,22540,22540,100
20211013110346,22545,22545,22545,22545,1
20211013110346,22540,22540,22540,22540,1
20211013110346,22540,22540,22540,22540,1
20211013110346,22540,22540,22540,22540,2156
20211013110355,22540,22540,22540,22540,100
20211013110356,22540,22540,22540,22540,20
20211013110356,22540,22540,22540,22540,10
20211013110356,22545,22545,22545,22545,100
20211013110358,22545,22545,22545,22545,1377
20211013110359,22545,22545,22545,22545,8
20211013110400,22550,22550,22550,22550,739
20211013110400,22550,22550,22550,22550,1
20211013110400,22550,22550,22550,22550,1
20211013110400,22550,22550,22550,22550,1
20211013110401,22550,22550,22550,22550,1
20211013110402,22555,22555,22555,22555,530
20211013110403,22555,22555,22555,22555,50
20211013110404,22560,22560,22560,22560,219
20211013110404,22555,22555,22555,22555,1
20211013110404,22560,22560,22560,22560,1
20211013110405,22560,22560,22560,22560,1
20211013110408,22555,22555,22555,22555,1000
20211013110410,22555,22555,22555,22555,1
20211013110411,22550,22550,22550,22550,1
20211013110411,22550,22550,22550,22550,101
20211013110412,22550,22550,22550,22550,1
20211013110415,22550,22550,22550,22550,1
20211013110417,22545,22545,22545,22545,1
20211013110420,22550,22550,22550,22550,100
20211013110420,22545,22545,22545,22545,1955
20211013110420,22545,22545,22545,22545,207
20211013110421,22545,22545,22545,22545,700
20211013110421,22540,22540,22540,22540,1
20211013110422,22540,22540,22540,22540,934
20211013110423,22540,22540,22540,22540,1
20211013110423,22545,22545,22545,22545,52
20211013110425,22545,22545,22545,22545,2
20211013110429,22540,22540,22540,22540,1
20211013110433,22540,22540,22540,22540,101
20211013110438,22535,22535,22535,22535,3144
20211013110443,22535,22535,22535,22535,1000
20211013110447,22530,22530,22530,22530,3163
20211013110447,22525,22525,22525,22525,100
20211013110449,22525,22525,22525,22525,20
20211013110449,22525,22525,22525,22525,1000
20211013110450,22530,22530,22530,22530,100
20211013110454,22525,22525,22525,22525,50
20211013110455,22530,22530,22530,22530,50
20211013110458,22530,22530,22530,22530,1000
20211013110459,22530,22530,22530,22530,1
20211013110459,22530,22530,22530,22530,839
20211013110459,22530,22530,22530,22530,1
20211013110459,22530,22530,22530,22530,128
20211013110459,22530,22530,22530,22530,91
20211013110459,22535,22535,22535,22535,1
20211013110459,22535,22535,22535,22535,399
20211013110500,22535,22535,22535,22535,1000
20211013110500,22540,22540,22540,22540,6
20211013110506,22535,22535,22535,22535,99
20211013110507,22540,22540,22540,22540,500
20211013110509,22535,22535,22535,22535,1
20211013110509,22535,22535,22535,22535,1
20211013110509,22535,22535,22535,22535,1
20211013110511,22535,22535,22535,22535,30
20211013110512,22535,22535,22535,22535,1
20211013110512,22535,22535,22535,22535,1
20211013110512,22535,22535,22535,22535,11615
20211013110512,22535,22535,22535,22535,1
20211013110512,22535,22535,22535,22535,10
20211013110518,22535,22535,22535,22535,10
20211013110518,22535,22535,22535,22535,19
20211013110520,22540,22540,22540,22540,50
20211013110520,22535,22535,22535,22535,4
20211013110526,22540,22540,22540,22540,146
20211013110526,22545,22545,22545,22545,1
20211013110527,22545,22545,22545,22545,20
20211013110529,22540,22540,22540,22540,11439
20211013110538,22540,22540,22540,22540,8
20211013110540,22540,22540,22540,22540,1
20211013110540,22540,22540,22540,22540,549
20211013110542,22545,22545,22545,22545,50
20211013110545,22540,22540,22540,22540,1
20211013110545,22540,22540,22540,22540,549
20211013110545,22540,22540,22540,22540,463
20211013110550,22540,22540,22540,22540,500
20211013110552,22545,22545,22545,22545,500
20211013110553,22540,22540,22540,22540,1
20211013110553,22540,22540,22540,22540,1
20211013110553,22540,22540,22540,22540,15
20211013110555,22540,22540,22540,22540,1
20211013110555,22540,22540,22540,22540,1022
20211013110557,22540,22540,22540,22540,1
20211013110600,22535,22535,22535,22535,1
20211013110600,22535,22535,22535,22535,1
20211013110600,22535,22535,22535,22535,2437
20211013110600,22535,22535,22535,22535,100
20211013110600,22535,22535,22535,22535,20
20211013110603,22535,22535,22535,22535,1
20211013110603,22535,22535,22535,22535,10
20211013110604,22535,22535,22535,22535,30
20211013110608,22535,22535,22535,22535,1
20211013110608,22535,22535,22535,22535,1
20211013110610,22535,22535,22535,22535,1
20211013110612,22535,22535,22535,22535,1
20211013110612,22530,22530,22530,22530,400
20211013110613,22535,22535,22535,22535,146
20211013110613,22540,22540,22540,22540,350
20211013110621,22545,22545,22545,22545,100
20211013110624,22545,22545,22545,22545,5
20211013110626,22545,22545,22545,22545,1
20211013110629,22540,22540,22540,22540,1
20211013110629,22540,22540,22540,22540,129
20211013110635,22545,22545,22545,22545,1
20211013110635,22545,22545,22545,22545,2
20211013110636,22545,22545,22545,22545,50
20211013110640,22540,22540,22540,22540,1
20211013110640,22540,22540,22540,22540,1
20211013110641,22540,22540,22540,22540,1
20211013110641,22540,22540,22540,22540,4
20211013110641,22545,22545,22545,22545,283
20211013110643,22545,22545,22545,22545,20
20211013110644,22535,22535,22535,22535,50
20211013110644,22535,22535,22535,22535,2273
20211013110700,22545,22545,22545,22545,4783
20211013110700,22540,22540,22540,22540,911
20211013110703,22540,22540,22540,22540,1
20211013110703,22540,22540,22540,22540,39
20211013110710,22545,22545,22545,22545,20
20211013110714,22545,22545,22545,22545,100
20211013110717,22540,22540,22540,22540,1
20211013110717,22540,22540,22540,22540,1
20211013110717,22540,22540,22540,22540,1
20211013110719,22545,22545,22545,22545,202
20211013110723,22545,22545,22545,22545,1
20211013110725,22545,22545,22545,22545,1
20211013110726,22545,22545,22545,22545,1800
20211013110727,22540,22540,22540,22540,30
20211013110728,22545,22545,22545,22545,1
20211013110729,22550,22550,22550,22550,150
20211013110731,22545,22545,22545,22545,114
20211013110735,22550,22550,22550,22550,271
20211013110736,22550,22550,22550,22550,500
20211013110736,22555,22555,22555,22555,3253
20211013110737,22550,22550,22550,22550,102
20211013110738,22555,22555,22555,22555,500
20211013110738,22555,22555,22555,22555,1
20211013110738,22555,22555,22555,22555,499
20211013110739,22560,22560,22560,22560,1
20211013110739,22560,22560,22560,22560,1
20211013110739,22555,22555,22555,22555,1
20211013110739,22560,22560,22560,22560,1131
20211013110739,22565,22565,22565,22565,1
20211013110740,22565,22565,22565,22565,492
20211013110743,22565,22565,22565,22565,28
20211013110743,22570,22570,22570,22570,1
20211013110743,22570,22570,22570,22570,10053
20211013110744,22575,22575,22575,22575,50
20211013110744,22570,22570,22570,22570,100
20211013110745,22570,22570,22570,22570,32
20211013110746,22570,22570,22570,22570,100
20211013110748,22570,22570,22570,22570,50
20211013110748,22575,22575,22575,22575,519
20211013110748,22575,22575,22575,22575,1
20211013110748,22575,22575,22575,22575,945
20211013110749,22580,22580,22580,22580,1
20211013110749,22580,22580,22580,22580,1
20211013110749,22575,22575,22575,22575,200
20211013110749,22580,22580,22580,22580,1
20211013110749,22570,22570,22570,22570,50
20211013110750,22575,22575,22575,22575,1
20211013110751,22575,22575,22575,22575,299
20211013110751,22570,22570,22570,22570,50
20211013110752,22580,22580,22580,22580,100
20211013110753,22575,22575,22575,22575,10
20211013110754,22575,22575,22575,22575,1
20211013110754,22575,22575,22575,22575,499
20211013110755,22575,22575,22575,22575,3
20211013110755,22575,22575,22575,22575,3
20211013110757,22575,22575,22575,22575,3
20211013110757,22575,22575,22575,22575,3
20211013110757,22575,22575,22575,22575,5
20211013110800,22570,22570,22570,22570,1
20211013110800,22570,22570,22570,22570,7589
20211013110800,22565,22565,22565,22565,1
20211013110800,22565,22565,22565,22565,1
20211013110803,22565,22565,22565,22565,1
20211013110803,22565,22565,22565,22565,1
20211013110803,22565,22565,22565,22565,1
20211013110804,22570,22570,22570,22570,200
20211013110808,22565,22565,22565,22565,1
20211013110808,22565,22565,22565,22565,1
20211013110809,22565,22565,22565,22565,1
20211013110810,22565,22565,22565,22565,50
20211013110810,22565,22565,22565,22565,1
20211013110811,22570,22570,22570,22570,1
20211013110811,22570,22570,22570,22570,1
20211013110812,22565,22565,22565,22565,1
20211013110812,22565,22565,22565,22565,1
20211013110814,22570,22570,22570,22570,1
20211013110815,22565,22565,22565,22565,1
20211013110816,22565,22565,22565,22565,1
20211013110816,22570,22570,22570,22570,1
20211013110816,22570,22570,22570,22570,1
20211013110816,22565,22565,22565,22565,1
20211013110816,22565,22565,22565,22565,1
20211013110816,22565,22565,22565,22565,1
20211013110816,22565,22565,22565,22565,1
20211013110816,22565,22565,22565,22565,1
20211013110817,22570,22570,22570,22570,300
20211013110818,22565,22565,22565,22565,1
20211013110819,22565,22565,22565,22565,1
20211013110819,22565,22565,22565,22565,1
20211013110820,22565,22565,22565,22565,1
20211013110820,22565,22565,22565,22565,1
20211013110821,22565,22565,22565,22565,1
20211013110821,22570,22570,22570,22570,1
20211013110821,22565,22565,22565,22565,1
20211013110822,22565,22565,22565,22565,50
20211013110825,22565,22565,22565,22565,1
20211013110825,22570,22570,22570,22570,8239
20211013110825,22570,22570,22570,22570,5272
20211013110825,22575,22575,22575,22575,1
20211013110825,22575,22575,22575,22575,11801
20211013110825,22575,22575,22575,22575,10
20211013110825,22570,22570,22570,22570,20
20211013110826,22580,22580,22580,22580,9979
20211013110829,22575,22575,22575,22575,10
20211013110829,22580,22580,22580,22580,30
20211013110830,22585,22585,22585,22585,200
20211013110831,22585,22585,22585,22585,1
20211013110831,22585,22585,22585,22585,1
20211013110831,22585,22585,22585,22585,1
20211013110831,22585,22585,22585,22585,1169
20211013110831,22585,22585,22585,22585,1401
20211013110831,22585,22585,22585,22585,500
20211013110832,22580,22580,22580,22580,30
20211013110832,22580,22580,22580,22580,70
20211013110836,22580,22580,22580,22580,1
20211013110836,22580,22580,22580,22580,1
20211013110836,22580,22580,22580,22580,3
20211013110836,22580,22580,22580,22580,30
20211013110837,22580,22580,22580,22580,1
20211013110838,22575,22575,22575,22575,1
20211013110838,22570,22570,22570,22570,1
20211013110839,22575,22575,22575,22575,300
20211013110839,22575,22575,22575,22575,100
20211013110839,22575,22575,22575,22575,2
20211013110839,22570,22570,22570,22570,127
20211013110840,22575,22575,22575,22575,30
20211013110841,22570,22570,22570,22570,300
20211013110842,22575,22575,22575,22575,11
20211013110843,22570,22570,22570,22570,1
20211013110843,22570,22570,22570,22570,1
20211013110843,22570,22570,22570,22570,28
20211013110843,22570,22570,22570,22570,250
20211013110847,22570,22570,22570,22570,6
20211013110848,22570,22570,22570,22570,94
20211013110848,22575,22575,22575,22575,9
20211013110849,22575,22575,22575,22575,20
20211013110852,22575,22575,22575,22575,1
20211013110854,22575,22575,22575,22575,121
20211013110854,22575,22575,22575,22575,579
20211013110856,22580,22580,22580,22580,2
20211013110902,22575,22575,22575,22575,32
20211013110902,22570,22570,22570,22570,1
20211013110902,22570,22570,22570,22570,1
20211013110907,22575,22575,22575,22575,54
20211013110907,22570,22570,22570,22570,1
20211013110908,22575,22575,22575,22575,1
20211013110909,22575,22575,22575,22575,1
20211013110910,22575,22575,22575,22575,28
20211013110910,22575,22575,22575,22575,171
20211013110911,22575,22575,22575,22575,180
20211013110911,22575,22575,22575,22575,100
20211013110913,22575,22575,22575,22575,1
20211013110913,22575,22575,22575,22575,5999
20211013110923,22580,22580,22580,22580,117
20211013110923,22575,22575,22575,22575,50
20211013110931,22575,22575,22575,22575,34
20211013110932,22575,22575,22575,22575,416
20211013110933,22575,22575,22575,22575,15
20211013110934,22575,22575,22575,22575,200
20211013110937,22580,22580,22580,22580,1
20211013110937,22580,22580,22580,22580,109
20211013110940,22580,22580,22580,22580,5
20211013110940,22575,22575,22575,22575,1
20211013110940,22575,22575,22575,22575,623
20211013110945,22575,22575,22575,22575,250
20211013110951,22575,22575,22575,22575,1
20211013110954,22575,22575,22575,22575,1
20211013110957,22575,22575,22575,22575,10
20211013110957,22570,22570,22570,22570,1
20211013110957,22575,22575,22575,22575,590
20211013111000,22580,22580,22580,22580,1
20211013111000,22580,22580,22580,22580,100
20211013111000,22580,22580,22580,22580,6
20211013111000,22580,22580,22580,22580,1
20211013111000,22580,22580,22580,22580,1
20211013111001,22575,22575,22575,22575,100
20211013111002,22580,22580,22580,22580,347
20211013111006,22580,22580,22580,22580,452
20211013111006,22585,22585,22585,22585,6445
20211013111007,22585,22585,22585,22585,1
20211013111007,22590,22590,22590,22590,400
20211013111007,22580,22580,22580,22580,6
20211013111007,22580,22580,22580,22580,200
20211013111008,22585,22585,22585,22585,200
20211013111008,22580,22580,22580,22580,1
20211013111011,22580,22580,22580,22580,100
20211013111011,22580,22580,22580,22580,200
20211013111014,22580,22580,22580,22580,50
20211013111015,22585,22585,22585,22585,1270
20211013111016,22585,22585,22585,22585,50
20211013111018,22590,22590,22590,22590,1
20211013111023,22585,22585,22585,22585,1
20211013111023,22585,22585,22585,22585,50
20211013111023,22585,22585,22585,22585,1
20211013111024,22590,22590,22590,22590,20
20211013111025,22590,22590,22590,22590,35
20211013111025,22585,22585,22585,22585,600
20211013111029,22585,22585,22585,22585,100
20211013111030,22585,22585,22585,22585,1790
20211013111030,22585,22585,22585,22585,76
20211013111031,22580,22580,22580,22580,500
20211013111034,22580,22580,22580,22580,1000
20211013111034,22585,22585,22585,22585,5
20211013111035,22585,22585,22585,22585,369
20211013111037,22585,22585,22585,22585,30
20211013111039,22585,22585,22585,22585,67
20211013111040,22585,22585,22585,22585,22
20211013111042,22580,22580,22580,22580,1
20211013111042,22580,22580,22580,22580,1
20211013111042,22580,22580,22580,22580,1007
20211013111045,22580,22580,22580,22580,45
20211013111050,22580,22580,22580,22580,2301
20211013111052,22585,22585,22585,22585,100
20211013111052,22580,22580,22580,22580,3
20211013111055,22580,22580,22580,22580,44
20211013111057,22580,22580,22580,22580,500
20211013111100,22580,22580,22580,22580,1
20211013111101,22580,22580,22580,22580,1
20211013111105,22580,22580,22580,22580,46
20211013111106,22580,22580,22580,22580,1
20211013111106,22575,22575,22575,22575,1
20211013111106,22575,22575,22575,22575,1
20211013111115,22575,22575,22575,22575,773
20211013111115,22575,22575,22575,22575,500
20211013111115,22575,22575,22575,22575,1
20211013111115,22575,22575,22575,22575,1
20211013111116,22570,22570,22570,22570,269
20211013111120,22570,22570,22570,22570,50
20211013111120,22575,22575,22575,22575,300
20211013111126,22570,22570,22570,22570,1500
20211013111127,22575,22575,22575,22575,1
20211013111128,22575,22575,22575,22575,9
20211013111138,22575,22575,22575,22575,1
20211013111138,22575,22575,22575,22575,139
20211013111145,22570,22570,22570,22570,250
20211013111148,22570,22570,22570,22570,1377
20211013111151,22565,22565,22565,22565,2222
20211013111153,22565,22565,22565,22565,100
20211013111201,22560,22560,22560,22560,50
20211013111202,22565,22565,22565,22565,180
20211013111204,22570,22570,22570,22570,1
20211013111204,22565,22565,22565,22565,1
20211013111206,22570,22570,22570,22570,619
20211013111206,22575,22575,22575,22575,1
20211013111206,22575,22575,22575,22575,4281
20211013111209,22580,22580,22580,22580,1
20211013111209,22580,22580,22580,22580,1338
20211013111213,22575,22575,22575,22575,1
20211013111214,22575,22575,22575,22575,10
20211013111218,22575,22575,22575,22575,200
20211013111221,22570,22570,22570,22570,200
20211013111222,22570,22570,22570,22570,50
20211013111225,22570,22570,22570,22570,20
20211013111225,22565,22565,22565,22565,1121
20211013111227,22565,22565,22565,22565,10
20211013111231,22565,22565,22565,22565,217
20211013111250,22580,22580,22580,22580,1
20211013111252,22580,22580,22580,22580,11
20211013111253,22575,22575,22575,22575,1
20211013111253,22575,22575,22575,22575,1
20211013111300,22570,22570,22570,22570,764
20211013111302,22570,22570,22570,22570,100
20211013111304,22570,22570,22570,22570,100
20211013111304,22565,22565,22565,22565,1001
20211013111304,22570,22570,22570,22570,30
20211013111306,22565,22565,22565,22565,60
20211013111307,22560,22560,22560,22560,9020
20211013111307,22560,22560,22560,22560,800
20211013111307,22555,22555,22555,22555,1
20211013111307,22555,22555,22555,22555,1
20211013111307,22560,22560,22560,22560,1
20211013111307,22560,22560,22560,22560,1
20211013111307,22560,22560,22560,22560,1
20211013111307,22560,22560,22560,22560,1
20211013111307,22560,22560,22560,22560,8
20211013111312,22555,22555,22555,22555,1
20211013111313,22555,22555,22555,22555,1
20211013111313,22555,22555,22555,22555,1037
20211013111321,22550,22550,22550,22550,50
20211013111321,22550,22550,22550,22550,300
20211013111324,22550,22550,22550,22550,44
20211013111324,22545,22545,22545,22545,19116
20211013111325,22545,22545,22545,22545,1000
20211013111326,22550,22550,22550,22550,7539
20211013111326,22545,22545,22545,22545,9
20211013111327,22545,22545,22545,22545,200
20211013111330,22550,22550,22550,22550,250
20211013111335,22550,22550,22550,22550,300
20211013111335,22550,22550,22550,22550,13717
20211013111339,22550,22550,22550,22550,200
20211013111342,22550,22550,22550,22550,1
20211013111343,22550,22550,22550,22550,1
20211013111344,22550,22550,22550,22550,1552
20211013111347,22550,22550,22550,22550,10
20211013111349,22550,22550,22550,22550,1
20211013111349,22550,22550,22550,22550,99
20211013111354,22545,22545,22545,22545,20
20211013111355,22545,22545,22545,22545,20
20211013111357,22550,22550,22550,22550,1000
20211013111358,22545,22545,22545,22545,1
20211013111400,22545,22545,22545,22545,1028
20211013111400,22550,22550,22550,22550,50
20211013111404,22545,22545,22545,22545,44
20211013111405,22550,22550,22550,22550,1
20211013111405,22550,22550,22550,22550,160
20211013111407,22550,22550,22550,22550,1
20211013111407,22550,22550,22550,22550,339
20211013111412,22545,22545,22545,22545,71
20211013111415,22545,22545,22545,22545,200
20211013111416,22545,22545,22545,22545,665
20211013111416,22545,22545,22545,22545,1
20211013111417,22540,22540,22540,22540,44
20211013111419,22545,22545,22545,22545,100
20211013111426,22545,22545,22545,22545,10
20211013111431,22545,22545,22545,22545,11
20211013111431,22545,22545,22545,22545,200
20211013111434,22545,22545,22545,22545,1466
20211013111438,22545,22545,22545,22545,10
20211013111438,22545,22545,22545,22545,1
20211013111441,22545,22545,22545,22545,21
20211013111443,22540,22540,22540,22540,1700
20211013111450,22545,22545,22545,22545,1
20211013111450,22550,22550,22550,22550,400
20211013111450,22545,22545,22545,22545,10
20211013111451,22545,22545,22545,22545,157
20211013111454,22550,22550,22550,22550,100
20211013111455,22540,22540,22540,22540,4813
20211013111455,22545,22545,22545,22545,20
20211013111458,22535,22535,22535,22535,1
20211013111458,22535,22535,22535,22535,2500
20211013111459,22540,22540,22540,22540,1
20211013111500,22535,22535,22535,22535,1
20211013111500,22540,22540,22540,22540,6
20211013111501,22535,22535,22535,22535,10
20211013111503,22535,22535,22535,22535,1
20211013111503,22535,22535,22535,22535,2218
20211013111504,22530,22530,22530,22530,1
20211013111504,22530,22530,22530,22530,5794
20211013111505,22530,22530,22530,22530,13
20211013111505,22530,22530,22530,22530,1466
20211013111505,22530,22530,22530,22530,366
20211013111506,22530,22530,22530,22530,326
20211013111507,22530,22530,22530,22530,400
20211013111511,22530,22530,22530,22530,1
20211013111512,22525,22525,22525,22525,2265
20211013111512,22520,22520,22520,22520,1
20211013111512,22525,22525,22525,22525,2158
20211013111512,22520,22520,22520,22520,1
20211013111513,22525,22525,22525,22525,300
20211013111513,22520,22520,22520,22520,13094
20211013111514,22515,22515,22515,22515,2005
20211013111519,22515,22515,22515,22515,10
20211013111521,22520,22520,22520,22520,2000
20211013111521,22515,22515,22515,22515,1
20211013111521,22520,22520,22520,22520,1
20211013111521,22520,22520,22520,22520,2084
20211013111523,22525,22525,22525,22525,1
20211013111524,22520,22520,22520,22520,330
20211013111525,22525,22525,22525,22525,1
20211013111526,22525,22525,22525,22525,21
20211013111527,22530,22530,22530,22530,50
20211013111529,22530,22530,22530,22530,100
20211013111530,22530,22530,22530,22530,1
20211013111533,22530,22530,22530,22530,1
20211013111535,22530,22530,22530,22530,1000
20211013111536,22530,22530,22530,22530,50
20211013111537,22530,22530,22530,22530,1
20211013111537,22530,22530,22530,22530,50
20211013111537,22530,22530,22530,22530,1
20211013111537,22530,22530,22530,22530,35
20211013111538,22525,22525,22525,22525,2000
20211013111544,22535,22535,22535,22535,37
20211013111545,22535,22535,22535,22535,1205
20211013111545,22540,22540,22540,22540,35
20211013111554,22540,22540,22540,22540,200
20211013111555,22535,22535,22535,22535,122
20211013111558,22540,22540,22540,22540,1
20211013111600,22540,22540,22540,22540,1
20211013111601,22540,22540,22540,22540,24
20211013111603,22540,22540,22540,22540,1
20211013111603,22545,22545,22545,22545,1895
20211013111605,22545,22545,22545,22545,30
20211013111607,22550,22550,22550,22550,200
20211013111607,22550,22550,22550,22550,5032
20211013111607,22550,22550,22550,22550,1
20211013111607,22555,22555,22555,22555,1
20211013111608,22550,22550,22550,22550,1
20211013111608,22555,22555,22555,22555,157
20211013111609,22560,22560,22560,22560,15145
20211013111610,22560,22560,22560,22560,500
20211013111610,22560,22560,22560,22560,125
20211013111611,22560,22560,22560,22560,6022
20211013111611,22560,22560,22560,22560,20
20211013111611,22565,22565,22565,22565,169
20211013111611,22565,22565,22565,22565,169
20211013111612,22560,22560,22560,22560,52
20211013111613,22560,22560,22560,22560,1
20211013111614,22560,22560,22560,22560,49
20211013111615,22560,22560,22560,22560,200
20211013111617,22560,22560,22560,22560,100
20211013111617,22560,22560,22560,22560,1
20211013111619,22555,22555,22555,22555,1
20211013111619,22555,22555,22555,22555,1
20211013111619,22555,22555,22555,22555,9
20211013111621,22555,22555,22555,22555,2
20211013111621,22560,22560,22560,22560,329
20211013111622,22555,22555,22555,22555,1
20211013111626,22550,22550,22550,22550,70
20211013111627,22555,22555,22555,22555,20
20211013111628,22555,22555,22555,22555,1
20211013111628,22555,22555,22555,22555,231
20211013111631,22555,22555,22555,22555,2
20211013111634,22560,22560,22560,22560,2
20211013111637,22560,22560,22560,22560,3075
20211013111637,22560,22560,22560,22560,9
20211013111639,22555,22555,22555,22555,100
20211013111641,22555,22555,22555,22555,1
20211013111643,22555,22555,22555,22555,1
20211013111645,22555,22555,22555,22555,1
20211013111646,22565,22565,22565,22565,5
20211013111652,22555,22555,22555,22555,1
20211013111652,22555,22555,22555,22555,1
20211013111655,22560,22560,22560,22560,1
20211013111657,22555,22555,22555,22555,1183
20211013111700,22555,22555,22555,22555,963
20211013111700,22555,22555,22555,22555,200
20211013111703,22550,22550,22550,22550,13
20211013111703,22545,22545,22545,22545,47
20211013111704,22550,22550,22550,22550,11
20211013111704,22550,22550,22550,22550,100
20211013111707,22550,22550,22550,22550,1
20211013111708,22550,22550,22550,22550,1
20211013111708,22550,22550,22550,22550,1
20211013111711,22555,22555,22555,22555,12
20211013111712,22555,22555,22555,22555,1
20211013111712,22555,22555,22555,22555,1
20211013111712,22555,22555,22555,22555,1
20211013111714,22560,22560,22560,22560,3579
20211013111725,22565,22565,22565,22565,1
20211013111725,22565,22565,22565,22565,223
20211013111729,22565,22565,22565,22565,5
20211013111730,22565,22565,22565,22565,1
20211013111731,22565,22565,22565,22565,10
20211013111733,22565,22565,22565,22565,10
20211013111733,22560,22560,22560,22560,1
20211013111736,22565,22565,22565,22565,1
20211013111738,22565,22565,22565,22565,20
20211013111738,22565,22565,22565,22565,6
20211013111739,22565,22565,22565,22565,2
20211013111742,22570,22570,22570,22570,1
20211013111742,22570,22570,22570,22570,1
20211013111742,22570,22570,22570,22570,1
20211013111742,22570,22570,22570,22570,138
20211013111744,22570,22570,22570,22570,1
20211013111751,22565,22565,22565,22565,1
20211013111752,22565,22565,22565,22565,10
20211013111752,22560,22560,22560,22560,45
20211013111753,22560,22560,22560,22560,1
20211013111753,22565,22565,22565,22565,1
20211013111755,22560,22560,22560,22560,1
20211013111757,22560,22560,22560,22560,154
20211013111757,22560,22560,22560,22560,722
20211013111757,22555,22555,22555,22555,29
20211013111803,22555,22555,22555,22555,1
20211013111805,22560,22560,22560,22560,1
20211013111807,22555,22555,22555,22555,1
20211013111811,22555,22555,22555,22555,1
20211013111812,22555,22555,22555,22555,1
20211013111813,22555,22555,22555,22555,32
20211013111816,22555,22555,22555,22555,1205
20211013111816,22555,22555,22555,22555,500
20211013111816,22555,22555,22555,22555,126
20211013111816,22555,22555,22555,22555,126
20211013111816,22555,22555,22555,22555,126
20211013111816,22555,22555,22555,22555,126
20211013111816,22555,22555,22555,22555,126
20211013111816,22555,22555,22555,22555,126
20211013111816,22555,22555,22555,22555,126
20211013111816,22555,22555,22555,22555,126
20211013111816,22555,22555,22555,22555,126
20211013111816,22555,22555,22555,22555,126
20211013111816,22555,22555,22555,22555,126
20211013111816,22555,22555,22555,22555,126
20211013111816,22555,22555,22555,22555,126
20211013111816,22555,22555,22555,22555,126
20211013111816,22555,22555,22555,22555,126
20211013111816,22555,22555,22555,22555,126
20211013111816,22555,22555,22555,22555,126
20211013111816,22555,22555,22555,22555,126
20211013111816,22555,22555,22555,22555,126
20211013111816,22555,22555,22555,22555,126
20211013111816,22555,22555,22555,22555,126
20211013111816,22555,22555,22555,22555,126
20211013111816,22555,22555,22555,22555,126
20211013111816,22555,22555,22555,22555,126
20211013111816,22555,22555,22555,22555,126
20211013111816,22555,22555,22555,22555,126
20211013111816,22555,22555,22555,22555,126
20211013111816,22555,22555,22555,22555,126
20211013111816,22555,22555,22555,22555,126
20211013111816,22555,22555,22555,22555,126
20211013111816,22555,22555,22555,22555,126
20211013111816,22555,22555,22555,22555,126
20211013111816,22555,22555,22555,22555,126
20211013111816,22555,22555,22555,22555,126
20211013111816,22555,22555,22555,22555,126
20211013111816,22555,22555,22555,22555,126
20211013111816,22555,22555,22555,22555,126
20211013111816,22555,22555,22555,22555,126
20211013111816,22555,22555,22555,22555,965
20211013111817,22555,22555,22555,22555,46
20211013111818,22555,22555,22555,22555,1
20211013111819,22555,22555,22555,22555,1
20211013111820,22560,22560,22560,22560,1
20211013111820,22555,22555,22555,22555,1
20211013111820,22560,22560,22560,22560,1
20211013111821,22560,22560,22560,22560,50
20211013111831,22560,22560,22560,22560,685
20211013111833,22565,22565,22565,22565,1011
20211013111836,22560,22560,22560,22560,1
20211013111837,22565,22565,22565,22565,55
20211013111838,22560,22560,22560,22560,250
20211013111838,22555,22555,22555,22555,1
20211013111841,22560,22560,22560,22560,1
20211013111844,22555,22555,22555,22555,1
20211013111850,22555,22555,22555,22555,1
20211013111851,22560,22560,22560,22560,390
20211013111852,22555,22555,22555,22555,1
20211013111854,22555,22555,22555,22555,2264
20211013111855,22550,22550,22550,22550,1
20211013111855,22550,22550,22550,22550,132
20211013111857,22550,22550,22550,22550,530
20211013111900,22555,22555,22555,22555,588
20211013111900,22560,22560,22560,22560,1
20211013111901,22560,22560,22560,22560,1
20211013111902,22560,22560,22560,22560,1
20211013111906,22560,22560,22560,22560,4058
20211013111906,22560,22560,22560,22560,1
20211013111909,22565,22565,22565,22565,100
20211013111909,22560,22560,22560,22560,35
20211013111914,22560,22560,22560,22560,1
20211013111916,22560,22560,22560,22560,2
20211013111916,22560,22560,22560,22560,48
20211013111918,22560,22560,22560,22560,15
20211013111918,22565,22565,22565,22565,1
20211013111918,22560,22560,22560,22560,1
20211013111920,22565,22565,22565,22565,1
20211013111920,22565,22565,22565,22565,1
20211013111921,22560,22560,22560,22560,50
20211013111921,22560,22560,22560,22560,134
20211013111924,22565,22565,22565,22565,74
20211013111924,22560,22560,22560,22560,1
20211013111927,22565,22565,22565,22565,1
20211013111930,22565,22565,22565,22565,500
20211013111933,22565,22565,22565,22565,349
20211013111934,22560,22560,22560,22560,200
20211013111936,22560,22560,22560,22560,1
20211013111936,22560,22560,22560,22560,1
20211013111939,22565,22565,22565,22565,202
20211013111941,22560,22560,22560,22560,1
20211013111942,22565,22565,22565,22565,50
20211013111954,22565,22565,22565,22565,4
20211013111957,22560,22560,22560,22560,2005
20211013112000,22560,22560,22560,22560,500
20211013112000,22565,22565,22565,22565,6
20211013112003,22555,22555,22555,22555,1
20211013112013,22555,22555,22555,22555,10
20211013112016,22555,22555,22555,22555,1
20211013112017,22560,22560,22560,22560,412
20211013112020,22555,22555,22555,22555,8
20211013112031,22560,22560,22560,22560,1
20211013112034,22560,22560,22560,22560,1
20211013112038,22560,22560,22560,22560,93
20211013112039,22560,22560,22560,22560,1
20211013112040,22560,22560,22560,22560,1
20211013112042,22560,22560,22560,22560,1
20211013112044,22560,22560,22560,22560,1
20211013112044,22555,22555,22555,22555,1
20211013112047,22560,22560,22560,22560,2
20211013112047,22560,22560,22560,22560,1
20211013112048,22560,22560,22560,22560,1
20211013112049,22560,22560,22560,22560,1
20211013112049,22560,22560,22560,22560,1
20211013112050,22560,22560,22560,22560,1
20211013112052,22560,22560,22560,22560,1
20211013112053,22560,22560,22560,22560,1
20211013112053,22560,22560,22560,22560,1
20211013112054,22560,22560,22560,22560,1
20211013112054,22560,22560,22560,22560,1
20211013112057,22560,22560,22560,22560,1
20211013112058,22560,22560,22560,22560,1
20211013112059,22560,22560,22560,22560,1
20211013112102,22565,22565,22565,22565,1
20211013112106,22565,22565,22565,22565,144
20211013112112,22570,22570,22570,22570,44
20211013112112,22565,22565,22565,22565,17
20211013112113,22565,22565,22565,22565,1
20211013112115,22570,22570,22570,22570,1
20211013112115,22565,22565,22565,22565,1
20211013112118,22565,22565,22565,22565,12
20211013112118,22565,22565,22565,22565,1
20211013112124,22565,22565,22565,22565,601
20211013112124,22565,22565,22565,22565,21
20211013112124,22570,22570,22570,22570,29
20211013112129,22565,22565,22565,22565,510
20211013112129,22570,22570,22570,22570,100
20211013112130,22565,22565,22565,22565,100
20211013112132,22570,22570,22570,22570,10
20211013112133,22565,22565,22565,22565,1
20211013112135,22565,22565,22565,22565,1
20211013112136,22565,22565,22565,22565,1
20211013112137,22560,22560,22560,22560,62
20211013112138,22565,22565,22565,22565,1
20211013112140,22560,22560,22560,22560,22
20211013112141,22560,22560,22560,22560,1
20211013112141,22555,22555,22555,22555,1
20211013112142,22560,22560,22560,22560,20
20211013112145,22555,22555,22555,22555,2185
20211013112147,22560,22560,22560,22560,500
20211013112155,22555,22555,22555,22555,2
20211013112200,22555,22555,22555,22555,6
20211013112200,22550,22550,22550,22550,1
20211013112201,22550,22550,22550,22550,1
20211013112201,22555,22555,22555,22555,1
20211013112201,22550,22550,22550,22550,1
20211013112201,22550,22550,22550,22550,770
20211013112204,22545,22545,22545,22545,100
20211013112204,22545,22545,22545,22545,1
20211013112205,22545,22545,22545,22545,1
20211013112206,22545,22545,22545,22545,2733
20211013112211,22540,22540,22540,22540,1
20211013112212,22545,22545,22545,22545,30
20211013112212,22545,22545,22545,22545,30
20211013112212,22545,22545,22545,22545,30
20211013112213,22545,22545,22545,22545,30
20211013112223,22540,22540,22540,22540,1
20211013112223,22540,22540,22540,22540,10333
20211013112231,22540,22540,22540,22540,10
20211013112237,22540,22540,22540,22540,1
20211013112239,22540,22540,22540,22540,1
20211013112240,22540,22540,22540,22540,100
20211013112241,22540,22540,22540,22540,12
20211013112243,22540,22540,22540,22540,1
20211013112243,22540,22540,22540,22540,405
20211013112243,22535,22535,22535,22535,1
20211013112243,22540,22540,22540,22540,1
20211013112247,22540,22540,22540,22540,1
20211013112247,22540,22540,22540,22540,7
20211013112247,22540,22540,22540,22540,74
20211013112247,22540,22540,22540,22540,74
20211013112247,22540,22540,22540,22540,74
20211013112247,22540,22540,22540,22540,74
20211013112247,22540,22540,22540,22540,74
20211013112247,22540,22540,22540,22540,18
20211013112249,22540,22540,22540,22540,300
20211013112250,22540,22540,22540,22540,500
20211013112251,22545,22545,22545,22545,20
20211013112252,22540,22540,22540,22540,102
20211013112304,22545,22545,22545,22545,3
20211013112305,22545,22545,22545,22545,267
20211013112305,22550,22550,22550,22550,100
20211013112308,22550,22550,22550,22550,1
20211013112308,22550,22550,22550,22550,150
20211013112309,22555,22555,22555,22555,205
20211013112312,22550,22550,22550,22550,1
20211013112312,22550,22550,22550,22550,30
20211013112315,22555,22555,22555,22555,317
20211013112317,22555,22555,22555,22555,1
20211013112323,22550,22550,22550,22550,1
20211013112325,22550,22550,22550,22550,132
20211013112325,22550,22550,22550,22550,1
20211013112326,22550,22550,22550,22550,1
20211013112327,22550,22550,22550,22550,1
20211013112327,22550,22550,22550,22550,1
20211013112327,22550,22550,22550,22550,1
20211013112328,22550,22550,22550,22550,10
20211013112328,22550,22550,22550,22550,1
20211013112328,22550,22550,22550,22550,1
20211013112328,22545,22545,22545,22545,1
20211013112328,22545,22545,22545,22545,39
20211013112328,22545,22545,22545,22545,1
20211013112329,22545,22545,22545,22545,1
20211013112330,22545,22545,22545,22545,1
20211013112330,22540,22540,22540,22540,1
20211013112330,22540,22540,22540,22540,1166
20211013112330,22545,22545,22545,22545,1
20211013112330,22545,22545,22545,22545,1
20211013112331,22540,22540,22540,22540,1
20211013112331,22540,22540,22540,22540,1
20211013112332,22540,22540,22540,22540,1776
20211013112332,22540,22540,22540,22540,1
20211013112332,22540,22540,22540,22540,1
20211013112333,22540,22540,22540,22540,1
20211013112333,22540,22540,22540,22540,1
20211013112334,22540,22540,22540,22540,1
20211013112334,22540,22540,22540,22540,1
20211013112334,22540,22540,22540,22540,1
20211013112335,22540,22540,22540,22540,1
20211013112335,22540,22540,22540,22540,1
20211013112336,22540,22540,22540,22540,1
20211013112336,22540,22540,22540,22540,1
20211013112336,22540,22540,22540,22540,1
20211013112337,22540,22540,22540,22540,1
20211013112337,22540,22540,22540,22540,1
20211013112337,22540,22540,22540,22540,1
20211013112338,22540,22540,22540,22540,1
20211013112338,22540,22540,22540,22540,1
20211013112338,22535,22535,22535,22535,1
20211013112338,22535,22535,22535,22535,878
20211013112339,22540,22540,22540,22540,1
20211013112339,22540,22540,22540,22540,1
20211013112339,22540,22540,22540,22540,1
20211013112341,22535,22535,22535,22535,5
20211013112341,22535,22535,22535,22535,1
20211013112342,22535,22535,22535,22535,1
20211013112342,22535,22535,22535,22535,1
20211013112342,22535,22535,22535,22535,501
20211013112343,22535,22535,22535,22535,1
20211013112344,22535,22535,22535,22535,1
20211013112345,22535,22535,22535,22535,3951
20211013112348,22535,22535,22535,22535,60
20211013112352,22540,22540,22540,22540,45
20211013112353,22540,22540,22540,22540,100
20211013112353,22550,22550,22550,22550,1147
20211013112403,22540,22540,22540,22540,314
20211013112406,22545,22545,22545,22545,1
20211013112406,22550,22550,22550,22550,413
20211013112406,22550,22550,22550,22550,2
20211013112412,22545,22545,22545,22545,1
20211013112413,22550,22550,22550,22550,996
20211013112414,22555,22555,22555,22555,61
20211013112415,22550,22550,22550,22550,900
20211013112415,22550,22550,22550,22550,1
20211013112424,22555,22555,22555,22555,20
20211013112425,22555,22555,22555,22555,1
20211013112426,22555,22555,22555,22555,1
20211013112427,22555,22555,22555,22555,1
20211013112428,22555,22555,22555,22555,1
20211013112428,22555,22555,22555,22555,1
20211013112429,22555,22555,22555,22555,1
20211013112431,22555,22555,22555,22555,1000
20211013112432,22555,22555,22555,22555,1
20211013112432,22550,22550,22550,22550,2
20211013112435,22555,22555,22555,22555,1
20211013112436,22550,22550,22550,22550,60
20211013112436,22555,22555,22555,22555,1
20211013112437,22555,22555,22555,22555,1
20211013112437,22550,22550,22550,22550,1
20211013112437,22550,22550,22550,22550,30
20211013112437,22555,22555,22555,22555,1
20211013112438,22550,22550,22550,22550,201
20211013112439,22550,22550,22550,22550,1
20211013112439,22550,22550,22550,22550,1
20211013112440,22550,22550,22550,22550,1
20211013112440,22550,22550,22550,22550,1
20211013112440,22550,22550,22550,22550,1
20211013112441,22550,22550,22550,22550,1
20211013112441,22550,22550,22550,22550,1
20211013112442,22545,22545,22545,22545,1
20211013112442,22545,22545,22545,22545,120
20211013112442,22545,22545,22545,22545,1
20211013112444,22545,22545,22545,22545,100
20211013112445,22545,22545,22545,22545,3
20211013112446,22545,22545,22545,22545,1
20211013112446,22545,22545,22545,22545,1
20211013112447,22545,22545,22545,22545,1
20211013112447,22540,22540,22540,22540,4
20211013112453,22550,22550,22550,22550,5
20211013112455,22545,22545,22545,22545,1
20211013112455,22545,22545,22545,22545,24
20211013112455,22545,22545,22545,22545,1
20211013112456,22545,22545,22545,22545,1
20211013112457,22545,22545,22545,22545,55
20211013112458,22545,22545,22545,22545,1
20211013112458,22545,22545,22545,22545,1
20211013112459,22545,22545,22545,22545,1
20211013112459,22545,22545,22545,22545,1
20211013112459,22545,22545,22545,22545,1
20211013112500,22545,22545,22545,22545,1
20211013112500,22545,22545,22545,22545,2203
20211013112500,22550,22550,22550,22550,6
20211013112500,22545,22545,22545,22545,1
20211013112500,22545,22545,22545,22545,1
20211013112501,22545,22545,22545,22545,1
20211013112501,22545,22545,22545,22545,1
20211013112505,22545,22545,22545,22545,5
20211013112507,22550,22550,22550,22550,94
20211013112509,22545,22545,22545,22545,200
20211013112512,22545,22545,22545,22545,100
20211013112513,22550,22550,22550,22550,1
20211013112513,22550,22550,22550,22550,80
20211013112515,22550,22550,22550,22550,1
20211013112516,22545,22545,22545,22545,3
20211013112523,22550,22550,22550,22550,1
20211013112523,22550,22550,22550,22550,33
20211013112527,22550,22550,22550,22550,50
20211013112527,22555,22555,22555,22555,2735
20211013112527,22550,22550,22550,22550,50
20211013112528,22555,22555,22555,22555,11
20211013112529,22555,22555,22555,22555,1
20211013112529,22555,22555,22555,22555,1
20211013112530,22550,22550,22550,22550,1
20211013112531,22550,22550,22550,22550,1
20211013112531,22550,22550,22550,22550,1
20211013112531,22550,22550,22550,22550,1
20211013112531,22545,22545,22545,22545,1
20211013112532,22545,22545,22545,22545,1
20211013112532,22545,22545,22545,22545,88
20211013112532,22545,22545,22545,22545,1
20211013112533,22545,22545,22545,22545,1
20211013112534,22545,22545,22545,22545,1
20211013112534,22545,22545,22545,22545,112
20211013112536,22540,22540,22540,22540,1
20211013112536,22540,22540,22540,22540,1
20211013112536,22540,22540,22540,22540,151
20211013112537,22545,22545,22545,22545,11
20211013112538,22540,22540,22540,22540,1
20211013112539,22540,22540,22540,22540,1
20211013112540,22540,22540,22540,22540,2
20211013112541,22540,22540,22540,22540,2
20211013112545,22545,22545,22545,22545,5
20211013112551,22545,22545,22545,22545,70
20211013112559,22550,22550,22550,22550,10
20211013112602,22545,22545,22545,22545,1
20211013112602,22545,22545,22545,22545,1
20211013112602,22545,22545,22545,22545,508
20211013112603,22550,22550,22550,22550,874
20211013112605,22550,22550,22550,22550,1
20211013112608,22550,22550,22550,22550,1
20211013112608,22550,22550,22550,22550,1
20211013112608,22555,22555,22555,22555,1
20211013112609,22550,22550,22550,22550,122
20211013112609,22550,22550,22550,22550,1
20211013112610,22550,22550,22550,22550,1
20211013112611,22550,22550,22550,22550,43
20211013112614,22555,22555,22555,22555,1
20211013112614,22555,22555,22555,22555,90
20211013112614,22555,22555,22555,22555,141
20211013112616,22555,22555,22555,22555,3
20211013112617,22555,22555,22555,22555,1
20211013112618,22555,22555,22555,22555,1
20211013112619,22555,22555,22555,22555,1
20211013112619,22555,22555,22555,22555,1
20211013112619,22555,22555,22555,22555,5
20211013112620,22555,22555,22555,22555,1
20211013112620,22550,22550,22550,22550,1
20211013112620,22550,22550,22550,22550,13
20211013112620,22545,22545,22545,22545,1
20211013112620,22545,22545,22545,22545,1
20211013112621,22550,22550,22550,22550,1
20211013112621,22545,22545,22545,22545,9
20211013112621,22550,22550,22550,22550,100
20211013112622,22545,22545,22545,22545,1
20211013112622,22545,22545,22545,22545,1
20211013112624,22545,22545,22545,22545,23
20211013112625,22545,22545,22545,22545,1
20211013112625,22545,22545,22545,22545,2500
20211013112625,22545,22545,22545,22545,912
20211013112625,22545,22545,22545,22545,88
20211013112625,22545,22545,22545,22545,1
20211013112626,22545,22545,22545,22545,1
20211013112626,22540,22540,22540,22540,1
20211013112626,22540,22540,22540,22540,621
20211013112626,22545,22545,22545,22545,1
20211013112629,22545,22545,22545,22545,10
20211013112632,22540,22540,22540,22540,1
20211013112632,22540,22540,22540,22540,47
20211013112635,22540,22540,22540,22540,100
20211013112640,22540,22540,22540,22540,841
20211013112641,22540,22540,22540,22540,1
20211013112645,22545,22545,22545,22545,103
20211013112645,22545,22545,22545,22545,500
20211013112658,22545,22545,22545,22545,1
20211013112658,22545,22545,22545,22545,70
20211013112701,22540,22540,22540,22540,1250
20211013112704,22540,22540,22540,22540,1
20211013112706,22545,22545,22545,22545,1
20211013112708,22540,22540,22540,22540,1
20211013112708,22540,22540,22540,22540,340
20211013112717,22540,22540,22540,22540,2000
20211013112723,22535,22535,22535,22535,2
20211013112725,22535,22535,22535,22535,1
20211013112725,22535,22535,22535,22535,316
20211013112728,22535,22535,22535,22535,20
20211013112732,22530,22530,22530,22530,1000
20211013112733,22530,22530,22530,22530,30
20211013112736,22530,22530,22530,22530,329
20211013112737,22530,22530,22530,22530,2085
20211013112737,22530,22530,22530,22530,4627
20211013112740,22535,22535,22535,22535,148
20211013112742,22530,22530,22530,22530,1
20211013112742,22525,22525,22525,22525,150
20211013112745,22530,22530,22530,22530,100
20211013112745,22530,22530,22530,22530,54
20211013112745,22530,22530,22530,22530,45
20211013112750,22530,22530,22530,22530,20
20211013112751,22530,22530,22530,22530,45
20211013112751,22530,22530,22530,22530,19
20211013112755,22530,22530,22530,22530,1
20211013112755,22530,22530,22530,22530,1
20211013112755,22530,22530,22530,22530,1
20211013112755,22530,22530,22530,22530,1
20211013112755,22530,22530,22530,22530,2062
20211013112756,22530,22530,22530,22530,14
20211013112756,22530,22530,22530,22530,1
20211013112756,22530,22530,22530,22530,1
20211013112756,22530,22530,22530,22530,1
20211013112756,22530,22530,22530,22530,1
20211013112756,22530,22530,22530,22530,3
20211013112756,22530,22530,22530,22530,1
20211013112756,22530,22530,22530,22530,2
20211013112757,22530,22530,22530,22530,6
20211013112757,22530,22530,22530,22530,1
20211013112757,22530,22530,22530,22530,2
20211013112757,22530,22530,22530,22530,48
20211013112757,22530,22530,22530,22530,1
20211013112758,22530,22530,22530,22530,1
20211013112758,22530,22530,22530,22530,1
20211013112758,22530,22530,22530,22530,7
20211013112758,22530,22530,22530,22530,1
20211013112758,22530,22530,22530,22530,1
20211013112758,22530,22530,22530,22530,1
20211013112758,22530,22530,22530,22530,1
20211013112758,22530,22530,22530,22530,1
20211013112758,22530,22530,22530,22530,1
20211013112758,22530,22530,22530,22530,1
20211013112758,22530,22530,22530,22530,1
20211013112758,22530,22530,22530,22530,1
20211013112758,22530,22530,22530,22530,1
20211013112758,22530,22530,22530,22530,1
20211013112758,22530,22530,22530,22530,1
20211013112758,22530,22530,22530,22530,1
20211013112758,22530,22530,22530,22530,1
20211013112758,22530,22530,22530,22530,1
20211013112758,22530,22530,22530,22530,1
20211013112758,22530,22530,22530,22530,1
20211013112758,22530,22530,22530,22530,1
20211013112758,22530,22530,22530,22530,1
20211013112758,22530,22530,22530,22530,1
20211013112758,22530,22530,22530,22530,1
20211013112759,22530,22530,22530,22530,1
20211013112801,22535,22535,22535,22535,1
20211013112801,22535,22535,22535,22535,1
20211013112807,22535,22535,22535,22535,20
20211013112811,22530,22530,22530,22530,115
20211013112812,22530,22530,22530,22530,1
20211013112812,22530,22530,22530,22530,500
20211013112816,22530,22530,22530,22530,30
20211013112819,22525,22525,22525,22525,1787
20211013112819,22525,22525,22525,22525,20
20211013112822,22530,22530,22530,22530,1
20211013112824,22530,22530,22530,22530,1
20211013112826,22535,22535,22535,22535,1
20211013112826,22535,22535,22535,22535,579
20211013112828,22530,22530,22530,22530,100
20211013112836,22540,22540,22540,22540,16
20211013112841,22540,22540,22540,22540,100
20211013112847,22540,22540,22540,22540,20
20211013112850,22545,22545,22545,22545,1204
20211013112854,22545,22545,22545,22545,30
20211013112855,22545,22545,22545,22545,1
20211013112856,22545,22545,22545,22545,1
20211013112857,22545,22545,22545,22545,1
20211013112859,22545,22545,22545,22545,1
20211013112901,22545,22545,22545,22545,50
20211013112902,22545,22545,22545,22545,1
20211013112902,22545,22545,22545,22545,8
20211013112908,22545,22545,22545,22545,1
20211013112908,22545,22545,22545,22545,29
20211013112910,22545,22545,22545,22545,9
20211013112912,22540,22540,22540,22540,1
20211013112912,22540,22540,22540,22540,10643
20211013112912,22540,22540,22540,22540,500
20211013112913,22540,22540,22540,22540,10441
20211013112914,22540,22540,22540,22540,1
20211013112914,22540,22540,22540,22540,30
20211013112915,22540,22540,22540,22540,1
20211013112915,22540,22540,22540,22540,1
20211013112916,22540,22540,22540,22540,1
20211013112917,22540,22540,22540,22540,1
20211013112917,22535,22535,22535,22535,1
20211013112917,22535,22535,22535,22535,1
20211013112917,22535,22535,22535,22535,7043
20211013112917,22540,22540,22540,22540,1
20211013112919,22535,22535,22535,22535,1
20211013112919,22535,22535,22535,22535,30
20211013112920,22535,22535,22535,22535,1
20211013112920,22535,22535,22535,22535,1
20211013112921,22535,22535,22535,22535,1
20211013112921,22535,22535,22535,22535,1
20211013112922,22530,22530,22530,22530,2085
20211013112922,22530,22530,22530,22530,9418
20211013112922,22535,22535,22535,22535,1
20211013112923,22535,22535,22535,22535,1
20211013112923,22530,22530,22530,22530,1
20211013112925,22530,22530,22530,22530,31
20211013112925,22530,22530,22530,22530,1
20211013112926,22535,22535,22535,22535,496
20211013112928,22540,22540,22540,22540,1
20211013112933,22540,22540,22540,22540,1
20211013112936,22540,22540,22540,22540,10
20211013112937,22535,22535,22535,22535,1
20211013112938,22535,22535,22535,22535,47
20211013112938,22535,22535,22535,22535,1
20211013112938,22535,22535,22535,22535,1
20211013112939,22535,22535,22535,22535,1
20211013112941,22535,22535,22535,22535,5
20211013112941,22535,22535,22535,22535,30
20211013112941,22535,22535,22535,22535,1
20211013112942,22535,22535,22535,22535,1
20211013112942,22535,22535,22535,22535,1
20211013112942,22535,22535,22535,22535,1
20211013112943,22535,22535,22535,22535,1
20211013112943,22535,22535,22535,22535,1
20211013112944,22535,22535,22535,22535,1
20211013112944,22535,22535,22535,22535,443
20211013112945,22530,22530,22530,22530,15
20211013112945,22530,22530,22530,22530,1
20211013112946,22530,22530,22530,22530,1
20211013112946,22530,22530,22530,22530,1
20211013112946,22525,22525,22525,22525,141
20211013112946,22530,22530,22530,22530,1
20211013112947,22530,22530,22530,22530,1
20211013112947,22530,22530,22530,22530,1
20211013112948,22535,22535,22535,22535,1
20211013112949,22530,22530,22530,22530,5
20211013112950,22535,22535,22535,22535,200
20211013112951,22530,22530,22530,22530,50
20211013112957,22540,22540,22540,22540,1
20211013112957,22540,22540,22540,22540,9
20211013112959,22540,22540,22540,22540,1
20211013113001,22545,22545,22545,22545,1
20211013113001,22545,22545,22545,22545,6
20211013113002,22545,22545,22545,22545,1
20211013113003,22545,22545,22545,22545,9145
20211013113003,22545,22545,22545,22545,68
20211013113003,22545,22545,22545,22545,5
20211013113006,22550,22550,22550,22550,7420
20211013113007,22555,22555,22555,22555,5
20211013113010,22550,22550,22550,22550,2
20211013113010,22555,22555,22555,22555,1
20211013113010,22550,22550,22550,22550,1
20211013113011,22550,22550,22550,22550,1
20211013113011,22550,22550,22550,22550,1
20211013113012,22550,22550,22550,22550,1
20211013113012,22555,22555,22555,22555,1
20211013113012,22555,22555,22555,22555,30
20211013113013,22555,22555,22555,22555,1
20211013113013,22550,22550,22550,22550,2
20211013113013,22550,22550,22550,22550,1
20211013113014,22555,22555,22555,22555,100
20211013113014,22555,22555,22555,22555,1
20211013113015,22550,22550,22550,22550,1
20211013113015,22550,22550,22550,22550,30
20211013113016,22550,22550,22550,22550,1
20211013113016,22550,22550,22550,22550,1
20211013113016,22550,22550,22550,22550,1
20211013113017,22550,22550,22550,22550,1
20211013113017,22550,22550,22550,22550,1
20211013113018,22550,22550,22550,22550,1
20211013113018,22550,22550,22550,22550,5964
20211013113019,22550,22550,22550,22550,34
20211013113020,22550,22550,22550,22550,1
20211013113020,22550,22550,22550,22550,465
20211013113021,22550,22550,22550,22550,2
20211013113021,22555,22555,22555,22555,1
20211013113022,22555,22555,22555,22555,408
20211013113022,22555,22555,22555,22555,225
20211013113022,22555,22555,22555,22555,30
20211013113022,22555,22555,22555,22555,1
20211013113023,22555,22555,22555,22555,118
20211013113024,22555,22555,22555,22555,10
20211013113025,22555,22555,22555,22555,26
20211013113030,22560,22560,22560,22560,100
20211013113030,22560,22560,22560,22560,3
20211013113030,22555,22555,22555,22555,2
20211013113030,22555,22555,22555,22555,1
20211013113030,22555,22555,22555,22555,15
20211013113031,22550,22550,22550,22550,1
20211013113032,22550,22550,22550,22550,88
20211013113032,22550,22550,22550,22550,1
20211013113032,22550,22550,22550,22550,1
20211013113032,22550,22550,22550,22550,1
20211013113033,22550,22550,22550,22550,1
20211013113035,22550,22550,22550,22550,4
20211013113035,22555,22555,22555,22555,10
20211013113045,22555,22555,22555,22555,26
20211013113048,22555,22555,22555,22555,1
20211013113049,22555,22555,22555,22555,10
20211013113049,22560,22560,22560,22560,1
20211013113051,22560,22560,22560,22560,1
20211013113052,22560,22560,22560,22560,1
20211013113053,22560,22560,22560,22560,1
20211013113053,22560,22560,22560,22560,1
20211013113054,22560,22560,22560,22560,1
20211013113054,22560,22560,22560,22560,1
20211013113054,22560,22560,22560,22560,1
20211013113055,22560,22560,22560,22560,1
20211013113055,22560,22560,22560,22560,1
20211013113056,22560,22560,22560,22560,1
20211013113056,22555,22555,22555,22555,9
20211013113057,22560,22560,22560,22560,1
20211013113057,22555,22555,22555,22555,1
20211013113057,22560,22560,22560,22560,1
20211013113058,22560,22560,22560,22560,1
20211013113058,22560,22560,22560,22560,1
20211013113059,22560,22560,22560,22560,1
20211013113059,22555,22555,22555,22555,20
20211013113100,22560,22560,22560,22560,1
20211013113100,22555,22555,22555,22555,1
20211013113100,22560,22560,22560,22560,1
20211013113100,22560,22560,22560,22560,1
20211013113101,22560,22560,22560,22560,1
20211013113101,22555,22555,22555,22555,4
20211013113101,22560,22560,22560,22560,50
20211013113101,22560,22560,22560,22560,1
20211013113102,22555,22555,22555,22555,1
20211013113102,22555,22555,22555,22555,1
20211013113102,22560,22560,22560,22560,1
20211013113103,22560,22560,22560,22560,1
20211013113104,22560,22560,22560,22560,1
20211013113104,22560,22560,22560,22560,1
20211013113105,22560,22560,22560,22560,50
20211013113105,22560,22560,22560,22560,1
20211013113105,22560,22560,22560,22560,1
20211013113105,22560,22560,22560,22560,10
20211013113106,22560,22560,22560,22560,329
20211013113106,22560,22560,22560,22560,1
20211013113106,22555,22555,22555,22555,1
20211013113106,22560,22560,22560,22560,10
20211013113106,22560,22560,22560,22560,1
20211013113107,22560,22560,22560,22560,1
20211013113108,22560,22560,22560,22560,1
20211013113108,22560,22560,22560,22560,80
20211013113108,22560,22560,22560,22560,50
20211013113108,22560,22560,22560,22560,1
20211013113108,22560,22560,22560,22560,10
20211013113109,22555,22555,22555,22555,1
20211013113109,22555,22555,22555,22555,57
20211013113109,22560,22560,22560,22560,1
20211013113110,22555,22555,22555,22555,2
20211013113110,22560,22560,22560,22560,10
20211013113110,22560,22560,22560,22560,1
20211013113110,22560,22560,22560,22560,1
20211013113111,22560,22560,22560,22560,10
20211013113112,22560,22560,22560,22560,1
20211013113112,22560,22560,22560,22560,10
20211013113113,22555,22555,22555,22555,1
20211013113116,22555,22555,22555,22555,1
20211013113116,22560,22560,22560,22560,1
20211013113116,22560,22560,22560,22560,1
20211013113120,22555,22555,22555,22555,300
20211013113120,22560,22560,22560,22560,10
20211013113123,22560,22560,22560,22560,10
20211013113125,22560,22560,22560,22560,50
20211013113127,22555,22555,22555,22555,1
20211013113127,22560,22560,22560,22560,1
20211013113127,22555,22555,22555,22555,1
20211013113135,22555,22555,22555,22555,45
20211013113135,22555,22555,22555,22555,11
20211013113138,22555,22555,22555,22555,1037
20211013113139,22550,22550,22550,22550,1
20211013113139,22550,22550,22550,22550,4
20211013113140,22550,22550,22550,22550,144
20211013113141,22550,22550,22550,22550,2
20211013113142,22545,22545,22545,22545,1
20211013113142,22545,22545,22545,22545,1
20211013113143,22545,22545,22545,22545,147
20211013113144,22545,22545,22545,22545,14
20211013113144,22545,22545,22545,22545,1
20211013113144,22545,22545,22545,22545,1
20211013113144,22545,22545,22545,22545,1
20211013113155,22545,22545,22545,22545,78
20211013113156,22545,22545,22545,22545,5
20211013113157,22545,22545,22545,22545,95
20211013113159,22550,22550,22550,22550,5
20211013113201,22545,22545,22545,22545,51
20211013113204,22550,22550,22550,22550,20145
20211013113204,22550,22550,22550,22550,300
20211013113204,22555,22555,22555,22555,33
20211013113216,22555,22555,22555,22555,1
20211013113217,22560,22560,22560,22560,1
20211013113220,22560,22560,22560,22560,1
20211013113221,22555,22555,22555,22555,44
20211013113226,22550,22550,22550,22550,1
20211013113226,22550,22550,22550,22550,700
20211013113232,22550,22550,22550,22550,1
20211013113232,22550,22550,22550,22550,40
20211013113241,22555,22555,22555,22555,13
20211013113247,22555,22555,22555,22555,36
20211013113247,22550,22550,22550,22550,100
20211013113250,22555,22555,22555,22555,160
20211013113256,22550,22550,22550,22550,1
20211013113259,22550,22550,22550,22550,1
20211013113259,22550,22550,22550,22550,18
20211013113302,22550,22550,22550,22550,32
20211013113312,22545,22545,22545,22545,1
20211013113312,22550,22550,22550,22550,200
20211013113312,22545,22545,22545,22545,1
20211013113312,22545,22545,22545,22545,1
20211013113312,22545,22545,22545,22545,1
20211013113312,22545,22545,22545,22545,1
20211013113312,22545,22545,22545,22545,1
20211013113312,22545,22545,22545,22545,1
20211013113312,22545,22545,22545,22545,1
20211013113312,22545,22545,22545,22545,1
20211013113314,22545,22545,22545,22545,13
20211013113316,22550,22550,22550,22550,1
20211013113316,22550,22550,22550,22550,1
20211013113322,22550,22550,22550,22550,44
20211013113322,22545,22545,22545,22545,1
20211013113322,22545,22545,22545,22545,1
20211013113322,22545,22545,22545,22545,38
20211013113339,22545,22545,22545,22545,67
20211013113341,22545,22545,22545,22545,1
20211013113341,22545,22545,22545,22545,225
20211013113341,22540,22540,22540,22540,774
20211013113343,22545,22545,22545,22545,1
20211013113344,22545,22545,22545,22545,1
20211013113346,22545,22545,22545,22545,1
20211013113347,22545,22545,22545,22545,1
20211013113348,22545,22545,22545,22545,1
20211013113349,22545,22545,22545,22545,1
20211013113349,22540,22540,22540,22540,10
20211013113350,22545,22545,22545,22545,1
20211013113351,22545,22545,22545,22545,1
20211013113353,22545,22545,22545,22545,1
20211013113353,22545,22545,22545,22545,50
20211013113354,22545,22545,22545,22545,1
20211013113354,22540,22540,22540,22540,1
20211013113355,22545,22545,22545,22545,1
20211013113402,22540,22540,22540,22540,1
20211013113402,22540,22540,22540,22540,3
20211013113404,22540,22540,22540,22540,20
20211013113408,22540,22540,22540,22540,1
20211013113408,22540,22540,22540,22540,824
20211013113419,22545,22545,22545,22545,56
20211013113419,22545,22545,22545,22545,94
20211013113419,22545,22545,22545,22545,94
20211013113419,22545,22545,22545,22545,537
20211013113419,22545,22545,22545,22545,1
20211013113419,22545,22545,22545,22545,1
20211013113419,22545,22545,22545,22545,1
20211013113419,22545,22545,22545,22545,16
20211013113421,22545,22545,22545,22545,1
20211013113421,22545,22545,22545,22545,1
20211013113421,22545,22545,22545,22545,1
20211013113425,22550,22550,22550,22550,1
20211013113426,22550,22550,22550,22550,6
20211013113429,22550,22550,22550,22550,1
20211013113431,22550,22550,22550,22550,1
20211013113431,22550,22550,22550,22550,175
20211013113437,22550,22550,22550,22550,1
20211013113437,22545,22545,22545,22545,1156
20211013113444,22540,22540,22540,22540,1
20211013113446,22540,22540,22540,22540,1
20211013113446,22540,22540,22540,22540,1
20211013113448,22545,22545,22545,22545,9
20211013113449,22540,22540,22540,22540,1
20211013113451,22540,22540,22540,22540,46
20211013113500,22550,22550,22550,22550,1137
20211013113501,22555,22555,22555,22555,6
20211013113503,22550,22550,22550,22550,1
20211013113505,22550,22550,22550,22550,50
20211013113510,22550,22550,22550,22550,100
20211013113511,22550,22550,22550,22550,1
20211013113512,22550,22550,22550,22550,50
20211013113512,22550,22550,22550,22550,1
20211013113518,22545,22545,22545,22545,1
20211013113518,22545,22545,22545,22545,3383
20211013113520,22545,22545,22545,22545,10
20211013113525,22545,22545,22545,22545,3
20211013113526,22540,22540,22540,22540,1
20211013113526,22540,22540,22540,22540,174
20211013113527,22535,22535,22535,22535,1
20211013113528,22540,22540,22540,22540,1
20211013113528,22540,22540,22540,22540,500
20211013113531,22540,22540,22540,22540,1
20211013113533,22545,22545,22545,22545,1
20211013113533,22545,22545,22545,22545,1
20211013113534,22540,22540,22540,22540,31
20211013113534,22535,22535,22535,22535,516
20211013113536,22540,22540,22540,22540,1
20211013113536,22540,22540,22540,22540,3
20211013113538,22535,22535,22535,22535,1
20211013113538,22535,22535,22535,22535,1535
20211013113539,22540,22540,22540,22540,1
20211013113543,22540,22540,22540,22540,3
20211013113543,22535,22535,22535,22535,4
20211013113546,22535,22535,22535,22535,500
20211013113549,22535,22535,22535,22535,1
20211013113550,22535,22535,22535,22535,1
20211013113551,22535,22535,22535,22535,1
20211013113604,22535,22535,22535,22535,1
20211013113606,22535,22535,22535,22535,1
20211013113606,22535,22535,22535,22535,10
20211013113607,22535,22535,22535,22535,1
20211013113611,22535,22535,22535,22535,1
20211013113615,22535,22535,22535,22535,1
20211013113619,22535,22535,22535,22535,1
20211013113627,22535,22535,22535,22535,329
20211013113628,22535,22535,22535,22535,1
20211013113629,22540,22540,22540,22540,50
20211013113635,22535,22535,22535,22535,500
20211013113636,22540,22540,22540,22540,100
20211013113640,22540,22540,22540,22540,10
20211013113640,22535,22535,22535,22535,1
20211013113644,22535,22535,22535,22535,30
20211013113645,22535,22535,22535,22535,1
20211013113645,22535,22535,22535,22535,1
20211013113645,22535,22535,22535,22535,4578
20211013113645,22535,22535,22535,22535,15
20211013113646,22535,22535,22535,22535,20
20211013113654,22540,22540,22540,22540,50
20211013113702,22535,22535,22535,22535,500
20211013113702,22530,22530,22530,22530,100
20211013113703,22530,22530,22530,22530,1
20211013113703,22535,22535,22535,22535,300
20211013113703,22535,22535,22535,22535,1192
20211013113705,22530,22530,22530,22530,50
20211013113709,22530,22530,22530,22530,1
20211013113709,22530,22530,22530,22530,1
20211013113709,22530,22530,22530,22530,7353
20211013113709,22530,22530,22530,22530,1
20211013113709,22530,22530,22530,22530,8
20211013113714,22525,22525,22525,22525,5349
20211013113716,22520,22520,22520,22520,1
20211013113718,22520,22520,22520,22520,100
20211013113718,22520,22520,22520,22520,3411
20211013113719,22515,22515,22515,22515,20
20211013113719,22515,22515,22515,22515,100
20211013113719,22515,22515,22515,22515,6982
20211013113720,22510,22510,22510,22510,1
20211013113720,22510,22510,22510,22510,2257
20211013113720,22505,22505,22505,22505,44
20211013113720,22505,22505,22505,22505,500
20211013113720,22505,22505,22505,22505,1
20211013113721,22505,22505,22505,22505,1
20211013113721,22505,22505,22505,22505,1
20211013113721,22505,22505,22505,22505,6722
20211013113721,22505,22505,22505,22505,1
20211013113721,22505,22505,22505,22505,1
20211013113721,22500,22500,22500,22500,1
20211013113721,22500,22500,22500,22500,1
20211013113721,22500,22500,22500,22500,500
20211013113723,22500,22500,22500,22500,17029
20211013113723,22500,22500,22500,22500,4
20211013113723,22505,22505,22505,22505,138
20211013113723,22505,22505,22505,22505,500
20211013113723,22505,22505,22505,22505,1
20211013113724,22510,22510,22510,22510,500
20211013113724,22510,22510,22510,22510,500
20211013113724,22510,22510,22510,22510,1
20211013113724,22510,22510,22510,22510,1
20211013113724,22515,22515,22515,22515,1
20211013113725,22505,22505,22505,22505,20
20211013113726,22510,22510,22510,22510,1000
20211013113729,22510,22510,22510,22510,520
20211013113729,22505,22505,22505,22505,480
20211013113730,22510,22510,22510,22510,1
20211013113730,22510,22510,22510,22510,1
20211013113731,22510,22510,22510,22510,200
20211013113731,22505,22505,22505,22505,1
20211013113731,22510,22510,22510,22510,50
20211013113733,22505,22505,22505,22505,20
20211013113734,22505,22505,22505,22505,1
20211013113734,22505,22505,22505,22505,353
20211013113735,22500,22500,22500,22500,100
20211013113735,22500,22500,22500,22500,100
20211013113735,22500,22500,22500,22500,100
20211013113736,22500,22500,22500,22500,100
20211013113736,22500,22500,22500,22500,100
20211013113736,22505,22505,22505,22505,10
20211013113736,22505,22505,22505,22505,1
20211013113739,22505,22505,22505,22505,10
20211013113741,22505,22505,22505,22505,1
20211013113741,22505,22505,22505,22505,50
20211013113742,22505,22505,22505,22505,22
20211013113743,22500,22500,22500,22500,112
20211013113743,22495,22495,22495,22495,888
20211013113743,22495,22495,22495,22495,1
20211013113743,22495,22495,22495,22495,500
20211013113743,22495,22495,22495,22495,170
20211013113744,22505,22505,22505,22505,1
20211013113744,22505,22505,22505,22505,1000
20211013113745,22505,22505,22505,22505,1
20211013113746,22500,22500,22500,22500,1
20211013113746,22500,22500,22500,22500,15
20211013113748,22500,22500,22500,22500,1
20211013113749,22505,22505,22505,22505,1
20211013113749,22505,22505,22505,22505,2
20211013113750,22500,22500,22500,22500,60
20211013113750,22500,22500,22500,22500,140
20211013113750,22505,22505,22505,22505,20
20211013113752,22500,22500,22500,22500,1
20211013113752,22500,22500,22500,22500,1
20211013113752,22500,22500,22500,22500,498
20211013113753,22500,22500,22500,22500,500
20211013113754,22500,22500,22500,22500,500
20211013113754,22500,22500,22500,22500,611
20211013113754,22500,22500,22500,22500,1
20211013113754,22495,22495,22495,22495,286
20211013113756,22495,22495,22495,22495,5000
20211013113757,22495,22495,22495,22495,10
20211013113758,22500,22500,22500,22500,1
20211013113758,22495,22495,22495,22495,20
20211013113759,22495,22495,22495,22495,564
20211013113759,22495,22495,22495,22495,500
20211013113759,22495,22495,22495,22495,1
20211013113759,22490,22490,22490,22490,1
20211013113759,22495,22495,22495,22495,50
20211013113759,22495,22495,22495,22495,500
20211013113800,22495,22495,22495,22495,237
20211013113800,22495,22495,22495,22495,595
20211013113800,22495,22495,22495,22495,265
20211013113801,22500,22500,22500,22500,1
20211013113801,22495,22495,22495,22495,40
20211013113801,22495,22495,22495,22495,1
20211013113801,22495,22495,22495,22495,2084
20211013113802,22500,22500,22500,22500,1
20211013113803,22500,22500,22500,22500,1
20211013113803,22500,22500,22500,22500,2612
20211013113803,22500,22500,22500,22500,100
20211013113804,22505,22505,22505,22505,1
20211013113804,22505,22505,22505,22505,609
20211013113805,22505,22505,22505,22505,100
20211013113805,22505,22505,22505,22505,100
20211013113806,22505,22505,22505,22505,152
20211013113807,22505,22505,22505,22505,30
20211013113808,22505,22505,22505,22505,500
20211013113808,22510,22510,22510,22510,5051
20211013113809,22510,22510,22510,22510,500
20211013113809,22505,22505,22505,22505,50
20211013113810,22505,22505,22505,22505,1
20211013113811,22505,22505,22505,22505,100
20211013113812,22500,22500,22500,22500,1818
20211013113813,22505,22505,22505,22505,100
20211013113814,22510,22510,22510,22510,10
20211013113815,22505,22505,22505,22505,45
20211013113818,22505,22505,22505,22505,200
20211013113818,22510,22510,22510,22510,40
20211013113818,22510,22510,22510,22510,206
20211013113819,22505,22505,22505,22505,748
20211013113819,22505,22505,22505,22505,100
20211013113820,22505,22505,22505,22505,1
20211013113821,22510,22510,22510,22510,10
20211013113822,22510,22510,22510,22510,80
20211013113823,22510,22510,22510,22510,100
20211013113825,22515,22515,22515,22515,258
20211013113826,22515,22515,22515,22515,30
20211013113827,22515,22515,22515,22515,1
20211013113828,22510,22510,22510,22510,50
20211013113828,22520,22520,22520,22520,1
20211013113829,22510,22510,22510,22510,1
20211013113831,22515,22515,22515,22515,1
20211013113833,22510,22510,22510,22510,1
20211013113833,22515,22515,22515,22515,1
20211013113836,22515,22515,22515,22515,1
20211013113837,22510,22510,22510,22510,710
20211013113837,22510,22510,22510,22510,1790
20211013113840,22510,22510,22510,22510,1
20211013113840,22510,22510,22510,22510,1
20211013113844,22510,22510,22510,22510,1
20211013113844,22510,22510,22510,22510,731
20211013113848,22515,22515,22515,22515,1
20211013113851,22510,22510,22510,22510,1
20211013113851,22510,22510,22510,22510,1
20211013113851,22510,22510,22510,22510,5
20211013113852,22515,22515,22515,22515,222
20211013113854,22510,22510,22510,22510,4351
20211013113855,22510,22510,22510,22510,25
20211013113855,22515,22515,22515,22515,10
20211013113856,22510,22510,22510,22510,221
20211013113857,22515,22515,22515,22515,222
20211013113902,22515,22515,22515,22515,1
20211013113903,22510,22510,22510,22510,150
20211013113903,22505,22505,22505,22505,1224
20211013113914,22505,22505,22505,22505,600
20211013113915,22510,22510,22510,22510,1
20211013113917,22510,22510,22510,22510,2
20211013113919,22510,22510,22510,22510,1
20211013113920,22510,22510,22510,22510,3215
20211013113923,22510,22510,22510,22510,1
20211013113925,22515,22515,22515,22515,567
20211013113928,22515,22515,22515,22515,650
20211013113931,22515,22515,22515,22515,510
20211013113931,22520,22520,22520,22520,1
20211013113931,22520,22520,22520,22520,1
20211013113931,22520,22520,22520,22520,1
20211013113934,22520,22520,22520,22520,1540
20211013113934,22525,22525,22525,22525,1
20211013113934,22525,22525,22525,22525,1
20211013113934,22520,22520,22520,22520,1
20211013113934,22525,22525,22525,22525,4433
20211013113935,22525,22525,22525,22525,650
20211013113936,22525,22525,22525,22525,10
20211013113936,22530,22530,22530,22530,1
20211013113936,22525,22525,22525,22525,10
20211013113937,22525,22525,22525,22525,1
20211013113937,22530,22530,22530,22530,1
20211013113938,22530,22530,22530,22530,1
20211013113938,22530,22530,22530,22530,1198
20211013113940,22530,22530,22530,22530,30
20211013113941,22530,22530,22530,22530,5
20211013113941,22530,22530,22530,22530,3000
20211013113941,22530,22530,22530,22530,2
20211013113942,22530,22530,22530,22530,3000
20211013113942,22530,22530,22530,22530,16
20211013113942,22530,22530,22530,22530,4
20211013113942,22530,22530,22530,22530,30
20211013113943,22530,22530,22530,22530,47
20211013113943,22530,22530,22530,22530,1
20211013113943,22530,22530,22530,22530,52
20211013113950,22525,22525,22525,22525,1
20211013113950,22530,22530,22530,22530,3717
20211013113950,22530,22530,22530,22530,1
20211013113951,22530,22530,22530,22530,100
20211013113952,22530,22530,22530,22530,100
20211013113953,22530,22530,22530,22530,173
20211013113953,22530,22530,22530,22530,100
20211013114000,22530,22530,22530,22530,100
20211013114000,22535,22535,22535,22535,6
20211013114002,22525,22525,22525,22525,200
20211013114004,22525,22525,22525,22525,200
20211013114005,22520,22520,22520,22520,20
20211013114005,22520,22520,22520,22520,1
20211013114007,22515,22515,22515,22515,1
20211013114008,22515,22515,22515,22515,64
20211013114008,22510,22510,22510,22510,700
20211013114009,22510,22510,22510,22510,1
20211013114009,22515,22515,22515,22515,10
20211013114010,22510,22510,22510,22510,66
20211013114010,22515,22515,22515,22515,1
20211013114014,22510,22510,22510,22510,1
20211013114017,22510,22510,22510,22510,300
20211013114023,22510,22510,22510,22510,10
20211013114023,22505,22505,22505,22505,4
20211013114023,22510,22510,22510,22510,1
20211013114024,22510,22510,22510,22510,1
20211013114025,22505,22505,22505,22505,1
20211013114025,22505,22505,22505,22505,5442
20211013114026,22505,22505,22505,22505,1
20211013114027,22505,22505,22505,22505,1
20211013114031,22505,22505,22505,22505,1
20211013114031,22505,22505,22505,22505,112
20211013114031,22505,22505,22505,22505,1
20211013114031,22510,22510,22510,22510,1
20211013114032,22505,22505,22505,22505,2
20211013114033,22505,22505,22505,22505,13
20211013114034,22510,22510,22510,22510,40
20211013114035,22505,22505,22505,22505,1
20211013114037,22505,22505,22505,22505,10
20211013114038,22505,22505,22505,22505,1
20211013114048,22505,22505,22505,22505,1
20211013114048,22505,22505,22505,22505,8031
20211013114049,22505,22505,22505,22505,10
20211013114056,22505,22505,22505,22505,100
20211013114057,22510,22510,22510,22510,1000
20211013114103,22510,22510,22510,22510,1
20211013114108,22510,22510,22510,22510,1
20211013114108,22510,22510,22510,22510,70
20211013114108,22505,22505,22505,22505,1
20211013114108,22505,22505,22505,22505,1
20211013114108,22505,22505,22505,22505,1165
20211013114114,22505,22505,22505,22505,300
20211013114114,22505,22505,22505,22505,100
20211013114121,22505,22505,22505,22505,1
20211013114123,22510,22510,22510,22510,106
20211013114124,22510,22510,22510,22510,1
20211013114127,22510,22510,22510,22510,70
20211013114127,22510,22510,22510,22510,20
20211013114127,22510,22510,22510,22510,1
20211013114130,22515,22515,22515,22515,1
20211013114130,22515,22515,22515,22515,211
20211013114131,22510,22510,22510,22510,1
20211013114137,22515,22515,22515,22515,104
20211013114143,22515,22515,22515,22515,160
20211013114145,22515,22515,22515,22515,1
20211013114149,22520,22520,22520,22520,4368
20211013114149,22515,22515,22515,22515,20
20211013114150,22520,22520,22520,22520,100
20211013114156,22525,22525,22525,22525,10
20211013114157,22520,22520,22520,22520,11
20211013114158,22520,22520,22520,22520,100
20211013114201,22520,22520,22520,22520,200
20211013114206,22520,22520,22520,22520,100
20211013114214,22515,22515,22515,22515,1
20211013114215,22515,22515,22515,22515,100
20211013114217,22510,22510,22510,22510,1
20211013114217,22510,22510,22510,22510,1
20211013114221,22510,22510,22510,22510,777
20211013114221,22510,22510,22510,22510,600
20211013114223,22510,22510,22510,22510,30
20211013114227,22510,22510,22510,22510,1
20211013114231,22510,22510,22510,22510,1
20211013114234,22510,22510,22510,22510,10
20211013114238,22510,22510,22510,22510,50
20211013114239,22510,22510,22510,22510,45
20211013114240,22510,22510,22510,22510,1
20211013114240,22510,22510,22510,22510,1
20211013114240,22510,22510,22510,22510,1
20211013114242,22515,22515,22515,22515,84
20211013114244,22515,22515,22515,22515,44
20211013114251,22515,22515,22515,22515,1
20211013114251,22515,22515,22515,22515,1
20211013114251,22520,22520,22520,22520,7308
20211013114252,22520,22520,22520,22520,1
20211013114254,22515,22515,22515,22515,1310
20211013114255,22515,22515,22515,22515,100
20211013114257,22515,22515,22515,22515,1
20211013114301,22515,22515,22515,22515,1
20211013114302,22515,22515,22515,22515,500
20211013114306,22510,22510,22510,22510,50
20211013114307,22520,22520,22520,22520,1
20211013114307,22515,22515,22515,22515,1
20211013114308,22520,22520,22520,22520,1
20211013114308,22520,22520,22520,22520,300
20211013114325,22515,22515,22515,22515,30
20211013114329,22515,22515,22515,22515,1
20211013114329,22515,22515,22515,22515,1
20211013114329,22515,22515,22515,22515,3
20211013114329,22515,22515,22515,22515,30
20211013114331,22515,22515,22515,22515,100
20211013114336,22510,22510,22510,22510,1
20211013114336,22510,22510,22510,22510,6861
20211013114336,22505,22505,22505,22505,1
20211013114336,22505,22505,22505,22505,114
20211013114336,22505,22505,22505,22505,4516
20211013114336,22505,22505,22505,22505,500
20211013114340,22505,22505,22505,22505,59
20211013114343,22505,22505,22505,22505,81
20211013114344,22505,22505,22505,22505,1250
20211013114344,22505,22505,22505,22505,1
20211013114348,22510,22510,22510,22510,1
20211013114357,22510,22510,22510,22510,700
20211013114359,22510,22510,22510,22510,10
20211013114400,22510,22510,22510,22510,609
20211013114404,22505,22505,22505,22505,1
20211013114404,22505,22505,22505,22505,323
20211013114405,22505,22505,22505,22505,1
20211013114407,22505,22505,22505,22505,1
20211013114407,22500,22500,22500,22500,2
20211013114407,22505,22505,22505,22505,1
20211013114407,22500,22500,22500,22500,1
20211013114407,22500,22500,22500,22500,2541
20211013114408,22500,22500,22500,22500,100
20211013114408,22500,22500,22500,22500,1
20211013114409,22500,22500,22500,22500,100
20211013114409,22500,22500,22500,22500,1
20211013114410,22495,22495,22495,22495,1000
20211013114410,22500,22500,22500,22500,1
20211013114412,22500,22500,22500,22500,500
20211013114412,22500,22500,22500,22500,1
20211013114415,22500,22500,22500,22500,1
20211013114416,22495,22495,22495,22495,20
20211013114418,22495,22495,22495,22495,1
20211013114420,22500,22500,22500,22500,1
20211013114421,22495,22495,22495,22495,191
20211013114424,22495,22495,22495,22495,1
20211013114427,22495,22495,22495,22495,1
20211013114427,22495,22495,22495,22495,1
20211013114427,22495,22495,22495,22495,318
20211013114430,22495,22495,22495,22495,50
20211013114433,22495,22495,22495,22495,1
20211013114433,22495,22495,22495,22495,2000
20211013114433,22495,22495,22495,22495,100
20211013114433,22495,22495,22495,22495,100
20211013114434,22500,22500,22500,22500,100
20211013114435,22495,22495,22495,22495,1
20211013114436,22490,22490,22490,22490,1
20211013114437,22490,22490,22490,22490,500
20211013114437,22495,22495,22495,22495,1
20211013114438,22495,22495,22495,22495,191
20211013114440,22495,22495,22495,22495,1
20211013114440,22490,22490,22490,22490,2085
20211013114440,22490,22490,22490,22490,8449
20211013114441,22490,22490,22490,22490,100
20211013114441,22490,22490,22490,22490,1
20211013114443,22485,22485,22485,22485,3314
20211013114444,22485,22485,22485,22485,1000
20211013114445,22490,22490,22490,22490,1
20211013114445,22490,22490,22490,22490,1
20211013114445,22490,22490,22490,22490,1
20211013114446,22490,22490,22490,22490,1
20211013114448,22490,22490,22490,22490,1
20211013114448,22485,22485,22485,22485,1
20211013114456,22500,22500,22500,22500,6342
20211013114458,22505,22505,22505,22505,21
20211013114459,22505,22505,22505,22505,2
20211013114500,22510,22510,22510,22510,1
20211013114500,22510,22510,22510,22510,6
20211013114501,22505,22505,22505,22505,10
20211013114501,22500,22500,22500,22500,90
20211013114502,22505,22505,22505,22505,20
20211013114508,22505,22505,22505,22505,200
20211013114510,22505,22505,22505,22505,50
20211013114513,22510,22510,22510,22510,1
20211013114513,22510,22510,22510,22510,693
20211013114514,22510,22510,22510,22510,1000
20211013114520,22510,22510,22510,22510,20
20211013114521,22515,22515,22515,22515,4085
20211013114521,22520,22520,22520,22520,2052
20211013114522,22520,22520,22520,22520,500
20211013114525,22515,22515,22515,22515,3
20211013114526,22520,22520,22520,22520,300
20211013114526,22520,22520,22520,22520,800
20211013114527,22520,22520,22520,22520,100
20211013114527,22520,22520,22520,22520,25
20211013114528,22520,22520,22520,22520,1675
20211013114528,22520,22520,22520,22520,1200
20211013114528,22520,22520,22520,22520,20
20211013114528,22525,22525,22525,22525,319
20211013114529,22520,22520,22520,22520,300
20211013114532,22520,22520,22520,22520,300
20211013114535,22520,22520,22520,22520,12
20211013114537,22525,22525,22525,22525,5000
20211013114537,22525,22525,22525,22525,200
20211013114538,22525,22525,22525,22525,47
20211013114538,22520,22520,22520,22520,20
20211013114539,22525,22525,22525,22525,50
20211013114540,22520,22520,22520,22520,1
20211013114540,22520,22520,22520,22520,1
20211013114540,22525,22525,22525,22525,1
20211013114541,22525,22525,22525,22525,4
20211013114542,22525,22525,22525,22525,10
20211013114542,22525,22525,22525,22525,500
20211013114542,22525,22525,22525,22525,125
20211013114542,22525,22525,22525,22525,375
20211013114545,22525,22525,22525,22525,20
20211013114545,22525,22525,22525,22525,200
20211013114550,22525,22525,22525,22525,50
20211013114550,22530,22530,22530,22530,450
20211013114551,22520,22520,22520,22520,22
20211013114554,22520,22520,22520,22520,5
20211013114555,22525,22525,22525,22525,1
20211013114556,22525,22525,22525,22525,1119
20211013114559,22525,22525,22525,22525,1
20211013114602,22525,22525,22525,22525,200
20211013114604,22530,22530,22530,22530,1
20211013114605,22525,22525,22525,22525,300
20211013114606,22525,22525,22525,22525,350
20211013114608,22525,22525,22525,22525,25
20211013114609,22525,22525,22525,22525,1
20211013114612,22525,22525,22525,22525,2
20211013114614,22525,22525,22525,22525,1
20211013114614,22525,22525,22525,22525,83
20211013114619,22525,22525,22525,22525,48
20211013114619,22525,22525,22525,22525,5
20211013114627,22520,22520,22520,22520,979
20211013114627,22520,22520,22520,22520,1
20211013114629,22525,22525,22525,22525,11
20211013114633,22520,22520,22520,22520,13
20211013114634,22520,22520,22520,22520,487
20211013114638,22520,22520,22520,22520,100
20211013114643,22520,22520,22520,22520,10
20211013114643,22520,22520,22520,22520,234
20211013114645,22520,22520,22520,22520,1
20211013114648,22525,22525,22525,22525,1
20211013114649,22525,22525,22525,22525,294
20211013114649,22520,22520,22520,22520,1
20211013114651,22520,22520,22520,22520,1
20211013114651,22520,22520,22520,22520,44
20211013114652,22525,22525,22525,22525,2
20211013114654,22525,22525,22525,22525,126
20211013114655,22520,22520,22520,22520,100
20211013114656,22525,22525,22525,22525,200
20211013114701,22530,22530,22530,22530,4481
20211013114704,22535,22535,22535,22535,100
20211013114707,22530,22530,22530,22530,200
20211013114712,22530,22530,22530,22530,100
20211013114717,22535,22535,22535,22535,1
20211013114717,22535,22535,22535,22535,3070
20211013114718,22540,22540,22540,22540,1
20211013114719,22535,22535,22535,22535,10
20211013114722,22535,22535,22535,22535,13
20211013114725,22540,22540,22540,22540,3244
20211013114728,22540,22540,22540,22540,50
20211013114729,22540,22540,22540,22540,1
20211013114730,22535,22535,22535,22535,1130
20211013114732,22530,22530,22530,22530,500
20211013114733,22530,22530,22530,22530,2551
20211013114739,22535,22535,22535,22535,443
20211013114740,22530,22530,22530,22530,1
20211013114740,22530,22530,22530,22530,11
20211013114741,22525,22525,22525,22525,1
20211013114743,22525,22525,22525,22525,28
20211013114745,22525,22525,22525,22525,5
20211013114748,22525,22525,22525,22525,15
20211013114752,22530,22530,22530,22530,1
20211013114755,22530,22530,22530,22530,1
20211013114759,22530,22530,22530,22530,6
20211013114803,22530,22530,22530,22530,1
20211013114814,22530,22530,22530,22530,1
20211013114814,22525,22525,22525,22525,200
20211013114816,22525,22525,22525,22525,75
20211013114824,22525,22525,22525,22525,200
20211013114831,22520,22520,22520,22520,500
20211013114831,22520,22520,22520,22520,1
20211013114831,22520,22520,22520,22520,1227
20211013114831,22515,22515,22515,22515,1
20211013114831,22515,22515,22515,22515,112
20211013114831,22515,22515,22515,22515,186
20211013114831,22510,22510,22510,22510,1
20211013114832,22510,22510,22510,22510,784
20211013114839,22520,22520,22520,22520,1
20211013114839,22520,22520,22520,22520,100
20211013114840,22515,22515,22515,22515,230
20211013114843,22515,22515,22515,22515,1
20211013114844,22515,22515,22515,22515,20
20211013114845,22515,22515,22515,22515,20
20211013114845,22510,22510,22510,22510,30
20211013114846,22510,22510,22510,22510,34
20211013114850,22510,22510,22510,22510,20
20211013114850,22510,22510,22510,22510,20
20211013114850,22510,22510,22510,22510,30
20211013114851,22510,22510,22510,22510,20
20211013114853,22505,22505,22505,22505,1
20211013114858,22510,22510,22510,22510,1
20211013114900,22515,22515,22515,22515,1
20211013114904,22515,22515,22515,22515,20
20211013114905,22515,22515,22515,22515,20
20211013114906,22515,22515,22515,22515,500
20211013114907,22510,22510,22510,22510,1
20211013114909,22515,22515,22515,22515,1
20211013114909,22515,22515,22515,22515,1
20211013114912,22515,22515,22515,22515,1
20211013114913,22510,22510,22510,22510,163
20211013114913,22510,22510,22510,22510,50
20211013114913,22510,22510,22510,22510,1
20211013114915,22505,22505,22505,22505,1
20211013114915,22505,22505,22505,22505,1
20211013114915,22505,22505,22505,22505,1
20211013114916,22505,22505,22505,22505,1230
20211013114916,22510,22510,22510,22510,100
20211013114918,22505,22505,22505,22505,1
20211013114921,22505,22505,22505,22505,1
20211013114925,22505,22505,22505,22505,1
20211013114925,22505,22505,22505,22505,3
20211013114925,22505,22505,22505,22505,1
20211013114929,22505,22505,22505,22505,1
20211013114930,22505,22505,22505,22505,30
20211013114931,22500,22500,22500,22500,1
20211013114931,22500,22500,22500,22500,1669
20211013114932,22500,22500,22500,22500,1
20211013114934,22505,22505,22505,22505,1
20211013114935,22500,22500,22500,22500,3984
20211013114935,22500,22500,22500,22500,30
20211013114938,22500,22500,22500,22500,1
20211013114938,22500,22500,22500,22500,1
20211013114938,22500,22500,22500,22500,11469
20211013114939,22495,22495,22495,22495,600
20211013114939,22500,22500,22500,22500,1
20211013114942,22500,22500,22500,22500,3
20211013114943,22500,22500,22500,22500,1
20211013114944,22495,22495,22495,22495,514
20211013114944,22495,22495,22495,22495,101
20211013114944,22495,22495,22495,22495,101
20211013114944,22495,22495,22495,22495,101
20211013114944,22495,22495,22495,22495,101
20211013114944,22495,22495,22495,22495,82
20211013114948,22505,22505,22505,22505,3485
20211013114949,22500,22500,22500,22500,100
20211013114952,22505,22505,22505,22505,500
20211013114954,22500,22500,22500,22500,32
20211013114958,22500,22500,22500,22500,50
20211013114959,22500,22500,22500,22500,50
20211013115002,22500,22500,22500,22500,500
20211013115002,22505,22505,22505,22505,6
20211013115003,22500,22500,22500,22500,50
20211013115003,22495,22495,22495,22495,85
20211013115006,22505,22505,22505,22505,1
20211013115009,22505,22505,22505,22505,44
20211013115011,22510,22510,22510,22510,1
20211013115012,22505,22505,22505,22505,301
20211013115013,22505,22505,22505,22505,30
20211013115013,22505,22505,22505,22505,50
20211013115014,22505,22505,22505,22505,50
20211013115020,22500,22500,22500,22500,40
20211013115020,22500,22500,22500,22500,1
20211013115020,22500,22500,22500,22500,5307
20211013115023,22500,22500,22500,22500,30
20211013115023,22495,22495,22495,22495,1
20211013115023,22495,22495,22495,22495,14986
20211013115027,22495,22495,22495,22495,1
20211013115030,22495,22495,22495,22495,100
20211013115031,22495,22495,22495,22495,1
20211013115033,22495,22495,22495,22495,4
20211013115035,22495,22495,22495,22495,1
20211013115039,22495,22495,22495,22495,20
20211013115041,22495,22495,22495,22495,1
20211013115044,22495,22495,22495,22495,1
20211013115046,22495,22495,22495,22495,4800
20211013115047,22495,22495,22495,22495,1
20211013115049,22495,22495,22495,22495,1
20211013115050,22495,22495,22495,22495,74
20211013115051,22490,22490,22490,22490,300
20211013115051,22495,22495,22495,22495,1
20211013115053,22490,22490,22490,22490,2085
20211013115053,22490,22490,22490,22490,1
20211013115053,22490,22490,22490,22490,500
20211013115053,22490,22490,22490,22490,1718
20211013115053,22490,22490,22490,22490,50
20211013115053,22485,22485,22485,22485,933
20211013115054,22485,22485,22485,22485,1
20211013115054,22480,22480,22480,22480,5
20211013115054,22480,22480,22480,22480,500
20211013115054,22480,22480,22480,22480,630
20211013115055,22485,22485,22485,22485,1
20211013115057,22480,22480,22480,22480,4571
20211013115057,22485,22485,22485,22485,1
20211013115057,22480,22480,22480,22480,1
20211013115058,22475,22475,22475,22475,1
20211013115058,22480,22480,22480,22480,1
20211013115058,22475,22475,22475,22475,500
20211013115059,22480,22480,22480,22480,1
20211013115059,22475,22475,22475,22475,3291
20211013115059,22480,22480,22480,22480,1
20211013115100,22480,22480,22480,22480,1000
20211013115100,22475,22475,22475,22475,1
20211013115100,22475,22475,22475,22475,1035
20211013115100,22475,22475,22475,22475,1
20211013115100,22475,22475,22475,22475,4964
20211013115100,22475,22475,22475,22475,1
20211013115100,22480,22480,22480,22480,1
20211013115100,22475,22475,22475,22475,1
20211013115100,22480,22480,22480,22480,1
20211013115100,22480,22480,22480,22480,1
20211013115100,22480,22480,22480,22480,1
20211013115101,22480,22480,22480,22480,3000
20211013115104,22480,22480,22480,22480,300
20211013115104,22480,22480,22480,22480,500
20211013115104,22490,22490,22490,22490,50
20211013115106,22485,22485,22485,22485,74
20211013115107,22485,22485,22485,22485,100
20211013115107,22490,22490,22490,22490,1
20211013115107,22490,22490,22490,22490,31
20211013115110,22490,22490,22490,22490,209
20211013115112,22490,22490,22490,22490,1
20211013115114,22490,22490,22490,22490,5
20211013115115,22490,22490,22490,22490,300
20211013115115,22490,22490,22490,22490,1
20211013115116,22490,22490,22490,22490,50
20211013115118,22490,22490,22490,22490,1
20211013115119,22490,22490,22490,22490,50
20211013115122,22490,22490,22490,22490,1
20211013115122,22490,22490,22490,22490,1
20211013115122,22490,22490,22490,22490,1
20211013115122,22485,22485,22485,22485,1
20211013115122,22490,22490,22490,22490,1
20211013115122,22490,22490,22490,22490,1
20211013115122,22485,22485,22485,22485,500
20211013115124,22490,22490,22490,22490,2871
20211013115128,22490,22490,22490,22490,200
20211013115129,22490,22490,22490,22490,1000
20211013115134,22490,22490,22490,22490,200
20211013115136,22490,22490,22490,22490,1254
20211013115136,22490,22490,22490,22490,400
20211013115137,22490,22490,22490,22490,11
20211013115137,22490,22490,22490,22490,11
20211013115140,22490,22490,22490,22490,30
20211013115140,22490,22490,22490,22490,11
20211013115140,22490,22490,22490,22490,3288
20211013115140,22490,22490,22490,22490,11
20211013115141,22495,22495,22495,22495,5
20211013115142,22490,22490,22490,22490,200
20211013115146,22495,22495,22495,22495,50
20211013115152,22495,22495,22495,22495,1
20211013115152,22495,22495,22495,22495,4129
20211013115154,22490,22490,22490,22490,15
20211013115158,22495,22495,22495,22495,15
20211013115201,22500,22500,22500,22500,3842
20211013115201,22500,22500,22500,22500,200
20211013115202,22500,22500,22500,22500,11
20211013115202,22500,22500,22500,22500,11
20211013115203,22500,22500,22500,22500,45
20211013115206,22500,22500,22500,22500,20
20211013115208,22500,22500,22500,22500,1
20211013115209,22505,22505,22505,22505,828
20211013115209,22505,22505,22505,22505,15
20211013115209,22510,22510,22510,22510,35
20211013115210,22510,22510,22510,22510,500
20211013115211,22510,22510,22510,22510,5
20211013115213,22505,22505,22505,22505,4800
20211013115217,22505,22505,22505,22505,1
20211013115220,22505,22505,22505,22505,1
20211013115221,22510,22510,22510,22510,1
20211013115221,22505,22505,22505,22505,20
20211013115222,22505,22505,22505,22505,3395
20211013115223,22505,22505,22505,22505,10
20211013115223,22505,22505,22505,22505,3
20211013115224,22505,22505,22505,22505,1
20211013115230,22500,22500,22500,22500,1
20211013115231,22500,22500,22500,22500,1
20211013115231,22500,22500,22500,22500,1
20211013115231,22500,22500,22500,22500,1
20211013115231,22500,22500,22500,22500,1148
20211013115231,22500,22500,22500,22500,400
20211013115232,22500,22500,22500,22500,10
20211013115235,22505,22505,22505,22505,1
20211013115235,22505,22505,22505,22505,1
20211013115235,22505,22505,22505,22505,1
20211013115235,22505,22505,22505,22505,517
20211013115235,22505,22505,22505,22505,20
20211013115236,22505,22505,22505,22505,200
20211013115236,22505,22505,22505,22505,20
20211013115238,22505,22505,22505,22505,20
20211013115241,22510,22510,22510,22510,397
20211013115241,22510,22510,22510,22510,50
20211013115242,22515,22515,22515,22515,931
20211013115243,22510,22510,22510,22510,1
20211013115244,22510,22510,22510,22510,1
20211013115244,22510,22510,22510,22510,1
20211013115244,22510,22510,22510,22510,1
20211013115244,22510,22510,22510,22510,1
20211013115245,22520,22520,22520,22520,1
20211013115246,22520,22520,22520,22520,55
20211013115246,22515,22515,22515,22515,50
20211013115246,22515,22515,22515,22515,100
20211013115247,22515,22515,22515,22515,3000
20211013115248,22520,22520,22520,22520,1
20211013115252,22510,22510,22510,22510,1
20211013115252,22510,22510,22510,22510,1
20211013115252,22515,22515,22515,22515,200
20211013115258,22515,22515,22515,22515,11
20211013115300,22510,22510,22510,22510,25
20211013115305,22505,22505,22505,22505,1
20211013115305,22505,22505,22505,22505,10
20211013115305,22500,22500,22500,22500,1
20211013115305,22505,22505,22505,22505,25
20211013115305,22500,22500,22500,22500,1
20211013115305,22500,22500,22500,22500,499
20211013115310,22495,22495,22495,22495,150
20211013115311,22500,22500,22500,22500,8242
20211013115313,22500,22500,22500,22500,51
20211013115320,22500,22500,22500,22500,25
20211013115323,22500,22500,22500,22500,30
20211013115323,22500,22500,22500,22500,1
20211013115323,22500,22500,22500,22500,20
20211013115327,22505,22505,22505,22505,1
20211013115327,22500,22500,22500,22500,140
20211013115328,22495,22495,22495,22495,44
20211013115329,22495,22495,22495,22495,1
20211013115329,22495,22495,22495,22495,88
20211013115329,22495,22495,22495,22495,176
20211013115331,22500,22500,22500,22500,1
20211013115332,22500,22500,22500,22500,50
20211013115333,22500,22500,22500,22500,5
20211013115333,22500,22500,22500,22500,1
20211013115337,22495,22495,22495,22495,100
20211013115344,22500,22500,22500,22500,600
20211013115344,22505,22505,22505,22505,1
20211013115354,22505,22505,22505,22505,1
20211013115354,22505,22505,22505,22505,40
20211013115357,22505,22505,22505,22505,1
20211013115401,22505,22505,22505,22505,1
20211013115403,22505,22505,22505,22505,1
20211013115404,22500,22500,22500,22500,1
20211013115408,22500,22500,22500,22500,1
20211013115409,22500,22500,22500,22500,1
20211013115409,22500,22500,22500,22500,13332
20211013115414,22500,22500,22500,22500,1
20211013115414,22500,22500,22500,22500,29
20211013115416,22500,22500,22500,22500,30
20211013115418,22500,22500,22500,22500,50
20211013115421,22495,22495,22495,22495,800
20211013115423,22495,22495,22495,22495,30
20211013115423,22490,22490,22490,22490,1
20211013115423,22490,22490,22490,22490,1
20211013115427,22495,22495,22495,22495,2
20211013115434,22495,22495,22495,22495,5
20211013115449,22500,22500,22500,22500,1
20211013115449,22500,22500,22500,22500,594
20211013115454,22505,22505,22505,22505,50
20211013115455,22500,22500,22500,22500,1
20211013115455,22500,22500,22500,22500,49
20211013115459,22500,22500,22500,22500,50
20211013115503,22495,22495,22495,22495,1
20211013115503,22500,22500,22500,22500,6
20211013115503,22500,22500,22500,22500,650
20211013115505,22495,22495,22495,22495,1
20211013115505,22495,22495,22495,22495,1
20211013115507,22495,22495,22495,22495,9
20211013115516,22500,22500,22500,22500,1
20211013115519,22495,22495,22495,22495,172
20211013115520,22495,22495,22495,22495,16122
20211013115520,22495,22495,22495,22495,10
20211013115521,22500,22500,22500,22500,50
20211013115523,22495,22495,22495,22495,25
20211013115529,22495,22495,22495,22495,10
20211013115540,22495,22495,22495,22495,44
20211013115540,22495,22495,22495,22495,2
20211013115542,22490,22490,22490,22490,200
20211013115548,22490,22490,22490,22490,9120
20211013115548,22490,22490,22490,22490,1045
20211013115552,22490,22490,22490,22490,150
20211013115552,22490,22490,22490,22490,600
20211013115556,22485,22485,22485,22485,344
20211013115559,22490,22490,22490,22490,376
20211013115604,22495,22495,22495,22495,50
20211013115605,22490,22490,22490,22490,450
20211013115605,22490,22490,22490,22490,4
20211013115606,22490,22490,22490,22490,500
20211013115606,22490,22490,22490,22490,150
20211013115606,22495,22495,22495,22495,1
20211013115612,22490,22490,22490,22490,1000
20211013115613,22490,22490,22490,22490,500
20211013115617,22495,22495,22495,22495,3691
20211013115618,22495,22495,22495,22495,500
20211013115620,22495,22495,22495,22495,1
20211013115621,22495,22495,22495,22495,7519
20211013115630,22495,22495,22495,22495,10
20211013115636,22495,22495,22495,22495,29
20211013115636,22495,22495,22495,22495,21
20211013115639,22490,22490,22490,22490,50
20211013115641,22490,22490,22490,22490,50
20211013115642,22490,22490,22490,22490,10
20211013115646,22495,22495,22495,22495,10
20211013115647,22495,22495,22495,22495,640
20211013115651,22500,22500,22500,22500,2987
20211013115652,22500,22500,22500,22500,108
20211013115652,22500,22500,22500,22500,100
20211013115703,22500,22500,22500,22500,120
20211013115706,22495,22495,22495,22495,500
20211013115713,22495,22495,22495,22495,1
20211013115714,22500,22500,22500,22500,1
20211013115714,22500,22500,22500,22500,50
20211013115715,22500,22500,22500,22500,100
20211013115729,22500,22500,22500,22500,1
20211013115730,22500,22500,22500,22500,299
20211013115733,22500,22500,22500,22500,2929
20211013115734,22500,22500,22500,22500,30
20211013115736,22505,22505,22505,22505,2241
20211013115738,22505,22505,22505,22505,135
20211013115739,22505,22505,22505,22505,17
20211013115739,22505,22505,22505,22505,100
20211013115739,22505,22505,22505,22505,100
20211013115741,22505,22505,22505,22505,100
20211013115741,22505,22505,22505,22505,100
20211013115742,22505,22505,22505,22505,2
20211013115742,22505,22505,22505,22505,98
20211013115742,22505,22505,22505,22505,289
20211013115745,22505,22505,22505,22505,100
20211013115747,22505,22505,22505,22505,100
20211013115747,22505,22505,22505,22505,10
20211013115751,22505,22505,22505,22505,246
20211013115751,22505,22505,22505,22505,1
20211013115751,22505,22505,22505,22505,999
20211013115756,22505,22505,22505,22505,20
20211013115800,22505,22505,22505,22505,50
20211013115800,22505,22505,22505,22505,50
20211013115801,22510,22510,22510,22510,500
20211013115804,22505,22505,22505,22505,1
20211013115804,22505,22505,22505,22505,50
20211013115805,22505,22505,22505,22505,50
20211013115811,22505,22505,22505,22505,2900
20211013115812,22505,22505,22505,22505,1
20211013115814,22505,22505,22505,22505,10
20211013115817,22505,22505,22505,22505,1
20211013115820,22505,22505,22505,22505,10
20211013115822,22505,22505,22505,22505,1
20211013115822,22510,22510,22510,22510,15076
20211013115822,22515,22515,22515,22515,232
20211013115826,22515,22515,22515,22515,3
20211013115827,22515,22515,22515,22515,10
20211013115827,22515,22515,22515,22515,1
20211013115828,22515,22515,22515,22515,400
20211013115829,22520,22520,22520,22520,3093
20211013115830,22520,22520,22520,22520,10
20211013115832,22520,22520,22520,22520,100
20211013115832,22525,22525,22525,22525,1
20211013115832,22525,22525,22525,22525,472
20211013115833,22520,22520,22520,22520,20
20211013115834,22525,22525,22525,22525,20
20211013115834,22520,22520,22520,22520,1
20211013115834,22520,22520,22520,22520,1
20211013115834,22520,22520,22520,22520,20
20211013115835,22520,22520,22520,22520,3
20211013115838,22520,22520,22520,22520,77
20211013115838,22520,22520,22520,22520,28
20211013115840,22520,22520,22520,22520,605
20211013115842,22520,22520,22520,22520,5
20211013115843,22515,22515,22515,22515,14
20211013115846,22520,22520,22520,22520,10
20211013115849,22515,22515,22515,22515,1
20211013115849,22515,22515,22515,22515,1
20211013115851,22520,22520,22520,22520,100
20211013115853,22520,22520,22520,22520,6917
20211013115854,22520,22520,22520,22520,1
20211013115854,22520,22520,22520,22520,1
20211013115855,22525,22525,22525,22525,568
20211013115855,22530,22530,22530,22530,1
20211013115855,22525,22525,22525,22525,1
20211013115855,22530,22530,22530,22530,1
20211013115856,22530,22530,22530,22530,3
20211013115856,22525,22525,22525,22525,1
20211013115856,22530,22530,22530,22530,1
20211013115856,22530,22530,22530,22530,1
20211013115856,22530,22530,22530,22530,1
20211013115856,22525,22525,22525,22525,1
20211013115857,22530,22530,22530,22530,1733
20211013115857,22535,22535,22535,22535,6
20211013115859,22535,22535,22535,22535,1200
20211013115900,22535,22535,22535,22535,1
20211013115900,22530,22530,22530,22530,1
20211013115900,22530,22530,22530,22530,1
20211013115901,22535,22535,22535,22535,1
20211013115901,22530,22530,22530,22530,1
20211013115901,22530,22530,22530,22530,50
20211013115902,22535,22535,22535,22535,100
20211013115902,22535,22535,22535,22535,1
20211013115902,22535,22535,22535,22535,50
20211013115903,22535,22535,22535,22535,1
20211013115904,22535,22535,22535,22535,660
20211013115905,22535,22535,22535,22535,1
20211013115905,22535,22535,22535,22535,30
20211013115906,22540,22540,22540,22540,1
20211013115907,22535,22535,22535,22535,1
20211013115907,22535,22535,22535,22535,1
20211013115909,22535,22535,22535,22535,1
20211013115909,22530,22530,22530,22530,1000
20211013115909,22535,22535,22535,22535,1
20211013115910,22535,22535,22535,22535,500
20211013115910,22535,22535,22535,22535,1
20211013115911,22535,22535,22535,22535,1967
20211013115911,22535,22535,22535,22535,1
20211013115913,22535,22535,22535,22535,1
20211013115913,22535,22535,22535,22535,1
20211013115913,22535,22535,22535,22535,1
20211013115920,22535,22535,22535,22535,50
20211013115920,22535,22535,22535,22535,1
20211013115920,22535,22535,22535,22535,50
20211013115921,22535,22535,22535,22535,1
20211013115921,22535,22535,22535,22535,10232
20211013115921,22535,22535,22535,22535,10
20211013115922,22540,22540,22540,22540,10
20211013115923,22535,22535,22535,22535,50
20211013115928,22535,22535,22535,22535,200
20211013115929,22535,22535,22535,22535,1000
20211013115929,22530,22530,22530,22530,1
20211013115929,22535,22535,22535,22535,50
20211013115931,22535,22535,22535,22535,10
20211013115933,22530,22530,22530,22530,200
20211013115935,22530,22530,22530,22530,20
20211013115937,22530,22530,22530,22530,20
20211013115938,22530,22530,22530,22530,50
20211013115939,22530,22530,22530,22530,710
20211013115940,22530,22530,22530,22530,1
20211013115944,22525,22525,22525,22525,13602
20211013115944,22530,22530,22530,22530,500
20211013115946,22525,22525,22525,22525,5747
20211013115946,22525,22525,22525,22525,50
20211013115946,22520,22520,22520,22520,1
20211013115946,22525,22525,22525,22525,1
20211013115947,22525,22525,22525,22525,1
20211013115951,22525,22525,22525,22525,2
20211013115952,22525,22525,22525,22525,20
20211013115952,22525,22525,22525,22525,1
20211013115952,22525,22525,22525,22525,49
20211013115955,22525,22525,22525,22525,500
20211013115956,22520,22520,22520,22520,1
20211013115959,22520,22520,22520,22520,50
20211013120001,22520,22520,22520,22520,20
20211013120001,22525,22525,22525,22525,1
20211013120001,22525,22525,22525,22525,6
20211013120002,22525,22525,22525,22525,500
20211013120002,22530,22530,22530,22530,1
20211013120002,22530,22530,22530,22530,1
20211013120002,22525,22525,22525,22525,1
20211013120002,22530,22530,22530,22530,1
20211013120003,22530,22530,22530,22530,1
20211013120003,22530,22530,22530,22530,1100
20211013120004,22530,22530,22530,22530,500
20211013120004,22535,22535,22535,22535,500
20211013120004,22535,22535,22535,22535,1
20211013120004,22530,22530,22530,22530,1
20211013120004,22530,22530,22530,22530,1
20211013120006,22535,22535,22535,22535,1
20211013120007,22535,22535,22535,22535,56
20211013120007,22535,22535,22535,22535,56
20211013120007,22535,22535,22535,22535,56
20211013120007,22530,22530,22530,22530,1
20211013120007,22530,22530,22530,22530,2
20211013120010,22525,22525,22525,22525,15
20211013120012,22530,22530,22530,22530,50
20211013120013,22535,22535,22535,22535,1
20211013120014,22535,22535,22535,22535,11
20211013120015,22535,22535,22535,22535,1
20211013120015,22530,22530,22530,22530,50
20211013120016,22535,22535,22535,22535,231
20211013120018,22535,22535,22535,22535,10
20211013120021,22535,22535,22535,22535,50
20211013120025,22535,22535,22535,22535,890
20211013120025,22535,22535,22535,22535,1
20211013120025,22535,22535,22535,22535,127
20211013120027,22530,22530,22530,22530,50
20211013120028,22530,22530,22530,22530,500
20211013120029,22530,22530,22530,22530,500
20211013120032,22530,22530,22530,22530,1
20211013120034,22530,22530,22530,22530,13
20211013120034,22530,22530,22530,22530,650
20211013120035,22530,22530,22530,22530,337
20211013120036,22530,22530,22530,22530,50
20211013120037,22530,22530,22530,22530,22
20211013120047,22535,22535,22535,22535,100
20211013120054,22530,22530,22530,22530,113
20211013120056,22530,22530,22530,22530,13
20211013120104,22530,22530,22530,22530,200
20211013120105,22530,22530,22530,22530,1
20211013120107,22530,22530,22530,22530,50
20211013120108,22530,22530,22530,22530,13
20211013120109,22525,22525,22525,22525,1
20211013120110,22530,22530,22530,22530,1
20211013120110,22530,22530,22530,22530,485
20211013120110,22530,22530,22530,22530,238
20211013120112,22530,22530,22530,22530,1
20211013120112,22525,22525,22525,22525,1
20211013120113,22530,22530,22530,22530,1
20211013120115,22530,22530,22530,22530,2208
20211013120118,22530,22530,22530,22530,1
20211013120119,22530,22530,22530,22530,79
20211013120124,22530,22530,22530,22530,1
20211013120125,22530,22530,22530,22530,99
20211013120125,22535,22535,22535,22535,201
20211013120129,22535,22535,22535,22535,3
20211013120129,22535,22535,22535,22535,4956
20211013120131,22535,22535,22535,22535,500
20211013120131,22535,22535,22535,22535,125
20211013120131,22530,22530,22530,22530,1
20211013120134,22530,22530,22530,22530,20
20211013120135,22535,22535,22535,22535,10
20211013120135,22530,22530,22530,22530,1
20211013120136,22535,22535,22535,22535,1
20211013120137,22535,22535,22535,22535,1
20211013120141,22535,22535,22535,22535,300
20211013120142,22530,22530,22530,22530,10
20211013120143,22530,22530,22530,22530,1
20211013120144,22530,22530,22530,22530,10
20211013120145,22530,22530,22530,22530,10
20211013120145,22525,22525,22525,22525,40
20211013120149,22535,22535,22535,22535,5761
20211013120149,22530,22530,22530,22530,50
20211013120152,22530,22530,22530,22530,60
20211013120152,22530,22530,22530,22530,1
20211013120152,22530,22530,22530,22530,1
20211013120153,22530,22530,22530,22530,10
20211013120157,22535,22535,22535,22535,10
20211013120157,22535,22535,22535,22535,1
20211013120157,22535,22535,22535,22535,1
20211013120159,22535,22535,22535,22535,1042
20211013120159,22535,22535,22535,22535,4417
20211013120201,22535,22535,22535,22535,1
20211013120202,22535,22535,22535,22535,1898
20211013120202,22540,22540,22540,22540,2
20211013120205,22535,22535,22535,22535,10
20211013120205,22535,22535,22535,22535,990
20211013120210,22530,22530,22530,22530,284
20211013120213,22530,22530,22530,22530,10
20211013120213,22525,22525,22525,22525,40
20211013120215,22530,22530,22530,22530,10
20211013120218,22535,22535,22535,22535,443
20211013120220,22530,22530,22530,22530,10
20211013120221,22535,22535,22535,22535,1
20211013120221,22535,22535,22535,22535,7191
20211013120223,22535,22535,22535,22535,1
20211013120223,22535,22535,22535,22535,500
20211013120223,22530,22530,22530,22530,1
20211013120224,22535,22535,22535,22535,1
20211013120224,22535,22535,22535,22535,10
20211013120228,22535,22535,22535,22535,296
20211013120230,22535,22535,22535,22535,1
20211013120238,22540,22540,22540,22540,5
20211013120238,22535,22535,22535,22535,5
20211013120239,22535,22535,22535,22535,20
20211013120240,22535,22535,22535,22535,50
20211013120241,22535,22535,22535,22535,100
20211013120252,22530,22530,22530,22530,391
20211013120253,22530,22530,22530,22530,100
20211013120258,22530,22530,22530,22530,1
20211013120258,22530,22530,22530,22530,5049
20211013120258,22530,22530,22530,22530,1
20211013120259,22530,22530,22530,22530,20
20211013120306,22530,22530,22530,22530,1
20211013120308,22530,22530,22530,22530,2
20211013120309,22530,22530,22530,22530,10
20211013120312,22530,22530,22530,22530,25
20211013120313,22535,22535,22535,22535,11
20211013120316,22530,22530,22530,22530,17
20211013120321,22525,22525,22525,22525,5
20211013120323,22525,22525,22525,22525,10
20211013120326,22525,22525,22525,22525,1
20211013120327,22530,22530,22530,22530,1
20211013120327,22530,22530,22530,22530,10
20211013120327,22535,22535,22535,22535,190
20211013120339,22530,22530,22530,22530,3488
20211013120342,22530,22530,22530,22530,1
20211013120344,22530,22530,22530,22530,10
20211013120345,22530,22530,22530,22530,1
20211013120345,22530,22530,22530,22530,1519
20211013120346,22530,22530,22530,22530,20
20211013120348,22530,22530,22530,22530,20
20211013120349,22530,22530,22530,22530,10
20211013120350,22530,22530,22530,22530,8
20211013120352,22530,22530,22530,22530,3800
20211013120359,22530,22530,22530,22530,1531
20211013120403,22530,22530,22530,22530,20576
20211013120412,22530,22530,22530,22530,1000
20211013120412,22530,22530,22530,22530,1082
20211013120414,22530,22530,22530,22530,145
20211013120414,22530,22530,22530,22530,2000
20211013120422,22530,22530,22530,22530,77
20211013120423,22535,22535,22535,22535,1
20211013120423,22535,22535,22535,22535,786
20211013120425,22535,22535,22535,22535,25
20211013120425,22540,22540,22540,22540,14178
20211013120425,22535,22535,22535,22535,1
20211013120425,22535,22535,22535,22535,1
20211013120425,22535,22535,22535,22535,1
20211013120428,22540,22540,22540,22540,2491
20211013120429,22540,22540,22540,22540,500
20211013120433,22540,22540,22540,22540,100
20211013120437,22540,22540,22540,22540,1
20211013120437,22540,22540,22540,22540,1
20211013120439,22540,22540,22540,22540,500
20211013120441,22535,22535,22535,22535,112
20211013120443,22535,22535,22535,22535,21
20211013120453,22530,22530,22530,22530,1
20211013120453,22530,22530,22530,22530,672
20211013120453,22525,22525,22525,22525,1
20211013120454,22530,22530,22530,22530,1
20211013120454,22525,22525,22525,22525,1
20211013120456,22530,22530,22530,22530,15
20211013120505,22530,22530,22530,22530,20
20211013120505,22530,22530,22530,22530,6
20211013120506,22530,22530,22530,22530,10
20211013120507,22525,22525,22525,22525,8174
20211013120507,22525,22525,22525,22525,750
20211013120507,22525,22525,22525,22525,250
20211013120507,22525,22525,22525,22525,500
20211013120512,22525,22525,22525,22525,12
20211013120515,22520,22520,22520,22520,500
20211013120515,22525,22525,22525,22525,1
20211013120519,22525,22525,22525,22525,100
20211013120524,22525,22525,22525,22525,575
20211013120528,22530,22530,22530,22530,1
20211013120528,22530,22530,22530,22530,1
20211013120528,22530,22530,22530,22530,1
20211013120529,22525,22525,22525,22525,985
20211013120531,22525,22525,22525,22525,5
20211013120532,22525,22525,22525,22525,20
20211013120532,22520,22520,22520,22520,1
20211013120533,22520,22520,22520,22520,413
20211013120538,22520,22520,22520,22520,5
20211013120540,22520,22520,22520,22520,10
20211013120540,22520,22520,22520,22520,11
20211013120540,22520,22520,22520,22520,3
20211013120543,22520,22520,22520,22520,76
20211013120545,22520,22520,22520,22520,274
20211013120545,22520,22520,22520,22520,100
20211013120547,22520,22520,22520,22520,2
20211013120550,22520,22520,22520,22520,1
20211013120551,22520,22520,22520,22520,30
20211013120551,22520,22520,22520,22520,1
20211013120552,22520,22520,22520,22520,10
20211013120552,22520,22520,22520,22520,1
20211013120552,22515,22515,22515,22515,200
20211013120552,22520,22520,22520,22520,1
20211013120552,22520,22520,22520,22520,1
20211013120553,22520,22520,22520,22520,155
20211013120553,22525,22525,22525,22525,1
20211013120559,22520,22520,22520,22520,112
20211013120601,22520,22520,22520,22520,1
20211013120601,22520,22520,22520,22520,2
20211013120602,22520,22520,22520,22520,1
20211013120602,22520,22520,22520,22520,164
20211013120605,22525,22525,22525,22525,1
20211013120605,22520,22520,22520,22520,1
20211013120605,22520,22520,22520,22520,1
20211013120605,22520,22520,22520,22520,7
20211013120605,22520,22520,22520,22520,58
20211013120605,22520,22520,22520,22520,58
20211013120605,22520,22520,22520,22520,77
20211013120607,22520,22520,22520,22520,50
20211013120610,22520,22520,22520,22520,15
20211013120610,22515,22515,22515,22515,682
20211013120623,22520,22520,22520,22520,32
20211013120623,22515,22515,22515,22515,168
20211013120624,22520,22520,22520,22520,2
20211013120624,22515,22515,22515,22515,1
20211013120624,22515,22515,22515,22515,1
20211013120624,22515,22515,22515,22515,20094
20211013120625,22520,22520,22520,22520,1
20211013120625,22520,22520,22520,22520,1
20211013120627,22515,22515,22515,22515,3
20211013120628,22515,22515,22515,22515,2
20211013120630,22515,22515,22515,22515,6
20211013120630,22515,22515,22515,22515,1
20211013120631,22515,22515,22515,22515,1
20211013120631,22515,22515,22515,22515,1
20211013120632,22515,22515,22515,22515,1
20211013120632,22515,22515,22515,22515,1
20211013120632,22515,22515,22515,22515,20
20211013120632,22515,22515,22515,22515,1
20211013120633,22515,22515,22515,22515,2
20211013120633,22515,22515,22515,22515,1
20211013120634,22515,22515,22515,22515,1
20211013120634,22515,22515,22515,22515,1
20211013120634,22515,22515,22515,22515,1
20211013120635,22515,22515,22515,22515,1
20211013120635,22515,22515,22515,22515,1
20211013120635,22510,22510,22510,22510,1
20211013120635,22510,22510,22510,22510,1398
20211013120636,22510,22510,22510,22510,1
20211013120636,22515,22515,22515,22515,1
20211013120636,22510,22510,22510,22510,1
20211013120637,22510,22510,22510,22510,1
20211013120637,22510,22510,22510,22510,1
20211013120637,22505,22505,22505,22505,1
20211013120638,22510,22510,22510,22510,1
20211013120638,22510,22510,22510,22510,1
20211013120638,22510,22510,22510,22510,1
20211013120647,22510,22510,22510,22510,10
20211013120647,22510,22510,22510,22510,500
20211013120647,22510,22510,22510,22510,150
20211013120648,22510,22510,22510,22510,30
20211013120649,22510,22510,22510,22510,1
20211013120650,22510,22510,22510,22510,1199
20211013120651,22510,22510,22510,22510,20
20211013120652,22515,22515,22515,22515,20
20211013120652,22510,22510,22510,22510,500
20211013120655,22515,22515,22515,22515,1
20211013120655,22515,22515,22515,22515,1
20211013120656,22520,22520,22520,22520,550
20211013120701,22520,22520,22520,22520,116
20211013120704,22520,22520,22520,22520,11
20211013120706,22520,22520,22520,22520,639
20211013120709,22515,22515,22515,22515,1
20211013120709,22515,22515,22515,22515,1
20211013120711,22520,22520,22520,22520,500
20211013120718,22520,22520,22520,22520,10
20211013120722,22520,22520,22520,22520,990
20211013120725,22520,22520,22520,22520,44
20211013120733,22520,22520,22520,22520,6
20211013120739,22520,22520,22520,22520,1
20211013120740,22525,22525,22525,22525,318
20211013120745,22530,22530,22530,22530,1
20211013120745,22530,22530,22530,22530,1
20211013120745,22525,22525,22525,22525,1
20211013120745,22530,22530,22530,22530,1
20211013120745,22525,22525,22525,22525,1
20211013120747,22530,22530,22530,22530,995
20211013120755,22530,22530,22530,22530,30
20211013120755,22530,22530,22530,22530,2
20211013120757,22530,22530,22530,22530,20
20211013120757,22535,22535,22535,22535,500
20211013120757,22535,22535,22535,22535,1
20211013120757,22535,22535,22535,22535,1
20211013120757,22535,22535,22535,22535,55
20211013120758,22530,22530,22530,22530,100
20211013120802,22535,22535,22535,22535,100
20211013120802,22535,22535,22535,22535,9
20211013120803,22535,22535,22535,22535,1
20211013120805,22540,22540,22540,22540,1
20211013120806,22540,22540,22540,22540,1
20211013120806,22540,22540,22540,22540,7281
20211013120806,22535,22535,22535,22535,1
20211013120806,22535,22535,22535,22535,100
20211013120808,22540,22540,22540,22540,1
20211013120810,22540,22540,22540,22540,100
20211013120811,22540,22540,22540,22540,1
20211013120813,22540,22540,22540,22540,101
20211013120816,22540,22540,22540,22540,10
20211013120816,22540,22540,22540,22540,6
20211013120818,22540,22540,22540,22540,1
20211013120818,22540,22540,22540,22540,1
20211013120819,22540,22540,22540,22540,1307
20211013120820,22540,22540,22540,22540,1
20211013120820,22540,22540,22540,22540,1
20211013120820,22540,22540,22540,22540,1
20211013120821,22540,22540,22540,22540,1
20211013120821,22540,22540,22540,22540,1
20211013120821,22540,22540,22540,22540,1
20211013120822,22540,22540,22540,22540,200
20211013120822,22540,22540,22540,22540,1
20211013120822,22540,22540,22540,22540,1
20211013120822,22535,22535,22535,22535,500
20211013120822,22540,22540,22540,22540,1
20211013120823,22540,22540,22540,22540,1
20211013120823,22540,22540,22540,22540,1
20211013120823,22540,22540,22540,22540,1
20211013120823,22540,22540,22540,22540,1
20211013120824,22540,22540,22540,22540,1
20211013120824,22540,22540,22540,22540,1
20211013120825,22540,22540,22540,22540,1
20211013120825,22540,22540,22540,22540,1
20211013120825,22540,22540,22540,22540,1
20211013120825,22540,22540,22540,22540,1
20211013120826,22540,22540,22540,22540,1
20211013120826,22540,22540,22540,22540,1
20211013120826,22540,22540,22540,22540,1
20211013120826,22540,22540,22540,22540,1
20211013120826,22540,22540,22540,22540,128
20211013120826,22540,22540,22540,22540,1
20211013120827,22540,22540,22540,22540,1
20211013120827,22540,22540,22540,22540,1
20211013120827,22540,22540,22540,22540,1
20211013120827,22540,22540,22540,22540,1
20211013120828,22540,22540,22540,22540,1
20211013120828,22540,22540,22540,22540,1
20211013120828,22540,22540,22540,22540,381
20211013120831,22535,22535,22535,22535,30
20211013120831,22535,22535,22535,22535,1
20211013120831,22535,22535,22535,22535,1
20211013120831,22535,22535,22535,22535,1
20211013120832,22535,22535,22535,22535,1
20211013120832,22535,22535,22535,22535,1
20211013120833,22535,22535,22535,22535,1
20211013120833,22535,22535,22535,22535,50
20211013120840,22530,22530,22530,22530,840
20211013120840,22530,22530,22530,22530,1
20211013120841,22530,22530,22530,22530,1
20211013120841,22530,22530,22530,22530,1
20211013120841,22530,22530,22530,22530,1
20211013120842,22530,22530,22530,22530,1
20211013120842,22530,22530,22530,22530,30
20211013120842,22530,22530,22530,22530,1
20211013120843,22530,22530,22530,22530,1
20211013120843,22525,22525,22525,22525,259
20211013120844,22525,22525,22525,22525,2
20211013120845,22525,22525,22525,22525,1
20211013120845,22525,22525,22525,22525,1
20211013120845,22525,22525,22525,22525,1
20211013120845,22525,22525,22525,22525,1
20211013120846,22525,22525,22525,22525,1
20211013120846,22525,22525,22525,22525,1
20211013120846,22525,22525,22525,22525,1
20211013120849,22525,22525,22525,22525,30
20211013120852,22520,22520,22520,22520,13
20211013120855,22525,22525,22525,22525,20
20211013120855,22520,22520,22520,22520,91
20211013120903,22520,22520,22520,22520,2
20211013120906,22520,22520,22520,22520,100
20211013120909,22520,22520,22520,22520,98
20211013120910,22520,22520,22520,22520,1
20211013120910,22520,22520,22520,22520,245
20211013120910,22520,22520,22520,22520,1
20211013120911,22520,22520,22520,22520,1
20211013120911,22520,22520,22520,22520,154
20211013120911,22525,22525,22525,22525,1
20211013120911,22525,22525,22525,22525,1
20211013120911,22520,22520,22520,22520,1
20211013120911,22520,22520,22520,22520,1
20211013120912,22520,22520,22520,22520,100
20211013120916,22520,22520,22520,22520,1
20211013120924,22520,22520,22520,22520,146
20211013120925,22520,22520,22520,22520,1
20211013120925,22520,22520,22520,22520,153
20211013120925,22520,22520,22520,22520,1
20211013120925,22520,22520,22520,22520,190
20211013120925,22520,22520,22520,22520,190
20211013120925,22520,22520,22520,22520,190
20211013120925,22520,22520,22520,22520,190
20211013120925,22520,22520,22520,22520,190
20211013120925,22520,22520,22520,22520,190
20211013120925,22520,22520,22520,22520,190
20211013120925,22520,22520,22520,22520,190
20211013120925,22520,22520,22520,22520,190
20211013120925,22520,22520,22520,22520,190
20211013120925,22520,22520,22520,22520,190
20211013120925,22520,22520,22520,22520,190
20211013120925,22520,22520,22520,22520,190
20211013120925,22520,22520,22520,22520,1749
20211013120934,22525,22525,22525,22525,2
20211013120935,22525,22525,22525,22525,96
20211013120937,22530,22530,22530,22530,2
20211013120937,22530,22530,22530,22530,1
20211013120937,22530,22530,22530,22530,1
20211013120937,22525,22525,22525,22525,1
20211013120938,22530,22530,22530,22530,1
20211013120938,22530,22530,22530,22530,569
20211013120943,22530,22530,22530,22530,1
20211013120946,22530,22530,22530,22530,100
20211013120951,22535,22535,22535,22535,1
20211013120951,22535,22535,22535,22535,1445
20211013120956,22530,22530,22530,22530,208
20211013120956,22530,22530,22530,22530,2
20211013120959,22530,22530,22530,22530,2
20211013121000,22525,22525,22525,22525,1
20211013121000,22525,22525,22525,22525,1
20211013121000,22525,22525,22525,22525,1
20211013121000,22530,22530,22530,22530,2
20211013121000,22530,22530,22530,22530,6
20211013121002,22530,22530,22530,22530,2
20211013121006,22530,22530,22530,22530,2
20211013121007,22530,22530,22530,22530,2
20211013121008,22530,22530,22530,22530,2
20211013121009,22530,22530,22530,22530,1
20211013121012,22535,22535,22535,22535,50
20211013121015,22530,22530,22530,22530,100
20211013121018,22530,22530,22530,22530,6172
20211013121028,22535,22535,22535,22535,1
20211013121028,22535,22535,22535,22535,355
20211013121028,22535,22535,22535,22535,2547
20211013121029,22535,22535,22535,22535,10
20211013121032,22535,22535,22535,22535,2000
20211013121035,22535,22535,22535,22535,500
20211013121035,22540,22540,22540,22540,1
20211013121035,22540,22540,22540,22540,4546
20211013121038,22540,22540,22540,22540,1
20211013121039,22540,22540,22540,22540,4
20211013121042,22545,22545,22545,22545,11
20211013121042,22545,22545,22545,22545,1
20211013121043,22545,22545,22545,22545,1
20211013121043,22545,22545,22545,22545,1
20211013121043,22545,22545,22545,22545,1
20211013121044,22545,22545,22545,22545,200
20211013121046,22545,22545,22545,22545,1
20211013121046,22540,22540,22540,22540,1
20211013121046,22540,22540,22540,22540,4
20211013121046,22540,22540,22540,22540,205
20211013121046,22545,22545,22545,22545,795
20211013121047,22540,22540,22540,22540,1
20211013121047,22540,22540,22540,22540,1
20211013121048,22540,22540,22540,22540,1
20211013121048,22540,22540,22540,22540,1
20211013121049,22540,22540,22540,22540,1
20211013121052,22540,22540,22540,22540,10
20211013121056,22540,22540,22540,22540,2046
20211013121057,22540,22540,22540,22540,1
20211013121058,22540,22540,22540,22540,1
20211013121058,22540,22540,22540,22540,1
20211013121058,22540,22540,22540,22540,1
20211013121059,22540,22540,22540,22540,1
20211013121100,22540,22540,22540,22540,1
20211013121100,22540,22540,22540,22540,1
20211013121101,22540,22540,22540,22540,1
20211013121101,22540,22540,22540,22540,1
20211013121101,22540,22540,22540,22540,1
20211013121101,22540,22540,22540,22540,1
20211013121102,22540,22540,22540,22540,10
20211013121103,22540,22540,22540,22540,355
20211013121103,22540,22540,22540,22540,1
20211013121103,22540,22540,22540,22540,1
20211013121103,22540,22540,22540,22540,1
20211013121103,22540,22540,22540,22540,1
20211013121105,22540,22540,22540,22540,1
20211013121105,22540,22540,22540,22540,1
20211013121106,22540,22540,22540,22540,1
20211013121106,22540,22540,22540,22540,1
20211013121106,22540,22540,22540,22540,1
20211013121107,22540,22540,22540,22540,1
20211013121108,22540,22540,22540,22540,50
20211013121109,22540,22540,22540,22540,1
20211013121109,22540,22540,22540,22540,1
20211013121110,22540,22540,22540,22540,1
20211013121110,22540,22540,22540,22540,1
20211013121110,22540,22540,22540,22540,1
20211013121111,22540,22540,22540,22540,1
20211013121113,22540,22540,22540,22540,1
20211013121113,22540,22540,22540,22540,1
20211013121114,22540,22540,22540,22540,1
20211013121114,22540,22540,22540,22540,1
20211013121114,22540,22540,22540,22540,1
20211013121115,22540,22540,22540,22540,1
20211013121116,22540,22540,22540,22540,50
20211013121117,22540,22540,22540,22540,1
20211013121118,22540,22540,22540,22540,1
20211013121118,22540,22540,22540,22540,1
20211013121118,22540,22540,22540,22540,1
20211013121119,22540,22540,22540,22540,1
20211013121120,22540,22540,22540,22540,2
20211013121121,22540,22540,22540,22540,1
20211013121121,22540,22540,22540,22540,1
20211013121121,22540,22540,22540,22540,1
20211013121122,22540,22540,22540,22540,1
20211013121122,22540,22540,22540,22540,301
20211013121129,22535,22535,22535,22535,1109
20211013121134,22540,22540,22540,22540,1
20211013121134,22535,22535,22535,22535,1
20211013121135,22535,22535,22535,22535,1
20211013121135,22535,22535,22535,22535,1
20211013121136,22535,22535,22535,22535,1
20211013121136,22535,22535,22535,22535,1
20211013121136,22535,22535,22535,22535,1
20211013121137,22535,22535,22535,22535,1
20211013121137,22535,22535,22535,22535,1
20211013121137,22530,22530,22530,22530,1610
20211013121143,22530,22530,22530,22530,50
20211013121143,22530,22530,22530,22530,1062
20211013121143,22530,22530,22530,22530,1
20211013121144,22530,22530,22530,22530,5
20211013121144,22525,22525,22525,22525,264
20211013121144,22525,22525,22525,22525,1
20211013121144,22520,22520,22520,22520,1
20211013121144,22520,22520,22520,22520,1
20211013121144,22525,22525,22525,22525,1
20211013121144,22530,22530,22530,22530,1
20211013121145,22525,22525,22525,22525,1
20211013121145,22525,22525,22525,22525,1
20211013121145,22525,22525,22525,22525,1
20211013121146,22520,22520,22520,22520,202
20211013121146,22525,22525,22525,22525,1
20211013121146,22525,22525,22525,22525,1
20211013121146,22525,22525,22525,22525,1
20211013121147,22525,22525,22525,22525,1
20211013121147,22525,22525,22525,22525,298
20211013121152,22530,22530,22530,22530,500
20211013121152,22530,22530,22530,22530,157
20211013121152,22530,22530,22530,22530,157
20211013121152,22530,22530,22530,22530,87
20211013121203,22530,22530,22530,22530,20
20211013121215,22525,22525,22525,22525,196
20211013121222,22530,22530,22530,22530,10
20211013121223,22525,22525,22525,22525,1052
20211013121223,22525,22525,22525,22525,1
20211013121232,22530,22530,22530,22530,20
20211013121235,22525,22525,22525,22525,5
20211013121235,22525,22525,22525,22525,1
20211013121236,22525,22525,22525,22525,1
20211013121237,22525,22525,22525,22525,2
20211013121237,22520,22520,22520,22520,18
20211013121238,22525,22525,22525,22525,20
20211013121238,22525,22525,22525,22525,20
20211013121240,22525,22525,22525,22525,20
20211013121243,22525,22525,22525,22525,20
20211013121247,22530,22530,22530,22530,1
20211013121247,22530,22530,22530,22530,1271
20211013121248,22530,22530,22530,22530,1
20211013121253,22530,22530,22530,22530,1
20211013121300,22525,22525,22525,22525,4446
20211013121300,22525,22525,22525,22525,1
20211013121301,22525,22525,22525,22525,1
20211013121301,22525,22525,22525,22525,1
20211013121302,22525,22525,22525,22525,1
20211013121302,22525,22525,22525,22525,1
20211013121302,22525,22525,22525,22525,1
20211013121304,22525,22525,22525,22525,3
20211013121304,22525,22525,22525,22525,2
20211013121305,22525,22525,22525,22525,1
20211013121308,22525,22525,22525,22525,1
20211013121310,22525,22525,22525,22525,513
20211013121310,22525,22525,22525,22525,478
20211013121310,22525,22525,22525,22525,1
20211013121310,22525,22525,22525,22525,4
20211013121310,22525,22525,22525,22525,10
20211013121317,22530,22530,22530,22530,1
20211013121325,22530,22530,22530,22530,1
20211013121328,22525,22525,22525,22525,1033
20211013121338,22520,22520,22520,22520,100
20211013121353,22525,22525,22525,22525,223
20211013121355,22525,22525,22525,22525,1000
20211013121358,22530,22530,22530,22530,1
20211013121400,22530,22530,22530,22530,1
20211013121401,22530,22530,22530,22530,10781
20211013121403,22535,22535,22535,22535,1000
20211013121404,22535,22535,22535,22535,63
20211013121406,22535,22535,22535,22535,200
20211013121410,22535,22535,22535,22535,1
20211013121413,22530,22530,22530,22530,1
20211013121413,22530,22530,22530,22530,166
20211013121418,22530,22530,22530,22530,26
20211013121419,22535,22535,22535,22535,1
20211013121420,22535,22535,22535,22535,1
20211013121420,22535,22535,22535,22535,1
20211013121421,22535,22535,22535,22535,2
20211013121421,22535,22535,22535,22535,1
20211013121421,22535,22535,22535,22535,1
20211013121421,22535,22535,22535,22535,11
20211013121422,22535,22535,22535,22535,1
20211013121423,22530,22530,22530,22530,7
20211013121423,22535,22535,22535,22535,1
20211013121423,22530,22530,22530,22530,1
20211013121425,22530,22530,22530,22530,3
20211013121434,22525,22525,22525,22525,50
20211013121434,22525,22525,22525,22525,756
20211013121438,22525,22525,22525,22525,11
20211013121439,22525,22525,22525,22525,100
20211013121441,22520,22520,22520,22520,65
20211013121446,22520,22520,22520,22520,63
20211013121447,22525,22525,22525,22525,1
20211013121447,22525,22525,22525,22525,1
20211013121451,22520,22520,22520,22520,1
20211013121500,22525,22525,22525,22525,2
20211013121500,22525,22525,22525,22525,6
20211013121505,22525,22525,22525,22525,1666
20211013121506,22525,22525,22525,22525,111
20211013121509,22525,22525,22525,22525,40
20211013121513,22530,22530,22530,22530,1
20211013121513,22530,22530,22530,22530,21
20211013121519,22535,22535,22535,22535,1
20211013121519,22535,22535,22535,22535,14
20211013121521,22520,22520,22520,22520,1
20211013121521,22525,22525,22525,22525,200
20211013121524,22520,22520,22520,22520,70
20211013121525,22520,22520,22520,22520,1
20211013121525,22520,22520,22520,22520,4575
20211013121526,22515,22515,22515,22515,1194
20211013121528,22520,22520,22520,22520,450
20211013121532,22510,22510,22510,22510,1
20211013121532,22510,22510,22510,22510,4866
20211013121532,22505,22505,22505,22505,3
20211013121532,22505,22505,22505,22505,1
20211013121533,22505,22505,22505,22505,1470
20211013121538,22505,22505,22505,22505,700
20211013121538,22505,22505,22505,22505,1
20211013121538,22505,22505,22505,22505,9
20211013121539,22510,22510,22510,22510,300
20211013121543,22510,22510,22510,22510,10
20211013121544,22515,22515,22515,22515,1
20211013121544,22510,22510,22510,22510,4
20211013121547,22515,22515,22515,22515,1
20211013121548,22510,22510,22510,22510,1
20211013121551,22510,22510,22510,22510,60
20211013121552,22515,22515,22515,22515,3
20211013121553,22515,22515,22515,22515,17
20211013121601,22510,22510,22510,22510,1
20211013121601,22510,22510,22510,22510,130
20211013121611,22515,22515,22515,22515,669
20211013121613,22520,22520,22520,22520,20
20211013121614,22520,22520,22520,22520,280
20211013121618,22520,22520,22520,22520,947
20211013121618,22525,22525,22525,22525,1
20211013121618,22525,22525,22525,22525,1
20211013121618,22525,22525,22525,22525,1
20211013121619,22525,22525,22525,22525,1
20211013121621,22525,22525,22525,22525,3324
20211013121621,22525,22525,22525,22525,500
20211013121623,22525,22525,22525,22525,100
20211013121626,22525,22525,22525,22525,508
20211013121629,22525,22525,22525,22525,49
20211013121629,22530,22530,22530,22530,1
20211013121629,22525,22525,22525,22525,24
20211013121630,22525,22525,22525,22525,1
20211013121631,22530,22530,22530,22530,1054
20211013121631,22530,22530,22530,22530,2245
20211013121634,22535,22535,22535,22535,1
20211013121634,22535,22535,22535,22535,1
20211013121636,22535,22535,22535,22535,1
20211013121637,22535,22535,22535,22535,1
20211013121637,22535,22535,22535,22535,1
20211013121638,22535,22535,22535,22535,1
20211013121638,22530,22530,22530,22530,1
20211013121639,22535,22535,22535,22535,1
20211013121640,22535,22535,22535,22535,1
20211013121640,22535,22535,22535,22535,1
20211013121640,22530,22530,22530,22530,1
20211013121640,22535,22535,22535,22535,5
20211013121640,22535,22535,22535,22535,94
20211013121640,22535,22535,22535,22535,1
20211013121640,22530,22530,22530,22530,1470
20211013121641,22535,22535,22535,22535,17
20211013121642,22540,22540,22540,22540,1
20211013121642,22540,22540,22540,22540,22551
20211013121643,22535,22535,22535,22535,500
20211013121643,22540,22540,22540,22540,1
20211013121643,22535,22535,22535,22535,1
20211013121644,22540,22540,22540,22540,1
20211013121645,22540,22540,22540,22540,1
20211013121645,22540,22540,22540,22540,1
20211013121645,22535,22535,22535,22535,17
20211013121645,22540,22540,22540,22540,1
20211013121646,22540,22540,22540,22540,1
20211013121646,22540,22540,22540,22540,1
20211013121647,22540,22540,22540,22540,1
20211013121648,22540,22540,22540,22540,1
20211013121648,22540,22540,22540,22540,1
20211013121649,22540,22540,22540,22540,1
20211013121649,22540,22540,22540,22540,1
20211013121650,22540,22540,22540,22540,1
20211013121651,22540,22540,22540,22540,1
20211013121651,22540,22540,22540,22540,1
20211013121652,22540,22540,22540,22540,1
20211013121652,22540,22540,22540,22540,500
20211013121653,22540,22540,22540,22540,1
20211013121653,22540,22540,22540,22540,1
20211013121654,22540,22540,22540,22540,1
20211013121654,22540,22540,22540,22540,1
20211013121655,22540,22540,22540,22540,1
20211013121656,22540,22540,22540,22540,1
20211013121657,22540,22540,22540,22540,1
20211013121657,22535,22535,22535,22535,19
20211013121659,22535,22535,22535,22535,2
20211013121659,22530,22530,22530,22530,98
20211013121702,22535,22535,22535,22535,1
20211013121703,22540,22540,22540,22540,1
20211013121703,22540,22540,22540,22540,1
20211013121703,22540,22540,22540,22540,218
20211013121704,22540,22540,22540,22540,600
20211013121705,22540,22540,22540,22540,800
20211013121706,22540,22540,22540,22540,1
20211013121706,22540,22540,22540,22540,100
20211013121711,22540,22540,22540,22540,55
20211013121712,22545,22545,22545,22545,2
20211013121716,22540,22540,22540,22540,100
20211013121717,22545,22545,22545,22545,1
20211013121717,22545,22545,22545,22545,6560
20211013121719,22550,22550,22550,22550,300
20211013121719,22540,22540,22540,22540,11
20211013121720,22550,22550,22550,22550,9395
20211013121721,22550,22550,22550,22550,11
20211013121721,22555,22555,22555,22555,1
20211013121721,22550,22550,22550,22550,10
20211013121721,22550,22550,22550,22550,2
20211013121723,22555,22555,22555,22555,731
20211013121724,22555,22555,22555,22555,66
20211013121725,22550,22550,22550,22550,1
20211013121725,22550,22550,22550,22550,20000
20211013121725,22555,22555,22555,22555,300
20211013121726,22555,22555,22555,22555,1
20211013121726,22555,22555,22555,22555,1
20211013121726,22555,22555,22555,22555,1
20211013121726,22555,22555,22555,22555,1000
20211013121727,22555,22555,22555,22555,1
20211013121727,22555,22555,22555,22555,1
20211013121727,22555,22555,22555,22555,1
20211013121728,22555,22555,22555,22555,1
20211013121728,22555,22555,22555,22555,1
20211013121728,22555,22555,22555,22555,1
20211013121728,22555,22555,22555,22555,1
20211013121729,22555,22555,22555,22555,847
20211013121729,22555,22555,22555,22555,2
20211013121729,22555,22555,22555,22555,1
20211013121729,22555,22555,22555,22555,1
20211013121730,22555,22555,22555,22555,1
20211013121730,22555,22555,22555,22555,1
20211013121730,22555,22555,22555,22555,94
20211013121731,22555,22555,22555,22555,1
20211013121731,22555,22555,22555,22555,1
20211013121732,22555,22555,22555,22555,3
20211013121732,22555,22555,22555,22555,1
20211013121732,22555,22555,22555,22555,96
20211013121732,22555,22555,22555,22555,1
20211013121733,22555,22555,22555,22555,1
20211013121733,22555,22555,22555,22555,1
20211013121733,22555,22555,22555,22555,1976
20211013121733,22555,22555,22555,22555,1
20211013121734,22555,22555,22555,22555,3
20211013121735,22555,22555,22555,22555,1
20211013121735,22555,22555,22555,22555,1
20211013121735,22555,22555,22555,22555,198
20211013121735,22550,22550,22550,22550,500
20211013121735,22555,22555,22555,22555,1
20211013121735,22555,22555,22555,22555,19
20211013121736,22555,22555,22555,22555,3
20211013121736,22555,22555,22555,22555,1
20211013121737,22555,22555,22555,22555,1
20211013121737,22555,22555,22555,22555,1
20211013121737,22555,22555,22555,22555,1
20211013121738,22555,22555,22555,22555,1
20211013121738,22555,22555,22555,22555,1
20211013121738,22555,22555,22555,22555,1
20211013121739,22555,22555,22555,22555,1
20211013121739,22555,22555,22555,22555,1
20211013121739,22555,22555,22555,22555,1
20211013121740,22555,22555,22555,22555,1
20211013121740,22550,22550,22550,22550,485
20211013121740,22555,22555,22555,22555,1
20211013121740,22555,22555,22555,22555,1
20211013121741,22555,22555,22555,22555,1
20211013121741,22555,22555,22555,22555,1
20211013121741,22555,22555,22555,22555,1
20211013121742,22555,22555,22555,22555,1
20211013121742,22555,22555,22555,22555,640
20211013121742,22560,22560,22560,22560,1
20211013121742,22560,22560,22560,22560,1
20211013121742,22555,22555,22555,22555,10
20211013121743,22555,22555,22555,22555,2
20211013121743,22555,22555,22555,22555,1
20211013121743,22555,22555,22555,22555,1
20211013121743,22555,22555,22555,22555,16
20211013121743,22555,22555,22555,22555,100
20211013121743,22555,22555,22555,22555,1
20211013121744,22560,22560,22560,22560,10448
20211013121744,22560,22560,22560,22560,780
20211013121744,22565,22565,22565,22565,1
20211013121744,22565,22565,22565,22565,1
20211013121745,22560,22560,22560,22560,22
20211013121747,22565,22565,22565,22565,12954
20211013121747,22565,22565,22565,22565,10
20211013121748,22565,22565,22565,22565,100
20211013121748,22565,22565,22565,22565,53
20211013121749,22570,22570,22570,22570,1
20211013121749,22570,22570,22570,22570,1
20211013121749,22570,22570,22570,22570,6608
20211013121749,22570,22570,22570,22570,100
20211013121749,22565,22565,22565,22565,200
20211013121749,22565,22565,22565,22565,30478
20211013121749,22560,22560,22560,22560,1
20211013121750,22565,22565,22565,22565,1
20211013121750,22560,22560,22560,22560,1
20211013121750,22560,22560,22560,22560,1
20211013121750,22565,22565,22565,22565,1
20211013121750,22570,22570,22570,22570,1
20211013121751,22570,22570,22570,22570,1
20211013121751,22570,22570,22570,22570,1
20211013121751,22570,22570,22570,22570,1
20211013121751,22570,22570,22570,22570,1
20211013121751,22565,22565,22565,22565,1205
20211013121751,22565,22565,22565,22565,1
20211013121751,22565,22565,22565,22565,100
20211013121752,22570,22570,22570,22570,100
20211013121752,22570,22570,22570,22570,1
20211013121752,22570,22570,22570,22570,1
20211013121752,22570,22570,22570,22570,1
20211013121752,22565,22565,22565,22565,1
20211013121752,22570,22570,22570,22570,1
20211013121752,22570,22570,22570,22570,96
20211013121753,22570,22570,22570,22570,2
20211013121754,22570,22570,22570,22570,1
20211013121754,22570,22570,22570,22570,1
20211013121754,22570,22570,22570,22570,1
20211013121754,22565,22565,22565,22565,3134
20211013121755,22570,22570,22570,22570,1
20211013121755,22565,22565,22565,22565,1
20211013121756,22565,22565,22565,22565,1
20211013121756,22565,22565,22565,22565,1
20211013121756,22560,22560,22560,22560,1
20211013121756,22565,22565,22565,22565,12
20211013121756,22565,22565,22565,22565,1
20211013121756,22565,22565,22565,22565,1
20211013121757,22565,22565,22565,22565,1
20211013121757,22565,22565,22565,22565,1
20211013121757,22565,22565,22565,22565,2
20211013121758,22565,22565,22565,22565,1
20211013121758,22565,22565,22565,22565,872
20211013121759,22565,22565,22565,22565,100
20211013121759,22570,22570,22570,22570,46
20211013121800,22565,22565,22565,22565,304
20211013121800,22565,22565,22565,22565,2
20211013121800,22565,22565,22565,22565,1
20211013121801,22565,22565,22565,22565,1
20211013121801,22565,22565,22565,22565,1
20211013121801,22565,22565,22565,22565,262
20211013121802,22565,22565,22565,22565,2
20211013121802,22560,22560,22560,22560,1
20211013121802,22560,22560,22560,22560,1
20211013121802,22565,22565,22565,22565,1
20211013121803,22565,22565,22565,22565,1
20211013121803,22565,22565,22565,22565,1
20211013121803,22565,22565,22565,22565,1
20211013121803,22560,22560,22560,22560,224
20211013121804,22565,22565,22565,22565,1
20211013121807,22560,22560,22560,22560,524
20211013121807,22560,22560,22560,22560,1
20211013121808,22560,22560,22560,22560,4
20211013121810,22565,22565,22565,22565,1
20211013121810,22565,22565,22565,22565,467
20211013121810,22570,22570,22570,22570,1128
20211013121810,22565,22565,22565,22565,20
20211013121811,22570,22570,22570,22570,10
20211013121815,22570,22570,22570,22570,5
20211013121815,22565,22565,22565,22565,1
20211013121816,22570,22570,22570,22570,500
20211013121817,22570,22570,22570,22570,41
20211013121817,22575,22575,22575,22575,1
20211013121817,22575,22575,22575,22575,1
20211013121817,22575,22575,22575,22575,9345
20211013121817,22570,22570,22570,22570,1
20211013121818,22570,22570,22570,22570,1
20211013121819,22570,22570,22570,22570,100
20211013121821,22575,22575,22575,22575,1
20211013121821,22575,22575,22575,22575,454
20211013121823,22580,22580,22580,22580,1
20211013121824,22580,22580,22580,22580,1
20211013121825,22580,22580,22580,22580,1
20211013121825,22580,22580,22580,22580,1
20211013121825,22580,22580,22580,22580,1
20211013121826,22580,22580,22580,22580,1
20211013121826,22580,22580,22580,22580,1
20211013121826,22580,22580,22580,22580,1
20211013121826,22580,22580,22580,22580,1
20211013121826,22580,22580,22580,22580,5297
20211013121827,22580,22580,22580,22580,1
20211013121827,22580,22580,22580,22580,299
20211013121827,22580,22580,22580,22580,299
20211013121827,22580,22580,22580,22580,1
20211013121828,22580,22580,22580,22580,1
20211013121828,22580,22580,22580,22580,1
20211013121828,22580,22580,22580,22580,30
20211013121828,22580,22580,22580,22580,1
20211013121829,22580,22580,22580,22580,1
20211013121830,22580,22580,22580,22580,1
20211013121830,22580,22580,22580,22580,1
20211013121830,22580,22580,22580,22580,1
20211013121831,22580,22580,22580,22580,1
20211013121831,22580,22580,22580,22580,1
20211013121831,22580,22580,22580,22580,1
20211013121832,22580,22580,22580,22580,1
20211013121832,22580,22580,22580,22580,30
20211013121832,22580,22580,22580,22580,1
20211013121832,22580,22580,22580,22580,1
20211013121833,22580,22580,22580,22580,1
20211013121833,22575,22575,22575,22575,1
20211013121833,22575,22575,22575,22575,1276
20211013121833,22580,22580,22580,22580,1
20211013121833,22580,22580,22580,22580,11
20211013121834,22580,22580,22580,22580,1
20211013121834,22580,22580,22580,22580,1
20211013121835,22575,22575,22575,22575,1
20211013121835,22570,22570,22570,22570,66
20211013121836,22580,22580,22580,22580,30
20211013121836,22575,22575,22575,22575,700
20211013121838,22580,22580,22580,22580,1
20211013121838,22580,22580,22580,22580,1
20211013121838,22580,22580,22580,22580,3854
20211013121838,22580,22580,22580,22580,35
20211013121838,22580,22580,22580,22580,2022
20211013121838,22580,22580,22580,22580,500
20211013121838,22585,22585,22585,22585,300
20211013121839,22580,22580,22580,22580,5
20211013121839,22580,22580,22580,22580,3
20211013121840,22585,22585,22585,22585,30
20211013121840,22585,22585,22585,22585,1723
20211013121841,22580,22580,22580,22580,550
20211013121841,22585,22585,22585,22585,500
20211013121842,22590,22590,22590,22590,100
20211013121844,22580,22580,22580,22580,1
20211013121844,22580,22580,22580,22580,14
20211013121844,22580,22580,22580,22580,1
20211013121846,22580,22580,22580,22580,5
20211013121846,22580,22580,22580,22580,211
20211013121847,22580,22580,22580,22580,30
20211013121847,22580,22580,22580,22580,899
20211013121849,22580,22580,22580,22580,15
20211013121850,22585,22585,22585,22585,100
20211013121850,22580,22580,22580,22580,30
20211013121851,22580,22580,22580,22580,296
20211013121853,22585,22585,22585,22585,200
20211013121854,22580,22580,22580,22580,1
20211013121854,22580,22580,22580,22580,964
20211013121854,22580,22580,22580,22580,1
20211013121854,22580,22580,22580,22580,1
20211013121854,22580,22580,22580,22580,1
20211013121855,22580,22580,22580,22580,1
20211013121855,22580,22580,22580,22580,5
20211013121855,22580,22580,22580,22580,1
20211013121855,22580,22580,22580,22580,104
20211013121856,22580,22580,22580,22580,30
20211013121858,22575,22575,22575,22575,140
20211013121900,22580,22580,22580,22580,44
20211013121901,22575,22575,22575,22575,3084
20211013121901,22575,22575,22575,22575,1
20211013121902,22570,22570,22570,22570,1
20211013121902,22575,22575,22575,22575,1
20211013121902,22575,22575,22575,22575,3101
20211013121902,22575,22575,22575,22575,1
20211013121903,22575,22575,22575,22575,1
20211013121903,22570,22570,22570,22570,105
20211013121903,22570,22570,22570,22570,1
20211013121903,22570,22570,22570,22570,500
20211013121903,22570,22570,22570,22570,1
20211013121905,22570,22570,22570,22570,5
20211013121906,22575,22575,22575,22575,5
20211013121906,22570,22570,22570,22570,2
20211013121907,22570,22570,22570,22570,1
20211013121907,22570,22570,22570,22570,1
20211013121907,22570,22570,22570,22570,1
20211013121908,22570,22570,22570,22570,1
20211013121908,22565,22565,22565,22565,5
20211013121909,22570,22570,22570,22570,1
20211013121909,22570,22570,22570,22570,29
20211013121910,22570,22570,22570,22570,1
20211013121910,22575,22575,22575,22575,500
20211013121911,22570,22570,22570,22570,4
20211013121911,22570,22570,22570,22570,1
20211013121912,22575,22575,22575,22575,30
20211013121913,22570,22570,22570,22570,7
20211013121914,22570,22570,22570,22570,1
20211013121914,22570,22570,22570,22570,1
20211013121914,22570,22570,22570,22570,1
20211013121915,22570,22570,22570,22570,1
20211013121915,22570,22570,22570,22570,5
20211013121915,22570,22570,22570,22570,1
20211013121915,22570,22570,22570,22570,1
20211013121916,22570,22570,22570,22570,1
20211013121916,22570,22570,22570,22570,1
20211013121916,22565,22565,22565,22565,461
20211013121916,22570,22570,22570,22570,14
20211013121919,22565,22565,22565,22565,38
20211013121919,22560,22560,22560,22560,1
20211013121919,22565,22565,22565,22565,1
20211013121919,22565,22565,22565,22565,1
20211013121920,22565,22565,22565,22565,1
20211013121920,22565,22565,22565,22565,5
20211013121920,22565,22565,22565,22565,1
20211013121920,22565,22565,22565,22565,1
20211013121921,22565,22565,22565,22565,1
20211013121923,22565,22565,22565,22565,5
20211013121924,22565,22565,22565,22565,10
20211013121924,22565,22565,22565,22565,1
20211013121925,22565,22565,22565,22565,1
20211013121926,22560,22560,22560,22560,30
20211013121927,22565,22565,22565,22565,1
20211013121927,22560,22560,22560,22560,1
20211013121928,22570,22570,22570,22570,1019
20211013121931,22570,22570,22570,22570,1281
20211013121933,22570,22570,22570,22570,265
20211013121933,22570,22570,22570,22570,30
20211013121934,22565,22565,22565,22565,52
20211013121934,22565,22565,22565,22565,10
20211013121935,22565,22565,22565,22565,10
20211013121939,22565,22565,22565,22565,37
20211013121939,22565,22565,22565,22565,1
20211013121940,22565,22565,22565,22565,30
20211013121940,22560,22560,22560,22560,1
20211013121940,22565,22565,22565,22565,1
20211013121941,22565,22565,22565,22565,14
20211013121942,22560,22560,22560,22560,344
20211013121942,22565,22565,22565,22565,30
20211013121944,22570,22570,22570,22570,1
20211013121944,22570,22570,22570,22570,1
20211013121944,22570,22570,22570,22570,218
20211013121944,22570,22570,22570,22570,218
20211013121945,22565,22565,22565,22565,8
20211013121946,22570,22570,22570,22570,30
20211013121946,22565,22565,22565,22565,92
20211013121947,22565,22565,22565,22565,501
20211013121948,22560,22560,22560,22560,300
20211013121950,22570,22570,22570,22570,500
20211013121950,22565,22565,22565,22565,60
20211013121951,22560,22560,22560,22560,1
20211013121952,22565,22565,22565,22565,1
20211013121952,22560,22560,22560,22560,1
20211013121952,22560,22560,22560,22560,1
20211013121952,22560,22560,22560,22560,1
20211013121952,22565,22565,22565,22565,1
20211013121953,22560,22560,22560,22560,28
20211013121953,22565,22565,22565,22565,30
20211013121954,22565,22565,22565,22565,403
20211013121955,22560,22560,22560,22560,28
20211013121956,22570,22570,22570,22570,7625
20211013121957,22570,22570,22570,22570,1
20211013121959,22565,22565,22565,22565,129
20211013122002,22575,22575,22575,22575,92
20211013122002,22575,22575,22575,22575,1
20211013122002,22575,22575,22575,22575,863
20211013122002,22575,22575,22575,22575,6
20211013122002,22570,22570,22570,22570,10
20211013122004,22575,22575,22575,22575,1
20211013122006,22580,22580,22580,22580,1
20211013122006,22580,22580,22580,22580,8651
20211013122006,22580,22580,22580,22580,1
20211013122006,22580,22580,22580,22580,1
20211013122006,22580,22580,22580,22580,1
20211013122006,22580,22580,22580,22580,360
20211013122007,22580,22580,22580,22580,1
20211013122007,22580,22580,22580,22580,1
20211013122008,22580,22580,22580,22580,1
20211013122008,22585,22585,22585,22585,926
20211013122010,22585,22585,22585,22585,1
20211013122010,22580,22580,22580,22580,1
20211013122010,22585,22585,22585,22585,22
20211013122010,22580,22580,22580,22580,1
20211013122010,22585,22585,22585,22585,1
20211013122010,22580,22580,22580,22580,503
20211013122010,22585,22585,22585,22585,1
20211013122011,22585,22585,22585,22585,1579
20211013122012,22585,22585,22585,22585,11
20211013122012,22580,22580,22580,22580,169
20211013122013,22590,22590,22590,22590,1
20211013122013,22590,22590,22590,22590,1
20211013122013,22585,22585,22585,22585,1
20211013122013,22585,22585,22585,22585,2
20211013122014,22590,22590,22590,22590,1
20211013122014,22590,22590,22590,22590,7790
20211013122014,22590,22590,22590,22590,5
20211013122014,22595,22595,22595,22595,1
20211013122014,22595,22595,22595,22595,1
20211013122014,22595,22595,22595,22595,1
20211013122014,22590,22590,22590,22590,1
20211013122014,22590,22590,22590,22590,1
20211013122014,22590,22590,22590,22590,1
20211013122014,22590,22590,22590,22590,1
20211013122015,22590,22590,22590,22590,1
20211013122015,22590,22590,22590,22590,1
20211013122016,22590,22590,22590,22590,1
20211013122017,22590,22590,22590,22590,100
20211013122018,22590,22590,22590,22590,442
20211013122018,22585,22585,22585,22585,1
20211013122018,22585,22585,22585,22585,1
20211013122018,22590,22590,22590,22590,1
20211013122019,22585,22585,22585,22585,1
20211013122019,22590,22590,22590,22590,22
20211013122020,22585,22585,22585,22585,1
20211013122020,22585,22585,22585,22585,2
20211013122022,22585,22585,22585,22585,4
20211013122023,22585,22585,22585,22585,3
20211013122023,22585,22585,22585,22585,1
20211013122025,22590,22590,22590,22590,1
20211013122026,22585,22585,22585,22585,1
20211013122026,22590,22590,22590,22590,10
20211013122027,22590,22590,22590,22590,442
20211013122027,22590,22590,22590,22590,88
20211013122027,22585,22585,22585,22585,1
20211013122029,22585,22585,22585,22585,200
20211013122030,22585,22585,22585,22585,1
20211013122031,22585,22585,22585,22585,505
20211013122032,22590,22590,22590,22590,1
20211013122033,22595,22595,22595,22595,1
20211013122033,22595,22595,22595,22595,1
20211013122035,22585,22585,22585,22585,500
20211013122036,22595,22595,22595,22595,1
20211013122038,22585,22585,22585,22585,517
20211013122042,22585,22585,22585,22585,1
20211013122043,22590,22590,22590,22590,382
20211013122046,22585,22585,22585,22585,1
20211013122046,22585,22585,22585,22585,20
20211013122047,22590,22590,22590,22590,886
20211013122047,22585,22585,22585,22585,90
20211013122050,22585,22585,22585,22585,1
20211013122050,22585,22585,22585,22585,1
20211013122050,22585,22585,22585,22585,5
20211013122050,22585,22585,22585,22585,1
20211013122050,22585,22585,22585,22585,5
20211013122050,22590,22590,22590,22590,7
20211013122054,22590,22590,22590,22590,215
20211013122054,22590,22590,22590,22590,50
20211013122056,22585,22585,22585,22585,1
20211013122056,22585,22585,22585,22585,5
20211013122058,22590,22590,22590,22590,11
20211013122100,22585,22585,22585,22585,5
20211013122102,22590,22590,22590,22590,1905
20211013122102,22595,22595,22595,22595,1
20211013122102,22590,22590,22590,22590,1
20211013122103,22590,22590,22590,22590,1882
20211013122104,22595,22595,22595,22595,4726
20211013122104,22590,22590,22590,22590,56
20211013122105,22595,22595,22595,22595,895
20211013122106,22600,22600,22600,22600,1
20211013122106,22595,22595,22595,22595,1
20211013122106,22595,22595,22595,22595,1
20211013122106,22600,22600,22600,22600,1
20211013122106,22595,22595,22595,22595,1
20211013122107,22600,22600,22600,22600,5000
20211013122107,22600,22600,22600,22600,1
20211013122108,22595,22595,22595,22595,100
20211013122109,22600,22600,22600,22600,300
20211013122109,22600,22600,22600,22600,1
20211013122109,22595,22595,22595,22595,1
20211013122109,22600,22600,22600,22600,1
20211013122109,22600,22600,22600,22600,1
20211013122109,22600,22600,22600,22600,1
20211013122110,22595,22595,22595,22595,5
20211013122110,22600,22600,22600,22600,1
20211013122110,22600,22600,22600,22600,1
20211013122110,22600,22600,22600,22600,1
20211013122111,22595,22595,22595,22595,1
20211013122111,22600,22600,22600,22600,1
20211013122111,22600,22600,22600,22600,243
20211013122111,22600,22600,22600,22600,1
20211013122112,22600,22600,22600,22600,1
20211013122112,22600,22600,22600,22600,100
20211013122113,22600,22600,22600,22600,1
20211013122113,22600,22600,22600,22600,1
20211013122113,22600,22600,22600,22600,1
20211013122113,22595,22595,22595,22595,1
20211013122113,22595,22595,22595,22595,1
20211013122113,22595,22595,22595,22595,1
20211013122113,22595,22595,22595,22595,1
20211013122113,22600,22600,22600,22600,1
20211013122113,22595,22595,22595,22595,1
20211013122114,22595,22595,22595,22595,129
20211013122114,22600,22600,22600,22600,1
20211013122114,22600,22600,22600,22600,1
20211013122115,22595,22595,22595,22595,1
20211013122116,22595,22595,22595,22595,3
20211013122116,22600,22600,22600,22600,50
20211013122116,22595,22595,22595,22595,1
20211013122116,22590,22590,22590,22590,1
20211013122117,22590,22590,22590,22590,15
20211013122117,22590,22590,22590,22590,2158
20211013122117,22590,22590,22590,22590,1
20211013122117,22595,22595,22595,22595,1000
20211013122117,22595,22595,22595,22595,1
20211013122118,22590,22590,22590,22590,2
20211013122118,22590,22590,22590,22590,11
20211013122119,22590,22590,22590,22590,1
20211013122119,22590,22590,22590,22590,1
20211013122119,22590,22590,22590,22590,1
20211013122120,22595,22595,22595,22595,467
20211013122120,22590,22590,22590,22590,1
20211013122120,22590,22590,22590,22590,1
20211013122120,22590,22590,22590,22590,1
20211013122121,22590,22590,22590,22590,1
20211013122121,22590,22590,22590,22590,1
20211013122121,22590,22590,22590,22590,1
20211013122122,22590,22590,22590,22590,1
20211013122122,22590,22590,22590,22590,1
20211013122122,22590,22590,22590,22590,1
20211013122123,22590,22590,22590,22590,4
20211013122123,22590,22590,22590,22590,1
20211013122123,22590,22590,22590,22590,1
20211013122123,22590,22590,22590,22590,1
20211013122124,22590,22590,22590,22590,1
20211013122124,22590,22590,22590,22590,1
20211013122125,22590,22590,22590,22590,1
20211013122125,22590,22590,22590,22590,1
20211013122125,22590,22590,22590,22590,1
20211013122125,22590,22590,22590,22590,6396
20211013122125,22590,22590,22590,22590,1
20211013122125,22590,22590,22590,22590,1
20211013122126,22590,22590,22590,22590,1
20211013122126,22590,22590,22590,22590,1
20211013122126,22590,22590,22590,22590,1
20211013122127,22590,22590,22590,22590,1
20211013122127,22590,22590,22590,22590,50
20211013122127,22590,22590,22590,22590,1
20211013122128,22590,22590,22590,22590,100
20211013122128,22590,22590,22590,22590,1
20211013122128,22590,22590,22590,22590,1298
20211013122129,22595,22595,22595,22595,1
20211013122130,22590,22590,22590,22590,46
20211013122131,22595,22595,22595,22595,50
20211013122132,22590,22590,22590,22590,5
20211013122134,22595,22595,22595,22595,346
20211013122135,22595,22595,22595,22595,50
20211013122135,22600,22600,22600,22600,1
20211013122135,22595,22595,22595,22595,1
20211013122135,22595,22595,22595,22595,1
20211013122139,22600,22600,22600,22600,1
20211013122139,22600,22600,22600,22600,1
20211013122140,22595,22595,22595,22595,1
20211013122140,22595,22595,22595,22595,90
20211013122140,22600,22600,22600,22600,1
20211013122140,22600,22600,22600,22600,1
20211013122140,22600,22600,22600,22600,1
20211013122141,22600,22600,22600,22600,1
20211013122141,22600,22600,22600,22600,1
20211013122142,22600,22600,22600,22600,1
20211013122142,22600,22600,22600,22600,15496
20211013122142,22600,22600,22600,22600,1
20211013122143,22600,22600,22600,22600,1
20211013122143,22605,22605,22605,22605,1
20211013122143,22600,22600,22600,22600,1
20211013122143,22600,22600,22600,22600,1
20211013122143,22600,22600,22600,22600,1
20211013122143,22600,22600,22600,22600,18
20211013122144,22600,22600,22600,22600,1
20211013122144,22600,22600,22600,22600,1
20211013122144,22600,22600,22600,22600,3
20211013122144,22600,22600,22600,22600,3
20211013122144,22600,22600,22600,22600,1
20211013122145,22600,22600,22600,22600,1
20211013122146,22605,22605,22605,22605,100
20211013122146,22600,22600,22600,22600,5
20211013122146,22605,22605,22605,22605,3722
20211013122147,22605,22605,22605,22605,419
20211013122147,22605,22605,22605,22605,100
20211013122148,22605,22605,22605,22605,1657
20211013122149,22605,22605,22605,22605,5
20211013122150,22605,22605,22605,22605,11
20211013122151,22610,22610,22610,22610,1
20211013122151,22610,22610,22610,22610,1
20211013122151,22610,22610,22610,22610,4200
20211013122151,22610,22610,22610,22610,100
20211013122151,22610,22610,22610,22610,500
20211013122151,22610,22610,22610,22610,8215
20211013122152,22615,22615,22615,22615,1
20211013122152,22615,22615,22615,22615,1
20211013122152,22615,22615,22615,22615,8200
20211013122152,22615,22615,22615,22615,869
20211013122152,22615,22615,22615,22615,3900
20211013122152,22615,22615,22615,22615,1570
20211013122153,22620,22620,22620,22620,2085
20211013122153,22620,22620,22620,22620,1
20211013122153,22620,22620,22620,22620,2085
20211013122153,22620,22620,22620,22620,2085
20211013122153,22620,22620,22620,22620,8495
20211013122153,22620,22620,22620,22620,2630
20211013122153,22620,22620,22620,22620,2741
20211013122153,22620,22620,22620,22620,500
20211013122153,22620,22620,22620,22620,500
20211013122153,22620,22620,22620,22620,2061
20211013122153,22620,22620,22620,22620,180
20211013122153,22620,22620,22620,22620,8000
20211013122153,22620,22620,22620,22620,2554
20211013122153,22615,22615,22615,22615,1
20211013122153,22620,22620,22620,22620,5446
20211013122153,22620,22620,22620,22620,268
20211013122153,22620,22620,22620,22620,1
20211013122153,22620,22620,22620,22620,1
20211013122154,22620,22620,22620,22620,1
20211013122154,22620,22620,22620,22620,2083
20211013122154,22615,22615,22615,22615,100
20211013122154,22620,22620,22620,22620,1
20211013122154,22620,22620,22620,22620,4339
20211013122154,22620,22620,22620,22620,161
20211013122155,22620,22620,22620,22620,2086
20211013122155,22620,22620,22620,22620,6000
20211013122156,22620,22620,22620,22620,1
20211013122156,22625,22625,22625,22625,1
20211013122156,22620,22620,22620,22620,5
20211013122156,22625,22625,22625,22625,1
20211013122157,22625,22625,22625,22625,1
20211013122157,22620,22620,22620,22620,500
20211013122157,22625,22625,22625,22625,300
20211013122157,22625,22625,22625,22625,1
20211013122157,22625,22625,22625,22625,50
20211013122158,22625,22625,22625,22625,1
20211013122158,22625,22625,22625,22625,1
20211013122159,22625,22625,22625,22625,1
20211013122159,22625,22625,22625,22625,1
20211013122159,22625,22625,22625,22625,1
20211013122159,22625,22625,22625,22625,1
20211013122159,22625,22625,22625,22625,27185
20211013122159,22625,22625,22625,22625,8566
20211013122159,22630,22630,22630,22630,1
20211013122159,22630,22630,22630,22630,1
20211013122159,22625,22625,22625,22625,1
20211013122200,22625,22625,22625,22625,4
20211013122200,22625,22625,22625,22625,1
20211013122200,22625,22625,22625,22625,4
20211013122200,22630,22630,22630,22630,596
20211013122200,22620,22620,22620,22620,100
20211013122200,22620,22620,22620,22620,1
20211013122200,22620,22620,22620,22620,1
20211013122200,22620,22620,22620,22620,200
20211013122201,22625,22625,22625,22625,11
20211013122201,22620,22620,22620,22620,1
20211013122201,22620,22620,22620,22620,1
20211013122201,22620,22620,22620,22620,1
20211013122201,22620,22620,22620,22620,1
20211013122201,22620,22620,22620,22620,1
20211013122201,22625,22625,22625,22625,1
20211013122201,22625,22625,22625,22625,500
20211013122201,22625,22625,22625,22625,1
20211013122201,22620,22620,22620,22620,199
20211013122202,22625,22625,22625,22625,1
20211013122203,22625,22625,22625,22625,1
20211013122203,22620,22620,22620,22620,1
20211013122203,22620,22620,22620,22620,1
20211013122203,22620,22620,22620,22620,1
20211013122203,22625,22625,22625,22625,1
20211013122204,22625,22625,22625,22625,300
20211013122204,22620,22620,22620,22620,1
20211013122204,22625,22625,22625,22625,1
20211013122205,22625,22625,22625,22625,1
20211013122205,22625,22625,22625,22625,14
20211013122205,22630,22630,22630,22630,53
20211013122205,22625,22625,22625,22625,1
20211013122205,22625,22625,22625,22625,1
20211013122206,22625,22625,22625,22625,1
20211013122206,22625,22625,22625,22625,1
20211013122206,22620,22620,22620,22620,1
20211013122206,22620,22620,22620,22620,1
20211013122206,22620,22620,22620,22620,1
20211013122206,22625,22625,22625,22625,1
20211013122207,22625,22625,22625,22625,1
20211013122207,22625,22625,22625,22625,1
20211013122207,22625,22625,22625,22625,1
20211013122208,22625,22625,22625,22625,1
20211013122208,22625,22625,22625,22625,1
20211013122208,22625,22625,22625,22625,1
20211013122209,22625,22625,22625,22625,1
20211013122209,22620,22620,22620,22620,7301
20211013122209,22625,22625,22625,22625,1
20211013122209,22625,22625,22625,22625,200
20211013122209,22625,22625,22625,22625,1
20211013122210,22620,22620,22620,22620,1
20211013122210,22625,22625,22625,22625,11
20211013122210,22620,22620,22620,22620,1
20211013122210,22620,22620,22620,22620,101
20211013122211,22625,22625,22625,22625,100
20211013122212,22620,22620,22620,22620,52
20211013122212,22620,22620,22620,22620,1
20211013122213,22625,22625,22625,22625,46
20211013122213,22620,22620,22620,22620,10554
20211013122213,22620,22620,22620,22620,1
20211013122215,22620,22620,22620,22620,4
20211013122215,22620,22620,22620,22620,1
20211013122215,22620,22620,22620,22620,1
20211013122215,22620,22620,22620,22620,1
20211013122216,22620,22620,22620,22620,5
20211013122217,22620,22620,22620,22620,1
20211013122218,22620,22620,22620,22620,300
20211013122218,22620,22620,22620,22620,9756
20211013122218,22620,22620,22620,22620,1
20211013122219,22620,22620,22620,22620,1
20211013122219,22620,22620,22620,22620,1
20211013122220,22620,22620,22620,22620,1
20211013122220,22615,22615,22615,22615,25
20211013122220,22620,22620,22620,22620,4
20211013122220,22620,22620,22620,22620,7
20211013122220,22620,22620,22620,22620,1
20211013122220,22620,22620,22620,22620,15
20211013122221,22620,22620,22620,22620,2
20211013122221,22615,22615,22615,22615,8
20211013122222,22620,22620,22620,22620,1336
20211013122223,22620,22620,22620,22620,100
20211013122223,22620,22620,22620,22620,80
20211013122224,22620,22620,22620,22620,232
20211013122224,22625,22625,22625,22625,500
20211013122225,22625,22625,22625,22625,2
20211013122234,22625,22625,22625,22625,7
20211013122235,22625,22625,22625,22625,80
20211013122235,22620,22620,22620,22620,17
20211013122235,22625,22625,22625,22625,1
20211013122237,22625,22625,22625,22625,7
20211013122238,22620,22620,22620,22620,1
20211013122239,22620,22620,22620,22620,1
20211013122239,22620,22620,22620,22620,1
20211013122239,22620,22620,22620,22620,1
20211013122239,22620,22620,22620,22620,227
20211013122239,22615,22615,22615,22615,1
20211013122240,22620,22620,22620,22620,36
20211013122242,22620,22620,22620,22620,1
20211013122243,22625,22625,22625,22625,1
20211013122245,22625,22625,22625,22625,1200
20211013122247,22625,22625,22625,22625,7
20211013122249,22625,22625,22625,22625,1619
20211013122250,22625,22625,22625,22625,50
20211013122250,22625,22625,22625,22625,100
20211013122251,22620,22620,22620,22620,108
20211013122251,22620,22620,22620,22620,220
20211013122251,22620,22620,22620,22620,220
20211013122251,22620,22620,22620,22620,133
20211013122253,22620,22620,22620,22620,10
20211013122253,22625,22625,22625,22625,520
20211013122256,22620,22620,22620,22620,1
20211013122256,22620,22620,22620,22620,200
20211013122256,22620,22620,22620,22620,1500
20211013122256,22620,22620,22620,22620,369
20211013122256,22620,22620,22620,22620,2000
20211013122256,22620,22620,22620,22620,3893
20211013122257,22620,22620,22620,22620,1
20211013122257,22620,22620,22620,22620,1
20211013122258,22620,22620,22620,22620,1
20211013122300,22620,22620,22620,22620,441
20211013122303,22620,22620,22620,22620,22
20211013122304,22620,22620,22620,22620,1
20211013122304,22620,22620,22620,22620,61
20211013122304,22620,22620,22620,22620,6
20211013122305,22620,22620,22620,22620,6
20211013122306,22620,22620,22620,22620,1
20211013122306,22625,22625,22625,22625,583
20211013122306,22625,22625,22625,22625,1
20211013122306,22630,22630,22630,22630,1
20211013122306,22625,22625,22625,22625,1
20211013122306,22630,22630,22630,22630,1
20211013122308,22625,22625,22625,22625,1
20211013122308,22625,22625,22625,22625,4156
20211013122311,22620,22620,22620,22620,1
20211013122311,22620,22620,22620,22620,1
20211013122311,22620,22620,22620,22620,3
20211013122312,22625,22625,22625,22625,20
20211013122313,22620,22620,22620,22620,1
20211013122313,22620,22620,22620,22620,3929
20211013122315,22620,22620,22620,22620,44
20211013122315,22620,22620,22620,22620,36
20211013122318,22620,22620,22620,22620,3
20211013122318,22620,22620,22620,22620,10
20211013122320,22620,22620,22620,22620,5
20211013122322,22620,22620,22620,22620,1
20211013122322,22620,22620,22620,22620,22
20211013122323,22615,22615,22615,22615,67
20211013122324,22620,22620,22620,22620,3
20211013122324,22615,22615,22615,22615,2
20211013122325,22620,22620,22620,22620,5
20211013122326,22620,22620,22620,22620,5
20211013122326,22620,22620,22620,22620,10
20211013122326,22620,22620,22620,22620,10
20211013122333,22615,22615,22615,22615,9668
20211013122334,22620,22620,22620,22620,100
20211013122335,22615,22615,22615,22615,50
20211013122336,22615,22615,22615,22615,2
20211013122338,22620,22620,22620,22620,1
20211013122338,22620,22620,22620,22620,1
20211013122338,22620,22620,22620,22620,2328
20211013122340,22620,22620,22620,22620,2305
20211013122342,22620,22620,22620,22620,50
20211013122342,22615,22615,22615,22615,5
20211013122343,22615,22615,22615,22615,15
20211013122343,22615,22615,22615,22615,1
20211013122343,22615,22615,22615,22615,1
20211013122344,22615,22615,22615,22615,50
20211013122344,22620,22620,22620,22620,100
20211013122345,22610,22610,22610,22610,242
20211013122346,22615,22615,22615,22615,165
20211013122347,22610,22610,22610,22610,10
20211013122347,22615,22615,22615,22615,10
20211013122347,22610,22610,22610,22610,2
20211013122347,22610,22610,22610,22610,1
20211013122347,22610,22610,22610,22610,1
20211013122349,22610,22610,22610,22610,44
20211013122350,22610,22610,22610,22610,500
20211013122351,22610,22610,22610,22610,1
20211013122351,22610,22610,22610,22610,10
20211013122359,22610,22610,22610,22610,10
20211013122359,22610,22610,22610,22610,1
20211013122400,22605,22605,22605,22605,885
20211013122402,22605,22605,22605,22605,100
20211013122405,22605,22605,22605,22605,50
20211013122408,22605,22605,22605,22605,19109
20211013122409,22605,22605,22605,22605,5
20211013122409,22600,22600,22600,22600,887
20211013122410,22605,22605,22605,22605,11
20211013122412,22605,22605,22605,22605,50
20211013122412,22605,22605,22605,22605,50
20211013122413,22605,22605,22605,22605,11
20211013122414,22605,22605,22605,22605,10
20211013122415,22605,22605,22605,22605,61
20211013122415,22605,22605,22605,22605,12
20211013122415,22605,22605,22605,22605,988
20211013122416,22600,22600,22600,22600,20
20211013122416,22605,22605,22605,22605,11
20211013122420,22605,22605,22605,22605,25
20211013122421,22610,22610,22610,22610,884
20211013122422,22605,22605,22605,22605,49
20211013122425,22605,22605,22605,22605,10
20211013122425,22605,22605,22605,22605,10
20211013122425,22605,22605,22605,22605,10
20211013122425,22605,22605,22605,22605,150
20211013122425,22600,22600,22600,22600,2009
20211013122429,22595,22595,22595,22595,200
20211013122430,22600,22600,22600,22600,5
20211013122430,22605,22605,22605,22605,1
20211013122430,22605,22605,22605,22605,1
20211013122430,22600,22600,22600,22600,100
20211013122432,22600,22600,22600,22600,31
20211013122433,22595,22595,22595,22595,1
20211013122435,22600,22600,22600,22600,1
20211013122439,22595,22595,22595,22595,500
20211013122442,22600,22600,22600,22600,1
20211013122444,22600,22600,22600,22600,1142
20211013122447,22600,22600,22600,22600,2
20211013122447,22600,22600,22600,22600,20
20211013122449,22595,22595,22595,22595,2
20211013122457,22595,22595,22595,22595,5
20211013122458,22595,22595,22595,22595,4247
20211013122458,22595,22595,22595,22595,221
20211013122501,22600,22600,22600,22600,1
20211013122501,22600,22600,22600,22600,1
20211013122501,22600,22600,22600,22600,1
20211013122501,22600,22600,22600,22600,1
20211013122501,22600,22600,22600,22600,6
20211013122501,22595,22595,22595,22595,5
20211013122504,22600,22600,22600,22600,1
20211013122504,22600,22600,22600,22600,5
20211013122505,22600,22600,22600,22600,801
20211013122509,22600,22600,22600,22600,11
20211013122509,22595,22595,22595,22595,1
20211013122509,22595,22595,22595,22595,1
20211013122509,22600,22600,22600,22600,1
20211013122510,22600,22600,22600,22600,1
20211013122511,22600,22600,22600,22600,1
20211013122512,22595,22595,22595,22595,1
20211013122516,22600,22600,22600,22600,4
20211013122516,22595,22595,22595,22595,98
20211013122516,22595,22595,22595,22595,102
20211013122518,22595,22595,22595,22595,2
20211013122518,22590,22590,22590,22590,1
20211013122518,22590,22590,22590,22590,1
20211013122518,22590,22590,22590,22590,442
20211013122519,22595,22595,22595,22595,1
20211013122519,22595,22595,22595,22595,1
20211013122520,22595,22595,22595,22595,2
20211013122520,22595,22595,22595,22595,1
20211013122521,22595,22595,22595,22595,1
20211013122521,22595,22595,22595,22595,1
20211013122521,22595,22595,22595,22595,1
20211013122521,22595,22595,22595,22595,1
20211013122522,22595,22595,22595,22595,1
20211013122523,22595,22595,22595,22595,1
20211013122523,22595,22595,22595,22595,1
20211013122523,22595,22595,22595,22595,1
20211013122523,22595,22595,22595,22595,1
20211013122524,22595,22595,22595,22595,1
20211013122524,22595,22595,22595,22595,95
20211013122524,22600,22600,22600,22600,10
20211013122526,22600,22600,22600,22600,997
20211013122527,22595,22595,22595,22595,1009
20211013122528,22600,22600,22600,22600,1
20211013122529,22595,22595,22595,22595,1
20211013122531,22600,22600,22600,22600,1
20211013122531,22595,22595,22595,22595,1
20211013122531,22590,22590,22590,22590,1
20211013122540,22590,22590,22590,22590,49
20211013122544,22600,22600,22600,22600,1
20211013122548,22600,22600,22600,22600,50
20211013122550,22595,22595,22595,22595,1
20211013122553,22595,22595,22595,22595,2
20211013122557,22595,22595,22595,22595,1
20211013122557,22595,22595,22595,22595,1
20211013122559,22590,22590,22590,22590,100
20211013122559,22595,22595,22595,22595,4
20211013122600,22595,22595,22595,22595,16
20211013122602,22595,22595,22595,22595,10
20211013122604,22595,22595,22595,22595,527
20211013122605,22590,22590,22590,22590,1
20211013122605,22590,22590,22590,22590,1
20211013122605,22595,22595,22595,22595,1
20211013122607,22595,22595,22595,22595,1
20211013122608,22595,22595,22595,22595,1
20211013122612,22595,22595,22595,22595,10
20211013122613,22595,22595,22595,22595,20
20211013122615,22590,22590,22590,22590,3
20211013122616,22590,22590,22590,22590,1
20211013122618,22590,22590,22590,22590,947
20211013122623,22595,22595,22595,22595,1
20211013122623,22595,22595,22595,22595,1
20211013122624,22595,22595,22595,22595,2085
20211013122624,22595,22595,22595,22595,1
20211013122624,22595,22595,22595,22595,9
20211013122624,22595,22595,22595,22595,1
20211013122625,22600,22600,22600,22600,1
20211013122625,22595,22595,22595,22595,1
20211013122625,22595,22595,22595,22595,1
20211013122626,22600,22600,22600,22600,7016
20211013122627,22600,22600,22600,22600,2156
20211013122628,22605,22605,22605,22605,1
20211013122630,22600,22600,22600,22600,436
20211013122630,22605,22605,22605,22605,1
20211013122630,22605,22605,22605,22605,1
20211013122633,22605,22605,22605,22605,2774
20211013122634,22600,22600,22600,22600,500
20211013122634,22605,22605,22605,22605,5
20211013122634,22605,22605,22605,22605,150
20211013122638,22605,22605,22605,22605,3
20211013122642,22610,22610,22610,22610,11
20211013122642,22605,22605,22605,22605,20
20211013122642,22605,22605,22605,22605,65
20211013122651,22600,22600,22600,22600,3
20211013122651,22595,22595,22595,22595,97
20211013122652,22600,22600,22600,22600,50
20211013122653,22600,22600,22600,22600,1
20211013122653,22600,22600,22600,22600,1
20211013122657,22600,22600,22600,22600,1
20211013122657,22600,22600,22600,22600,1
20211013122657,22600,22600,22600,22600,1
20211013122657,22595,22595,22595,22595,1
20211013122657,22600,22600,22600,22600,1
20211013122658,22600,22600,22600,22600,1
20211013122658,22600,22600,22600,22600,501
20211013122700,22605,22605,22605,22605,1000
20211013122707,22605,22605,22605,22605,5
20211013122708,22605,22605,22605,22605,46
20211013122709,22605,22605,22605,22605,1
20211013122709,22605,22605,22605,22605,30
20211013122709,22605,22605,22605,22605,500
20211013122710,22605,22605,22605,22605,80
20211013122711,22600,22600,22600,22600,500
20211013122716,22600,22600,22600,22600,1
20211013122716,22605,22605,22605,22605,10
20211013122719,22605,22605,22605,22605,10
20211013122721,22605,22605,22605,22605,10
20211013122722,22605,22605,22605,22605,10
20211013122723,22605,22605,22605,22605,10
20211013122725,22605,22605,22605,22605,1
20211013122726,22605,22605,22605,22605,10
20211013122726,22605,22605,22605,22605,1
20211013122726,22605,22605,22605,22605,80
20211013122726,22610,22610,22610,22610,1
20211013122727,22610,22610,22610,22610,14
20211013122728,22605,22605,22605,22605,1
20211013122731,22605,22605,22605,22605,1
20211013122733,22605,22605,22605,22605,30
20211013122736,22600,22600,22600,22600,1
20211013122736,22600,22600,22600,22600,1
20211013122738,22605,22605,22605,22605,5
20211013122741,22600,22600,22600,22600,3
20211013122742,22605,22605,22605,22605,1
20211013122742,22600,22600,22600,22600,1
20211013122742,22600,22600,22600,22600,1076
20211013122743,22605,22605,22605,22605,1
20211013122743,22600,22600,22600,22600,1
20211013122744,22600,22600,22600,22600,6
20211013122745,22595,22595,22595,22595,12
20211013122751,22605,22605,22605,22605,51
20211013122752,22610,22610,22610,22610,1
20211013122752,22610,22610,22610,22610,1
20211013122752,22610,22610,22610,22610,2559
20211013122753,22605,22605,22605,22605,1400
20211013122754,22610,22610,22610,22610,22
20211013122754,22610,22610,22610,22610,1
20211013122755,22610,22610,22610,22610,22
20211013122756,22610,22610,22610,22610,22
20211013122758,22610,22610,22610,22610,22
20211013122758,22610,22610,22610,22610,10
20211013122800,22610,22610,22610,22610,1
20211013122801,22610,22610,22610,22610,22
20211013122803,22610,22610,22610,22610,2
20211013122803,22610,22610,22610,22610,48
20211013122804,22610,22610,22610,22610,2
20211013122806,22615,22615,22615,22615,2410
20211013122806,22610,22610,22610,22610,22
20211013122807,22615,22615,22615,22615,1
20211013122807,22610,22610,22610,22610,98
20211013122807,22610,22610,22610,22610,1
20211013122808,22610,22610,22610,22610,1
20211013122809,22610,22610,22610,22610,1
20211013122809,22610,22610,22610,22610,1
20211013122810,22610,22610,22610,22610,1
20211013122810,22610,22610,22610,22610,40
20211013122811,22610,22610,22610,22610,30
20211013122811,22610,22610,22610,22610,1
20211013122811,22610,22610,22610,22610,1
20211013122811,22610,22610,22610,22610,1
20211013122812,22610,22610,22610,22610,1
20211013122812,22610,22610,22610,22610,1
20211013122812,22610,22610,22610,22610,1
20211013122813,22610,22610,22610,22610,1
20211013122813,22610,22610,22610,22610,1
20211013122813,22610,22610,22610,22610,1
20211013122814,22610,22610,22610,22610,1
20211013122814,22610,22610,22610,22610,1
20211013122814,22610,22610,22610,22610,1
20211013122814,22610,22610,22610,22610,1
20211013122815,22610,22610,22610,22610,1
20211013122815,22610,22610,22610,22610,1
20211013122815,22610,22610,22610,22610,100
20211013122816,22610,22610,22610,22610,1
20211013122816,22610,22610,22610,22610,1
20211013122816,22610,22610,22610,22610,1
20211013122817,22610,22610,22610,22610,1
20211013122817,22610,22610,22610,22610,1
20211013122817,22610,22610,22610,22610,1
20211013122818,22610,22610,22610,22610,1914
20211013122819,22610,22610,22610,22610,1
20211013122819,22610,22610,22610,22610,221
20211013122821,22610,22610,22610,22610,56
20211013122823,22610,22610,22610,22610,1
20211013122823,22610,22610,22610,22610,1065
20211013122825,22615,22615,22615,22615,114
20211013122825,22615,22615,22615,22615,25
20211013122827,22620,22620,22620,22620,10
20211013122828,22615,22615,22615,22615,1
20211013122828,22615,22615,22615,22615,24
20211013122828,22610,22610,22610,22610,10
20211013122830,22620,22620,22620,22620,1000
20211013122831,22615,22615,22615,22615,1
20211013122832,22615,22615,22615,22615,1
20211013122833,22615,22615,22615,22615,200
20211013122834,22615,22615,22615,22615,31
20211013122835,22615,22615,22615,22615,1
20211013122836,22615,22615,22615,22615,1
20211013122836,22615,22615,22615,22615,3
20211013122836,22615,22615,22615,22615,1
20211013122837,22615,22615,22615,22615,2
20211013122837,22615,22615,22615,22615,1
20211013122838,22615,22615,22615,22615,1
20211013122838,22615,22615,22615,22615,1
20211013122838,22615,22615,22615,22615,1
20211013122839,22610,22610,22610,22610,5712
20211013122839,22610,22610,22610,22610,1
20211013122839,22610,22610,22610,22610,1
20211013122840,22610,22610,22610,22610,1
20211013122840,22610,22610,22610,22610,1
20211013122841,22610,22610,22610,22610,1
20211013122847,22610,22610,22610,22610,25
20211013122849,22610,22610,22610,22610,330
20211013122851,22610,22610,22610,22610,2000
20211013122853,22605,22605,22605,22605,372
20211013122856,22605,22605,22605,22605,12
20211013122901,22605,22605,22605,22605,3
20211013122903,22605,22605,22605,22605,557
20211013122903,22605,22605,22605,22605,443
20211013122904,22605,22605,22605,22605,2000
20211013122905,22605,22605,22605,22605,950
20211013122906,22610,22610,22610,22610,1
20211013122907,22610,22610,22610,22610,707
20211013122909,22610,22610,22610,22610,5
20211013122911,22610,22610,22610,22610,1000
20211013122920,22615,22615,22615,22615,1
20211013122920,22615,22615,22615,22615,323
20211013122920,22615,22615,22615,22615,1
20211013122921,22620,22620,22620,22620,1
20211013122921,22620,22620,22620,22620,4900
20211013122922,22620,22620,22620,22620,400
20211013122924,22620,22620,22620,22620,100
20211013122926,22620,22620,22620,22620,713
20211013122926,22620,22620,22620,22620,1
20211013122927,22620,22620,22620,22620,1
20211013122927,22620,22620,22620,22620,1
20211013122927,22620,22620,22620,22620,1
20211013122927,22620,22620,22620,22620,500
20211013122929,22620,22620,22620,22620,110
20211013122929,22620,22620,22620,22620,27
20211013122929,22620,22620,22620,22620,1
20211013122929,22620,22620,22620,22620,761
20211013122930,22620,22620,22620,22620,1
20211013122930,22620,22620,22620,22620,12
20211013122930,22620,22620,22620,22620,1
20211013122930,22620,22620,22620,22620,499
20211013122930,22620,22620,22620,22620,1
20211013122931,22620,22620,22620,22620,1
20211013122932,22620,22620,22620,22620,2
20211013122932,22620,22620,22620,22620,1
20211013122932,22620,22620,22620,22620,1
20211013122933,22620,22620,22620,22620,1
20211013122933,22620,22620,22620,22620,1
20211013122933,22620,22620,22620,22620,1
20211013122934,22620,22620,22620,22620,1
20211013122934,22620,22620,22620,22620,1
20211013122934,22620,22620,22620,22620,1
20211013122935,22620,22620,22620,22620,1
20211013122935,22620,22620,22620,22620,1
20211013122936,22620,22620,22620,22620,1
20211013122936,22620,22620,22620,22620,1
20211013122936,22620,22620,22620,22620,4
20211013122937,22620,22620,22620,22620,1
20211013122937,22620,22620,22620,22620,1
20211013122937,22620,22620,22620,22620,1
20211013122938,22620,22620,22620,22620,1
20211013122938,22620,22620,22620,22620,1
20211013122938,22620,22620,22620,22620,1
20211013122939,22620,22620,22620,22620,1
20211013122939,22620,22620,22620,22620,1
20211013122939,22620,22620,22620,22620,903
20211013122940,22620,22620,22620,22620,4
20211013122942,22615,22615,22615,22615,20
20211013122943,22615,22615,22615,22615,1
20211013122943,22615,22615,22615,22615,220
20211013122943,22615,22615,22615,22615,1
20211013122943,22615,22615,22615,22615,1
20211013122944,22615,22615,22615,22615,1
20211013122946,22610,22610,22610,22610,800
20211013122947,22615,22615,22615,22615,11
20211013122947,22610,22610,22610,22610,20
20211013122950,22615,22615,22615,22615,11
20211013122954,22615,22615,22615,22615,3
20211013122956,22615,22615,22615,22615,14
20211013122957,22615,22615,22615,22615,20
20211013122957,22620,22620,22620,22620,23
20211013122958,22615,22615,22615,22615,11
20211013123002,22615,22615,22615,22615,11
20211013123002,22615,22615,22615,22615,6
20211013123002,22610,22610,22610,22610,1
20211013123002,22610,22610,22610,22610,1856
20211013123003,22610,22610,22610,22610,4
20211013123005,22610,22610,22610,22610,11
20211013123005,22605,22605,22605,22605,1
20211013123006,22610,22610,22610,22610,1
20211013123008,22610,22610,22610,22610,1
20211013123008,22610,22610,22610,22610,11
20211013123008,22610,22610,22610,22610,6377
20211013123011,22610,22610,22610,22610,11
20211013123013,22610,22610,22610,22610,1
20211013123014,22610,22610,22610,22610,4
20211013123014,22610,22610,22610,22610,11
20211013123014,22610,22610,22610,22610,5
20211013123017,22610,22610,22610,22610,11
20211013123019,22605,22605,22605,22605,499
20211013123019,22610,22610,22610,22610,200
20211013123020,22610,22610,22610,22610,50
20211013123020,22610,22610,22610,22610,11
20211013123022,22600,22600,22600,22600,11235
20211013123023,22595,22595,22595,22595,1
20211013123024,22600,22600,22600,22600,1
20211013123024,22600,22600,22600,22600,11
20211013123025,22595,22595,22595,22595,1
20211013123025,22600,22600,22600,22600,1
20211013123025,22595,22595,22595,22595,2342
20211013123025,22600,22600,22600,22600,1
20211013123025,22600,22600,22600,22600,1
20211013123026,22595,22595,22595,22595,1
20211013123026,22595,22595,22595,22595,1
20211013123027,22600,22600,22600,22600,11
20211013123027,22595,22595,22595,22595,3
20211013123027,22595,22595,22595,22595,1
20211013123028,22595,22595,22595,22595,2
20211013123028,22595,22595,22595,22595,1
20211013123029,22600,22600,22600,22600,1
20211013123031,22600,22600,22600,22600,1
20211013123031,22600,22600,22600,22600,1
20211013123031,22600,22600,22600,22600,1
20211013123031,22600,22600,22600,22600,1
20211013123033,22595,22595,22595,22595,1
20211013123034,22600,22600,22600,22600,11
20211013123034,22595,22595,22595,22595,141
20211013123036,22600,22600,22600,22600,1
20211013123037,22595,22595,22595,22595,928
20211013123038,22595,22595,22595,22595,1
20211013123038,22595,22595,22595,22595,11
20211013123038,22595,22595,22595,22595,1
20211013123038,22595,22595,22595,22595,1
20211013123039,22595,22595,22595,22595,1
20211013123039,22595,22595,22595,22595,1
20211013123039,22595,22595,22595,22595,1
20211013123040,22595,22595,22595,22595,1
20211013123040,22595,22595,22595,22595,1
20211013123040,22595,22595,22595,22595,1
20211013123041,22595,22595,22595,22595,1
20211013123041,22590,22590,22590,22590,1
20211013123041,22590,22590,22590,22590,21204
20211013123041,22595,22595,22595,22595,1
20211013123041,22595,22595,22595,22595,11
20211013123041,22590,22590,22590,22590,1
20211013123042,22590,22590,22590,22590,1
20211013123042,22590,22590,22590,22590,1
20211013123043,22595,22595,22595,22595,1
20211013123043,22590,22590,22590,22590,101
20211013123044,22590,22590,22590,22590,1
20211013123044,22590,22590,22590,22590,1
20211013123044,22590,22590,22590,22590,11
20211013123044,22590,22590,22590,22590,1
20211013123045,22590,22590,22590,22590,1
20211013123045,22590,22590,22590,22590,1
20211013123045,22590,22590,22590,22590,1
20211013123046,22585,22585,22585,22585,46
20211013123046,22590,22590,22590,22590,1
20211013123046,22585,22585,22585,22585,1048
20211013123046,22590,22590,22590,22590,211
20211013123047,22590,22590,22590,22590,514
20211013123048,22590,22590,22590,22590,1
20211013123049,22590,22590,22590,22590,887
20211013123049,22590,22590,22590,22590,1
20211013123049,22590,22590,22590,22590,1
20211013123049,22590,22590,22590,22590,1
20211013123051,22595,22595,22595,22595,662
20211013123052,22600,22600,22600,22600,1
20211013123052,22595,22595,22595,22595,1
20211013123055,22595,22595,22595,22595,11
20211013123055,22595,22595,22595,22595,656
20211013123055,22595,22595,22595,22595,656
20211013123055,22595,22595,22595,22595,656
20211013123055,22595,22595,22595,22595,656
20211013123055,22595,22595,22595,22595,656
20211013123055,22595,22595,22595,22595,656
20211013123055,22595,22595,22595,22595,53
20211013123055,22595,22595,22595,22595,4000
20211013123056,22600,22600,22600,22600,1
20211013123058,22595,22595,22595,22595,30
20211013123058,22595,22595,22595,22595,170
20211013123102,22600,22600,22600,22600,6750
20211013123103,22595,22595,22595,22595,125
20211013123105,22600,22600,22600,22600,10
20211013123106,22595,22595,22595,22595,1
20211013123107,22595,22595,22595,22595,1
20211013123113,22595,22595,22595,22595,20
20211013123114,22595,22595,22595,22595,200
20211013123115,22600,22600,22600,22600,551
20211013123120,22600,22600,22600,22600,100
20211013123123,22595,22595,22595,22595,1
20211013123125,22600,22600,22600,22600,1
20211013123129,22595,22595,22595,22595,150
20211013123132,22595,22595,22595,22595,100
20211013123132,22595,22595,22595,22595,86
20211013123134,22595,22595,22595,22595,15
20211013123136,22595,22595,22595,22595,5
20211013123138,22595,22595,22595,22595,116
20211013123143,22595,22595,22595,22595,23
20211013123145,22595,22595,22595,22595,10
20211013123146,22595,22595,22595,22595,15
20211013123146,22600,22600,22600,22600,1
20211013123150,22600,22600,22600,22600,455
20211013123150,22605,22605,22605,22605,1
20211013123151,22600,22600,22600,22600,15
20211013123152,22600,22600,22600,22600,50
20211013123156,22600,22600,22600,22600,1
20211013123156,22595,22595,22595,22595,1
20211013123156,22595,22595,22595,22595,1
20211013123156,22600,22600,22600,22600,1
20211013123156,22595,22595,22595,22595,1
20211013123156,22595,22595,22595,22595,560
20211013123201,22595,22595,22595,22595,1
20211013123202,22595,22595,22595,22595,4
20211013123202,22595,22595,22595,22595,10
20211013123203,22590,22590,22590,22590,1
20211013123203,22590,22590,22590,22590,1
20211013123203,22590,22590,22590,22590,1
20211013123203,22590,22590,22590,22590,1780
20211013123203,22590,22590,22590,22590,376
20211013123207,22590,22590,22590,22590,10
20211013123210,22590,22590,22590,22590,1
20211013123210,22595,22595,22595,22595,1
20211013123210,22590,22590,22590,22590,1
20211013123212,22590,22590,22590,22590,2157
20211013123213,22590,22590,22590,22590,298
20211013123214,22595,22595,22595,22595,1
20211013123215,22590,22590,22590,22590,10
20211013123217,22585,22585,22585,22585,1664
20211013123219,22580,22580,22580,22580,1
20211013123222,22595,22595,22595,22595,2
20211013123223,22585,22585,22585,22585,10
20211013123224,22590,22590,22590,22590,1
20211013123230,22590,22590,22590,22590,1
20211013123233,22585,22585,22585,22585,1
20211013123235,22590,22590,22590,22590,10
20211013123235,22585,22585,22585,22585,1
20211013123235,22585,22585,22585,22585,1
20211013123235,22585,22585,22585,22585,41
20211013123243,22590,22590,22590,22590,10
20211013123243,22585,22585,22585,22585,56
20211013123253,22590,22590,22590,22590,1
20211013123253,22590,22590,22590,22590,299
20211013123255,22595,22595,22595,22595,1004
20211013123256,22595,22595,22595,22595,500
20211013123258,22595,22595,22595,22595,20
20211013123258,22590,22590,22590,22590,1165
20211013123258,22595,22595,22595,22595,159
20211013123258,22590,22590,22590,22590,10
20211013123259,22590,22590,22590,22590,2
20211013123306,22595,22595,22595,22595,2
20211013123306,22595,22595,22595,22595,18
20211013123310,22595,22595,22595,22595,54
20211013123310,22595,22595,22595,22595,10
20211013123310,22590,22590,22590,22590,381
20211013123311,22590,22590,22590,22590,29
20211013123313,22590,22590,22590,22590,1
20211013123314,22585,22585,22585,22585,1
20211013123314,22585,22585,22585,22585,117
20211013123319,22590,22590,22590,22590,1
20211013123323,22585,22585,22585,22585,1
20211013123323,22585,22585,22585,22585,1
20211013123323,22585,22585,22585,22585,99
20211013123325,22590,22590,22590,22590,1
20211013123325,22590,22590,22590,22590,2
20211013123329,22590,22590,22590,22590,1
20211013123329,22585,22585,22585,22585,1
20211013123329,22585,22585,22585,22585,555
20211013123330,22585,22585,22585,22585,3
20211013123333,22585,22585,22585,22585,1
20211013123333,22580,22580,22580,22580,575
20211013123337,22585,22585,22585,22585,1
20211013123339,22585,22585,22585,22585,1
20211013123341,22580,22580,22580,22580,20
20211013123341,22580,22580,22580,22580,1
20211013123343,22580,22580,22580,22580,200
20211013123344,22580,22580,22580,22580,1
20211013123344,22575,22575,22575,22575,1
20211013123344,22575,22575,22575,22575,14
20211013123345,22580,22580,22580,22580,2084
20211013123345,22580,22580,22580,22580,3
20211013123345,22580,22580,22580,22580,1
20211013123349,22580,22580,22580,22580,1
20211013123349,22575,22575,22575,22575,15
20211013123350,22575,22575,22575,22575,6936
20211013123351,22580,22580,22580,22580,200
20211013123352,22580,22580,22580,22580,1
20211013123354,22575,22575,22575,22575,46
20211013123355,22575,22575,22575,22575,1
20211013123355,22580,22580,22580,22580,1
20211013123356,22575,22575,22575,22575,1
20211013123359,22580,22580,22580,22580,1
20211013123400,22580,22580,22580,22580,10
20211013123401,22575,22575,22575,22575,32
20211013123402,22580,22580,22580,22580,884
20211013123402,22580,22580,22580,22580,1
20211013123404,22575,22575,22575,22575,4
20211013123404,22575,22575,22575,22575,18
20211013123405,22580,22580,22580,22580,1
20211013123406,22575,22575,22575,22575,1
20211013123406,22570,22570,22570,22570,4
20211013123407,22575,22575,22575,22575,10
20211013123407,22575,22575,22575,22575,90
20211013123409,22580,22580,22580,22580,2321
20211013123409,22580,22580,22580,22580,139
20211013123410,22580,22580,22580,22580,1
20211013123414,22585,22585,22585,22585,60
20211013123416,22590,22590,22590,22590,500
20211013123418,22585,22585,22585,22585,316
20211013123425,22585,22585,22585,22585,31
20211013123426,22590,22590,22590,22590,1
20211013123430,22585,22585,22585,22585,10
20211013123434,22580,22580,22580,22580,1
20211013123434,22580,22580,22580,22580,1676
20211013123434,22580,22580,22580,22580,95
20211013123434,22585,22585,22585,22585,1
20211013123434,22585,22585,22585,22585,1
20211013123448,22585,22585,22585,22585,11
20211013123450,22585,22585,22585,22585,20
20211013123454,22585,22585,22585,22585,1
20211013123456,22580,22580,22580,22580,100
20211013123456,22585,22585,22585,22585,95
20211013123456,22585,22585,22585,22585,1
20211013123456,22585,22585,22585,22585,408
20211013123500,22585,22585,22585,22585,1
20211013123501,22585,22585,22585,22585,1
20211013123502,22585,22585,22585,22585,1
20211013123504,22585,22585,22585,22585,1
20211013123505,22585,22585,22585,22585,1
20211013123505,22585,22585,22585,22585,1
20211013123507,22585,22585,22585,22585,1
20211013123508,22585,22585,22585,22585,1
20211013123512,22585,22585,22585,22585,59
20211013123513,22585,22585,22585,22585,1
20211013123515,22585,22585,22585,22585,13801
20211013123518,22580,22580,22580,22580,1
20211013123518,22580,22580,22580,22580,1
20211013123518,22580,22580,22580,22580,1289
20211013123521,22585,22585,22585,22585,1
20211013123528,22580,22580,22580,22580,1
20211013123530,22580,22580,22580,22580,1
20211013123533,22575,22575,22575,22575,1
20211013123533,22575,22575,22575,22575,1371
20211013123533,22570,22570,22570,22570,1
20211013123534,22575,22575,22575,22575,1
20211013123536,22575,22575,22575,22575,23
20211013123536,22575,22575,22575,22575,1
20211013123537,22575,22575,22575,22575,1439
20211013123538,22575,22575,22575,22575,1
20211013123547,22580,22580,22580,22580,1
20211013123552,22580,22580,22580,22580,3
20211013123553,22580,22580,22580,22580,1
20211013123557,22580,22580,22580,22580,1
20211013123558,22575,22575,22575,22575,20
20211013123601,22580,22580,22580,22580,1
20211013123601,22580,22580,22580,22580,50
20211013123601,22575,22575,22575,22575,10
20211013123602,22580,22580,22580,22580,1
20211013123602,22580,22580,22580,22580,448
20211013123602,22575,22575,22575,22575,1
20211013123603,22580,22580,22580,22580,1
20211013123604,22575,22575,22575,22575,40
20211013123605,22580,22580,22580,22580,1
20211013123606,22580,22580,22580,22580,1
20211013123606,22575,22575,22575,22575,500
20211013123609,22580,22580,22580,22580,1
20211013123610,22585,22585,22585,22585,11
20211013123613,22580,22580,22580,22580,1
20211013123614,22580,22580,22580,22580,1
20211013123616,22580,22580,22580,22580,1
20211013123617,22575,22575,22575,22575,500
20211013123619,22580,22580,22580,22580,1
20211013123620,22580,22580,22580,22580,1
20211013123623,22580,22580,22580,22580,1
20211013123623,22575,22575,22575,22575,1
20211013123624,22580,22580,22580,22580,100
20211013123624,22580,22580,22580,22580,100
20211013123627,22580,22580,22580,22580,1
20211013123630,22580,22580,22580,22580,1
20211013123631,22575,22575,22575,22575,5138
20211013123634,22575,22575,22575,22575,4
20211013123636,22575,22575,22575,22575,1
20211013123643,22575,22575,22575,22575,3
20211013123645,22580,22580,22580,22580,100
20211013123646,22575,22575,22575,22575,1
20211013123650,22575,22575,22575,22575,1
20211013123650,22575,22575,22575,22575,5
20211013123651,22575,22575,22575,22575,5
20211013123652,22575,22575,22575,22575,382
20211013123656,22575,22575,22575,22575,39
20211013123659,22580,22580,22580,22580,1
20211013123659,22580,22580,22580,22580,1
20211013123659,22580,22580,22580,22580,6068
20211013123707,22580,22580,22580,22580,5
20211013123709,22575,22575,22575,22575,1
20211013123709,22580,22580,22580,22580,42
20211013123712,22575,22575,22575,22575,43
20211013123712,22570,22570,22570,22570,157
20211013123718,22575,22575,22575,22575,332
20211013123723,22575,22575,22575,22575,1
20211013123730,22575,22575,22575,22575,1
20211013123734,22570,22570,22570,22570,2
20211013123735,22570,22570,22570,22570,2
20211013123736,22570,22570,22570,22570,2
20211013123737,22570,22570,22570,22570,2
20211013123737,22570,22570,22570,22570,6728
20211013123738,22565,22565,22565,22565,2
20211013123739,22570,22570,22570,22570,2
20211013123740,22570,22570,22570,22570,2
20211013123741,22570,22570,22570,22570,501
20211013123742,22570,22570,22570,22570,1501
20211013123744,22575,22575,22575,22575,1
20211013123754,22570,22570,22570,22570,53
20211013123754,22565,22565,22565,22565,446
20211013123756,22565,22565,22565,22565,1839
20211013123757,22570,22570,22570,22570,20
20211013123758,22565,22565,22565,22565,100
20211013123802,22570,22570,22570,22570,3
20211013123816,22560,22560,22560,22560,1
20211013123816,22560,22560,22560,22560,200
20211013123816,22560,22560,22560,22560,6482
20211013123818,22560,22560,22560,22560,2158
20211013123821,22560,22560,22560,22560,1
20211013123823,22565,22565,22565,22565,1
20211013123824,22565,22565,22565,22565,1
20211013123832,22570,22570,22570,22570,1
20211013123832,22570,22570,22570,22570,111
20211013123833,22575,22575,22575,22575,1
20211013123833,22575,22575,22575,22575,1127
20211013123834,22570,22570,22570,22570,16
20211013123838,22575,22575,22575,22575,50
20211013123839,22570,22570,22570,22570,500
20211013123839,22575,22575,22575,22575,1000
20211013123840,22575,22575,22575,22575,1
20211013123840,22570,22570,22570,22570,399
20211013123842,22570,22570,22570,22570,1
20211013123847,22570,22570,22570,22570,100
20211013123850,22570,22570,22570,22570,3052
20211013123850,22570,22570,22570,22570,1
20211013123853,22570,22570,22570,22570,10
20211013123853,22570,22570,22570,22570,1
20211013123853,22570,22570,22570,22570,200
20211013123853,22570,22570,22570,22570,949
20211013123853,22570,22570,22570,22570,237
20211013123853,22570,22570,22570,22570,231
20211013123853,22570,22570,22570,22570,231
20211013123853,22570,22570,22570,22570,1
20211013123853,22570,22570,22570,22570,231
20211013123853,22570,22570,22570,22570,1
20211013123853,22570,22570,22570,22570,231
20211013123853,22570,22570,22570,22570,231
20211013123853,22570,22570,22570,22570,231
20211013123853,22570,22570,22570,22570,231
20211013123853,22570,22570,22570,22570,231
20211013123853,22570,22570,22570,22570,231
20211013123853,22570,22570,22570,22570,231
20211013123853,22570,22570,22570,22570,231
20211013123853,22570,22570,22570,22570,231
20211013123853,22570,22570,22570,22570,1
20211013123853,22570,22570,22570,22570,231
20211013123853,22570,22570,22570,22570,230
20211013123853,22570,22570,22570,22570,1
20211013123853,22570,22570,22570,22570,1
20211013123853,22570,22570,22570,22570,1
20211013123853,22570,22570,22570,22570,231
20211013123853,22570,22570,22570,22570,229
20211013123853,22570,22570,22570,22570,2
20211013123853,22570,22570,22570,22570,1
20211013123853,22570,22570,22570,22570,231
20211013123853,22570,22570,22570,22570,1
20211013123853,22570,22570,22570,22570,231
20211013123853,22570,22570,22570,22570,1
20211013123853,22570,22570,22570,22570,231
20211013123853,22570,22570,22570,22570,1
20211013123853,22570,22570,22570,22570,231
20211013123853,22570,22570,22570,22570,1
20211013123853,22570,22570,22570,22570,231
20211013123853,22570,22570,22570,22570,1
20211013123853,22570,22570,22570,22570,231
20211013123853,22570,22570,22570,22570,1
20211013123853,22570,22570,22570,22570,231
20211013123853,22570,22570,22570,22570,1
20211013123853,22570,22570,22570,22570,231
20211013123853,22570,22570,22570,22570,1
20211013123853,22570,22570,22570,22570,231
20211013123853,22570,22570,22570,22570,1
20211013123853,22570,22570,22570,22570,231
20211013123853,22570,22570,22570,22570,1
20211013123853,22570,22570,22570,22570,231
20211013123853,22570,22570,22570,22570,1
20211013123853,22570,22570,22570,22570,231
20211013123853,22570,22570,22570,22570,1
20211013123853,22570,22570,22570,22570,231
20211013123853,22570,22570,22570,22570,1
20211013123853,22570,22570,22570,22570,231
20211013123853,22570,22570,22570,22570,1
20211013123853,22570,22570,22570,22570,231
20211013123853,22570,22570,22570,22570,1
20211013123853,22570,22570,22570,22570,231
20211013123853,22570,22570,22570,22570,1
20211013123853,22570,22570,22570,22570,1
20211013123853,22570,22570,22570,22570,231
20211013123853,22570,22570,22570,22570,1
20211013123853,22570,22570,22570,22570,229
20211013123853,22570,22570,22570,22570,2
20211013123853,22570,22570,22570,22570,1
20211013123853,22570,22570,22570,22570,1
20211013123853,22570,22570,22570,22570,230
20211013123853,22570,22570,22570,22570,1
20211013123853,22570,22570,22570,22570,229
20211013123853,22570,22570,22570,22570,2
20211013123853,22570,22570,22570,22570,1
20211013123853,22570,22570,22570,22570,1
20211013123853,22570,22570,22570,22570,1
20211013123853,22570,22570,22570,22570,230
20211013123853,22570,22570,22570,22570,229
20211013123853,22570,22570,22570,22570,1
20211013123853,22570,22570,22570,22570,231
20211013123853,22570,22570,22570,22570,1
20211013123853,22570,22570,22570,22570,1
20211013123853,22570,22570,22570,22570,230
20211013123853,22570,22570,22570,22570,1
20211013123853,22570,22570,22570,22570,229
20211013123853,22570,22570,22570,22570,1
20211013123853,22570,22570,22570,22570,2
20211013123853,22570,22570,22570,22570,228
20211013123853,22570,22570,22570,22570,1
20211013123853,22570,22570,22570,22570,231
20211013123853,22570,22570,22570,22570,1
20211013123853,22570,22570,22570,22570,1
20211013123853,22570,22570,22570,22570,1
20211013123853,22570,22570,22570,22570,230
20211013123853,22570,22570,22570,22570,1
20211013123853,22570,22570,22570,22570,1
20211013123853,22570,22570,22570,22570,228
20211013123853,22570,22570,22570,22570,1
20211013123853,22570,22570,22570,22570,231
20211013123853,22570,22570,22570,22570,1
20211013123853,22570,22570,22570,22570,229
20211013123853,22570,22570,22570,22570,1
20211013123853,22570,22570,22570,22570,231
20211013123853,22570,22570,22570,22570,1
20211013123853,22570,22570,22570,22570,230
20211013123853,22570,22570,22570,22570,231
20211013123853,22570,22570,22570,22570,1
20211013123853,22570,22570,22570,22570,230
20211013123853,22570,22570,22570,22570,1
20211013123853,22570,22570,22570,22570,1
20211013123853,22570,22570,22570,22570,1
20211013123853,22570,22570,22570,22570,230
20211013123853,22570,22570,22570,22570,1
20211013123853,22570,22570,22570,22570,231
20211013123853,22570,22570,22570,22570,1
20211013123853,22570,22570,22570,22570,228
20211013123853,22570,22570,22570,22570,1
20211013123853,22570,22570,22570,22570,3
20211013123853,22570,22570,22570,22570,105
20211013123857,22565,22565,22565,22565,157
20211013123857,22565,22565,22565,22565,1
20211013123858,22560,22560,22560,22560,1
20211013123900,22560,22560,22560,22560,4
20211013123900,22560,22560,22560,22560,1
20211013123901,22560,22560,22560,22560,20
20211013123905,22565,22565,22565,22565,10
20211013123907,22570,22570,22570,22570,50
20211013123913,22570,22570,22570,22570,1
20211013123914,22565,22565,22565,22565,1
20211013123916,22570,22570,22570,22570,1
20211013123916,22565,22565,22565,22565,1
20211013123918,22570,22570,22570,22570,791
20211013123922,22565,22565,22565,22565,1
20211013123924,22570,22570,22570,22570,100
20211013123926,22570,22570,22570,22570,1
20211013123927,22570,22570,22570,22570,50
20211013123928,22565,22565,22565,22565,500
20211013123931,22565,22565,22565,22565,100
20211013123932,22560,22560,22560,22560,2335
20211013123934,22560,22560,22560,22560,20
20211013123935,22555,22555,22555,22555,7725
20211013123935,22555,22555,22555,22555,500
20211013123935,22555,22555,22555,22555,2158
20211013123935,22550,22550,22550,22550,1
20211013123935,22550,22550,22550,22550,300
20211013123935,22550,22550,22550,22550,1
20211013123935,22550,22550,22550,22550,1
20211013123936,22550,22550,22550,22550,4317
20211013123942,22550,22550,22550,22550,1
20211013123942,22550,22550,22550,22550,300
20211013123944,22550,22550,22550,22550,8716
20211013123944,22550,22550,22550,22550,7711
20211013123944,22550,22550,22550,22550,2343
20211013123944,22545,22545,22545,22545,1
20211013123944,22550,22550,22550,22550,30
20211013123948,22545,22545,22545,22545,1
20211013123949,22545,22545,22545,22545,1000
20211013123955,22550,22550,22550,22550,200
20211013123956,22550,22550,22550,22550,500
20211013123957,22555,22555,22555,22555,2
20211013123957,22555,22555,22555,22555,1
20211013123957,22550,22550,22550,22550,1
20211013124000,22550,22550,22550,22550,5
20211013124000,22555,22555,22555,22555,1165
20211013124003,22555,22555,22555,22555,1
20211013124005,22555,22555,22555,22555,136
20211013124005,22555,22555,22555,22555,1
20211013124007,22555,22555,22555,22555,306
20211013124009,22555,22555,22555,22555,1
20211013124011,22550,22550,22550,22550,1
20211013124013,22560,22560,22560,22560,1
20211013124016,22555,22555,22555,22555,500
20211013124016,22555,22555,22555,22555,1
20211013124016,22550,22550,22550,22550,597
20211013124016,22555,22555,22555,22555,3
20211013124017,22555,22555,22555,22555,500
20211013124019,22555,22555,22555,22555,500
20211013124020,22550,22550,22550,22550,1
20211013124020,22550,22550,22550,22550,1
20211013124020,22550,22550,22550,22550,73
20211013124020,22555,22555,22555,22555,1
20211013124024,22555,22555,22555,22555,50
20211013124024,22550,22550,22550,22550,91
20211013124027,22550,22550,22550,22550,30
20211013124028,22550,22550,22550,22550,1
20211013124033,22550,22550,22550,22550,1
20211013124044,22550,22550,22550,22550,1
20211013124056,22555,22555,22555,22555,1
20211013124059,22555,22555,22555,22555,2
20211013124101,22555,22555,22555,22555,48
20211013124102,22550,22550,22550,22550,368
20211013124102,22550,22550,22550,22550,15
20211013124103,22550,22550,22550,22550,30
20211013124103,22545,22545,22545,22545,100
20211013124105,22545,22545,22545,22545,1289
20211013124105,22545,22545,22545,22545,1
20211013124105,22545,22545,22545,22545,905
20211013124105,22545,22545,22545,22545,170
20211013124105,22545,22545,22545,22545,10
20211013124107,22550,22550,22550,22550,5
20211013124107,22545,22545,22545,22545,500
20211013124107,22545,22545,22545,22545,1
20211013124108,22540,22540,22540,22540,1
20211013124108,22540,22540,22540,22540,1
20211013124108,22540,22540,22540,22540,6951
20211013124108,22540,22540,22540,22540,500
20211013124108,22540,22540,22540,22540,1439
20211013124108,22540,22540,22540,22540,1439
20211013124108,22540,22540,22540,22540,222
20211013124109,22545,22545,22545,22545,10
20211013124116,22545,22545,22545,22545,1
20211013124116,22545,22545,22545,22545,1
20211013124116,22540,22540,22540,22540,1
20211013124116,22540,22540,22540,22540,1
20211013124116,22545,22545,22545,22545,100
20211013124118,22540,22540,22540,22540,1
20211013124118,22540,22540,22540,22540,5117
20211013124118,22540,22540,22540,22540,15
20211013124119,22540,22540,22540,22540,500
20211013124122,22540,22540,22540,22540,1050
20211013124127,22540,22540,22540,22540,20
20211013124128,22540,22540,22540,22540,8
20211013124133,22540,22540,22540,22540,1
20211013124134,22540,22540,22540,22540,129
20211013124134,22540,22540,22540,22540,10
20211013124136,22540,22540,22540,22540,535
20211013124136,22540,22540,22540,22540,365
20211013124137,22540,22540,22540,22540,100
20211013124139,22540,22540,22540,22540,50
20211013124139,22535,22535,22535,22535,200
20211013124140,22540,22540,22540,22540,10
20211013124140,22535,22535,22535,22535,1
20211013124142,22535,22535,22535,22535,2085
20211013124142,22535,22535,22535,22535,4400
20211013124142,22535,22535,22535,22535,1
20211013124143,22530,22530,22530,22530,2085
20211013124143,22530,22530,22530,22530,2184
20211013124143,22530,22530,22530,22530,10
20211013124145,22530,22530,22530,22530,1
20211013124145,22530,22530,22530,22530,720
20211013124146,22530,22530,22530,22530,1
20211013124146,22530,22530,22530,22530,10
20211013124147,22530,22530,22530,22530,490
20211013124148,22535,22535,22535,22535,1
20211013124149,22530,22530,22530,22530,1210
20211013124150,22530,22530,22530,22530,100
20211013124152,22530,22530,22530,22530,100
20211013124153,22530,22530,22530,22530,1
20211013124153,22525,22525,22525,22525,1467
20211013124153,22530,22530,22530,22530,1
20211013124154,22525,22525,22525,22525,1
20211013124154,22530,22530,22530,22530,1
20211013124154,22530,22530,22530,22530,1
20211013124157,22530,22530,22530,22530,219
20211013124159,22530,22530,22530,22530,1
20211013124200,22535,22535,22535,22535,1
20211013124200,22535,22535,22535,22535,3100
20211013124202,22535,22535,22535,22535,1
20211013124203,22535,22535,22535,22535,220
20211013124205,22535,22535,22535,22535,898
20211013124206,22530,22530,22530,22530,18
20211013124206,22540,22540,22540,22540,5000
20211013124209,22535,22535,22535,22535,442
20211013124209,22535,22535,22535,22535,3
20211013124209,22530,22530,22530,22530,41
20211013124213,22540,22540,22540,22540,44
20211013124215,22535,22535,22535,22535,9
20211013124215,22535,22535,22535,22535,5000
20211013124215,22535,22535,22535,22535,500
20211013124216,22540,22540,22540,22540,5000
20211013124218,22540,22540,22540,22540,8926
20211013124218,22540,22540,22540,22540,1
20211013124219,22540,22540,22540,22540,111
20211013124221,22545,22545,22545,22545,50
20211013124221,22540,22540,22540,22540,200
20211013124225,22540,22540,22540,22540,1
20211013124226,22545,22545,22545,22545,1
20211013124226,22540,22540,22540,22540,200
20211013124229,22540,22540,22540,22540,1
20211013124229,22540,22540,22540,22540,4790
20211013124229,22535,22535,22535,22535,1
20211013124229,22535,22535,22535,22535,1
20211013124231,22535,22535,22535,22535,1
20211013124236,22535,22535,22535,22535,1
20211013124236,22535,22535,22535,22535,2085
20211013124236,22535,22535,22535,22535,840
20211013124236,22535,22535,22535,22535,15
20211013124236,22530,22530,22530,22530,1
20211013124236,22530,22530,22530,22530,1119
20211013124236,22530,22530,22530,22530,500
20211013124236,22530,22530,22530,22530,500
20211013124238,22530,22530,22530,22530,10
20211013124239,22530,22530,22530,22530,100
20211013124239,22530,22530,22530,22530,10
20211013124241,22530,22530,22530,22530,1000
20211013124242,22530,22530,22530,22530,44
20211013124243,22535,22535,22535,22535,1
20211013124244,22525,22525,22525,22525,100
20211013124245,22525,22525,22525,22525,10
20211013124246,22530,22530,22530,22530,100
20211013124247,22525,22525,22525,22525,627
20211013124250,22525,22525,22525,22525,200
20211013124250,22530,22530,22530,22530,4
20211013124252,22530,22530,22530,22530,500
20211013124257,22525,22525,22525,22525,1
20211013124257,22525,22525,22525,22525,1
20211013124257,22525,22525,22525,22525,50
20211013124258,22525,22525,22525,22525,300
20211013124301,22530,22530,22530,22530,13504
20211013124301,22535,22535,22535,22535,3663
20211013124302,22535,22535,22535,22535,1
20211013124304,22540,22540,22540,22540,200
20211013124304,22540,22540,22540,22540,500
20211013124304,22540,22540,22540,22540,500
20211013124310,22545,22545,22545,22545,5215
20211013124311,22545,22545,22545,22545,1
20211013124313,22545,22545,22545,22545,1
20211013124313,22550,22550,22550,22550,8587
20211013124314,22550,22550,22550,22550,300
20211013124314,22555,22555,22555,22555,11
20211013124323,22555,22555,22555,22555,1
20211013124323,22555,22555,22555,22555,990
20211013124324,22550,22550,22550,22550,20
20211013124325,22550,22550,22550,22550,10
20211013124325,22555,22555,22555,22555,44
20211013124326,22555,22555,22555,22555,10
20211013124326,22555,22555,22555,22555,44
20211013124327,22560,22560,22560,22560,1
20211013124327,22560,22560,22560,22560,1935
20211013124327,22555,22555,22555,22555,1
20211013124330,22560,22560,22560,22560,1
20211013124330,22560,22560,22560,22560,1
20211013124331,22555,22555,22555,22555,44
20211013124332,22555,22555,22555,22555,44
20211013124332,22555,22555,22555,22555,1
20211013124332,22555,22555,22555,22555,254
20211013124334,22555,22555,22555,22555,44
20211013124334,22560,22560,22560,22560,156
20211013124335,22550,22550,22550,22550,44
20211013124336,22555,22555,22555,22555,44
20211013124336,22555,22555,22555,22555,156
20211013124340,22550,22550,22550,22550,1
20211013124340,22550,22550,22550,22550,1
20211013124340,22550,22550,22550,22550,1
20211013124340,22550,22550,22550,22550,1
20211013124342,22550,22550,22550,22550,11
20211013124342,22550,22550,22550,22550,391
20211013124343,22555,22555,22555,22555,1
20211013124343,22555,22555,22555,22555,443
20211013124347,22555,22555,22555,22555,1
20211013124349,22550,22550,22550,22550,1
20211013124352,22555,22555,22555,22555,44
20211013124353,22555,22555,22555,22555,4
20211013124355,22555,22555,22555,22555,1
20211013124402,22550,22550,22550,22550,90
20211013124407,22550,22550,22550,22550,16
20211013124408,22550,22550,22550,22550,206
20211013124410,22545,22545,22545,22545,10
20211013124411,22550,22550,22550,22550,1
20211013124412,22545,22545,22545,22545,394
20211013124412,22540,22540,22540,22540,18
20211013124414,22545,22545,22545,22545,1
20211013124422,22540,22540,22540,22540,1
20211013124422,22545,22545,22545,22545,1170
20211013124424,22545,22545,22545,22545,1
20211013124425,22545,22545,22545,22545,5
20211013124426,22540,22540,22540,22540,1
20211013124431,22540,22540,22540,22540,254
20211013124432,22545,22545,22545,22545,1
20211013124433,22545,22545,22545,22545,500
20211013124433,22540,22540,22540,22540,1
20211013124436,22540,22540,22540,22540,55
20211013124442,22540,22540,22540,22540,4
20211013124443,22545,22545,22545,22545,1
20211013124445,22540,22540,22540,22540,51
20211013124445,22540,22540,22540,22540,449
20211013124446,22545,22545,22545,22545,5
20211013124446,22540,22540,22540,22540,1
20211013124447,22545,22545,22545,22545,10
20211013124451,22535,22535,22535,22535,8594
20211013124454,22535,22535,22535,22535,50
20211013124455,22530,22530,22530,22530,1891
20211013124501,22525,22525,22525,22525,10
20211013124502,22525,22525,22525,22525,2
20211013124503,22525,22525,22525,22525,2
20211013124504,22530,22530,22530,22530,300
20211013124504,22525,22525,22525,22525,2
20211013124510,22525,22525,22525,22525,470
20211013124511,22530,22530,22530,22530,1
20211013124511,22530,22530,22530,22530,81
20211013124511,22530,22530,22530,22530,1
20211013124521,22535,22535,22535,22535,1
20211013124521,22535,22535,22535,22535,1215
20211013124524,22535,22535,22535,22535,1
20211013124524,22535,22535,22535,22535,1
20211013124526,22530,22530,22530,22530,10
20211013124534,22535,22535,22535,22535,1
20211013124535,22540,22540,22540,22540,11
20211013124537,22535,22535,22535,22535,1
20211013124537,22535,22535,22535,22535,2680
20211013124537,22535,22535,22535,22535,50
20211013124539,22540,22540,22540,22540,1
20211013124548,22540,22540,22540,22540,20
20211013124551,22540,22540,22540,22540,21
20211013124553,22540,22540,22540,22540,20
20211013124557,22535,22535,22535,22535,1
20211013124602,22535,22535,22535,22535,1
20211013124602,22535,22535,22535,22535,1
20211013124607,22540,22540,22540,22540,5
20211013124609,22540,22540,22540,22540,10
20211013124611,22535,22535,22535,22535,20
20211013124617,22535,22535,22535,22535,50
20211013124626,22540,22540,22540,22540,8426
20211013124627,22540,22540,22540,22540,500
20211013124634,22535,22535,22535,22535,20
20211013124644,22540,22540,22540,22540,1940
20211013124648,22535,22535,22535,22535,1
20211013124648,22535,22535,22535,22535,1
20211013124648,22535,22535,22535,22535,1144
20211013124649,22540,22540,22540,22540,10
20211013124649,22540,22540,22540,22540,7
20211013124650,22535,22535,22535,22535,1
20211013124653,22535,22535,22535,22535,1
20211013124657,22535,22535,22535,22535,1
20211013124702,22535,22535,22535,22535,1
20211013124704,22540,22540,22540,22540,400
20211013124704,22540,22540,22540,22540,1
20211013124715,22540,22540,22540,22540,30
20211013124716,22535,22535,22535,22535,689
20211013124722,22535,22535,22535,22535,3
20211013124724,22540,22540,22540,22540,10
20211013124724,22535,22535,22535,22535,5
20211013124727,22535,22535,22535,22535,400
20211013124728,22535,22535,22535,22535,10
20211013124732,22535,22535,22535,22535,1
20211013124732,22535,22535,22535,22535,220
20211013124732,22540,22540,22540,22540,2
20211013124735,22530,22530,22530,22530,1
20211013124735,22530,22530,22530,22530,6110
20211013124747,22530,22530,22530,22530,21
20211013124748,22530,22530,22530,22530,1
20211013124748,22530,22530,22530,22530,600
20211013124752,22530,22530,22530,22530,30
20211013124753,22525,22525,22525,22525,1552
20211013124753,22525,22525,22525,22525,50
20211013124753,22525,22525,22525,22525,10
20211013124753,22525,22525,22525,22525,1
20211013124754,22520,22520,22520,22520,6151
20211013124800,22520,22520,22520,22520,1200
20211013124801,22525,22525,22525,22525,1
20211013124803,22525,22525,22525,22525,1
20211013124806,22525,22525,22525,22525,10
20211013124807,22525,22525,22525,22525,1
20211013124808,22520,22520,22520,22520,1
20211013124814,22525,22525,22525,22525,1
20211013124815,22520,22520,22520,22520,12470
20211013124817,22520,22520,22520,22520,4
20211013124825,22525,22525,22525,22525,1
20211013124825,22525,22525,22525,22525,4
20211013124830,22525,22525,22525,22525,500
20211013124830,22530,22530,22530,22530,11
20211013124831,22530,22530,22530,22530,1
20211013124831,22530,22530,22530,22530,2
20211013124838,22535,22535,22535,22535,10
20211013124843,22530,22530,22530,22530,150
20211013124843,22535,22535,22535,22535,100
20211013124843,22530,22530,22530,22530,1
20211013124844,22530,22530,22530,22530,1157
20211013124849,22525,22525,22525,22525,25
20211013124850,22525,22525,22525,22525,50
20211013124853,22525,22525,22525,22525,1
20211013124853,22525,22525,22525,22525,1
20211013124858,22530,22530,22530,22530,1
20211013124858,22530,22530,22530,22530,1
20211013124902,22525,22525,22525,22525,532
20211013124904,22525,22525,22525,22525,1
20211013124915,22525,22525,22525,22525,1
20211013124917,22520,22520,22520,22520,596
20211013124918,22525,22525,22525,22525,200
20211013124925,22530,22530,22530,22530,5
20211013124925,22520,22520,22520,22520,500
20211013124933,22525,22525,22525,22525,5
20211013124936,22520,22520,22520,22520,1152
20211013124939,22520,22520,22520,22520,1
20211013124940,22515,22515,22515,22515,1
20211013124941,22520,22520,22520,22520,9
20211013124945,22520,22520,22520,22520,1
20211013124945,22520,22520,22520,22520,3
20211013124946,22520,22520,22520,22520,100
20211013124950,22520,22520,22520,22520,4
20211013124951,22525,22525,22525,22525,1
20211013124951,22525,22525,22525,22525,1
20211013124951,22525,22525,22525,22525,737
20211013124952,22525,22525,22525,22525,44
20211013124953,22520,22520,22520,22520,44
20211013124953,22525,22525,22525,22525,44
20211013124954,22525,22525,22525,22525,44
20211013124954,22520,22520,22520,22520,45
20211013125000,22530,22530,22530,22530,300
20211013125000,22525,22525,22525,22525,6
20211013125007,22525,22525,22525,22525,30
20211013125007,22530,22530,22530,22530,209
20211013125008,22530,22530,22530,22530,100
20211013125011,22530,22530,22530,22530,50
20211013125012,22535,22535,22535,22535,11551
20211013125015,22540,22540,22540,22540,50
20211013125020,22530,22530,22530,22530,1
20211013125031,22535,22535,22535,22535,1
20211013125031,22535,22535,22535,22535,1
20211013125037,22540,22540,22540,22540,17
20211013125040,22535,22535,22535,22535,1
20211013125041,22535,22535,22535,22535,1
20211013125042,22535,22535,22535,22535,1
20211013125043,22535,22535,22535,22535,497
20211013125049,22540,22540,22540,22540,4
20211013125055,22540,22540,22540,22540,1
20211013125057,22535,22535,22535,22535,443
20211013125058,22540,22540,22540,22540,4
20211013125101,22535,22535,22535,22535,100
20211013125102,22540,22540,22540,22540,1
20211013125102,22535,22535,22535,22535,1
20211013125102,22535,22535,22535,22535,59
20211013125105,22530,22530,22530,22530,202
20211013125106,22535,22535,22535,22535,30
20211013125112,22530,22530,22530,22530,130
20211013125112,22525,22525,22525,22525,1
20211013125117,22525,22525,22525,22525,1
20211013125117,22525,22525,22525,22525,353
20211013125117,22530,22530,22530,22530,10
20211013125124,22525,22525,22525,22525,2
20211013125124,22525,22525,22525,22525,1
20211013125126,22525,22525,22525,22525,29
20211013125128,22525,22525,22525,22525,1
20211013125129,22525,22525,22525,22525,50
20211013125131,22520,22520,22520,22520,136
20211013125135,22520,22520,22520,22520,10
20211013125135,22520,22520,22520,22520,4
20211013125135,22520,22520,22520,22520,450
20211013125137,22520,22520,22520,22520,200
20211013125137,22520,22520,22520,22520,6
20211013125137,22520,22520,22520,22520,1038
20211013125137,22520,22520,22520,22520,197
20211013125140,22520,22520,22520,22520,2089
20211013125143,22520,22520,22520,22520,100
20211013125144,22525,22525,22525,22525,1
20211013125144,22525,22525,22525,22525,1
20211013125144,22525,22525,22525,22525,1
20211013125144,22520,22520,22520,22520,1
20211013125144,22525,22525,22525,22525,1
20211013125145,22525,22525,22525,22525,114
20211013125158,22525,22525,22525,22525,1
20211013125158,22525,22525,22525,22525,3
20211013125205,22525,22525,22525,22525,25
20211013125206,22520,22520,22520,22520,87
20211013125208,22520,22520,22520,22520,10
20211013125209,22515,22515,22515,22515,6377
20211013125210,22520,22520,22520,22520,1
20211013125210,22520,22520,22520,22520,1
20211013125210,22510,22510,22510,22510,18385
20211013125211,22505,22505,22505,22505,40
20211013125211,22505,22505,22505,22505,120
20211013125211,22505,22505,22505,22505,120
20211013125212,22510,22510,22510,22510,538
20211013125213,22505,22505,22505,22505,1
20211013125214,22510,22510,22510,22510,10
20211013125220,22515,22515,22515,22515,1
20211013125222,22510,22510,22510,22510,1
20211013125222,22505,22505,22505,22505,19
20211013125226,22515,22515,22515,22515,1
20211013125227,22510,22510,22510,22510,1
20211013125231,22510,22510,22510,22510,9
20211013125232,22510,22510,22510,22510,403
20211013125233,22510,22510,22510,22510,226
20211013125238,22510,22510,22510,22510,50
20211013125239,22515,22515,22515,22515,1
20211013125240,22510,22510,22510,22510,500
20211013125242,22515,22515,22515,22515,3
20211013125246,22520,22520,22520,22520,1
20211013125246,22520,22520,22520,22520,1
20211013125246,22520,22520,22520,22520,1304
20211013125246,22520,22520,22520,22520,1
20211013125247,22515,22515,22515,22515,14000
20211013125247,22520,22520,22520,22520,1
20211013125252,22520,22520,22520,22520,100
20211013125252,22525,22525,22525,22525,50
20211013125253,22520,22520,22520,22520,10
20211013125255,22520,22520,22520,22520,10
20211013125256,22525,22525,22525,22525,11
20211013125257,22520,22520,22520,22520,1
20211013125257,22520,22520,22520,22520,201
20211013125257,22515,22515,22515,22515,1
20211013125257,22515,22515,22515,22515,1
20211013125259,22515,22515,22515,22515,100
20211013125305,22520,22520,22520,22520,1
20211013125309,22520,22520,22520,22520,1
20211013125312,22515,22515,22515,22515,50
20211013125320,22520,22520,22520,22520,500
20211013125320,22515,22515,22515,22515,50
20211013125322,22520,22520,22520,22520,100
20211013125328,22520,22520,22520,22520,4442
20211013125331,22520,22520,22520,22520,500
20211013125331,22520,22520,22520,22520,10
20211013125332,22520,22520,22520,22520,25
20211013125336,22515,22515,22515,22515,246
20211013125338,22510,22510,22510,22510,1
20211013125338,22510,22510,22510,22510,1
20211013125339,22510,22510,22510,22510,797
20211013125343,22510,22510,22510,22510,10
20211013125344,22510,22510,22510,22510,375
20211013125346,22510,22510,22510,22510,1
20211013125348,22505,22505,22505,22505,206
20211013125351,22505,22505,22505,22505,206
20211013125402,22510,22510,22510,22510,100
20211013125403,22505,22505,22505,22505,1
20211013125403,22505,22505,22505,22505,2120
20211013125405,22505,22505,22505,22505,10
20211013125411,22505,22505,22505,22505,500
20211013125414,22505,22505,22505,22505,600
20211013125414,22505,22505,22505,22505,1
20211013125414,22505,22505,22505,22505,1
20211013125414,22505,22505,22505,22505,1
20211013125424,22505,22505,22505,22505,1
20211013125425,22505,22505,22505,22505,500
20211013125428,22505,22505,22505,22505,1904
20211013125428,22505,22505,22505,22505,40
20211013125432,22510,22510,22510,22510,1
20211013125432,22510,22510,22510,22510,1
20211013125434,22505,22505,22505,22505,10
20211013125438,22505,22505,22505,22505,150
20211013125439,22505,22505,22505,22505,150
20211013125439,22505,22505,22505,22505,10
20211013125440,22505,22505,22505,22505,9
20211013125443,22505,22505,22505,22505,99
20211013125444,22505,22505,22505,22505,932
20211013125444,22500,22500,22500,22500,1
20211013125444,22500,22500,22500,22500,1
20211013125445,22500,22500,22500,22500,1
20211013125445,22500,22500,22500,22500,1
20211013125445,22500,22500,22500,22500,1
20211013125445,22500,22500,22500,22500,1
20211013125446,22505,22505,22505,22505,1
20211013125446,22500,22500,22500,22500,15248
20211013125447,22495,22495,22495,22495,1
20211013125447,22495,22495,22495,22495,5519
20211013125448,22495,22495,22495,22495,638
20211013125448,22495,22495,22495,22495,1
20211013125449,22495,22495,22495,22495,1
20211013125450,22490,22490,22490,22490,1
20211013125450,22490,22490,22490,22490,1700
20211013125452,22490,22490,22490,22490,13077
20211013125452,22490,22490,22490,22490,500
20211013125452,22490,22490,22490,22490,1206
20211013125452,22490,22490,22490,22490,706
20211013125452,22490,22490,22490,22490,2950
20211013125454,22490,22490,22490,22490,1
20211013125454,22490,22490,22490,22490,1200
20211013125454,22490,22490,22490,22490,864
20211013125459,22495,22495,22495,22495,50
20211013125500,22490,22490,22490,22490,100
20211013125501,22485,22485,22485,22485,1
20211013125501,22485,22485,22485,22485,500
20211013125501,22490,22490,22490,22490,1
20211013125501,22490,22490,22490,22490,1
20211013125501,22490,22490,22490,22490,1
20211013125501,22490,22490,22490,22490,1
20211013125503,22490,22490,22490,22490,1
20211013125503,22490,22490,22490,22490,1
20211013125503,22490,22490,22490,22490,116
20211013125505,22490,22490,22490,22490,20
20211013125506,22490,22490,22490,22490,100
20211013125507,22485,22485,22485,22485,2085
20211013125507,22485,22485,22485,22485,88
20211013125507,22485,22485,22485,22485,1
20211013125507,22485,22485,22485,22485,1
20211013125507,22490,22490,22490,22490,2
20211013125508,22485,22485,22485,22485,300
20211013125509,22485,22485,22485,22485,5
20211013125510,22480,22480,22480,22480,5000
20211013125510,22480,22480,22480,22480,234
20211013125510,22480,22480,22480,22480,500
20211013125510,22480,22480,22480,22480,933
20211013125510,22480,22480,22480,22480,952
20211013125510,22480,22480,22480,22480,952
20211013125510,22480,22480,22480,22480,952
20211013125510,22480,22480,22480,22480,952
20211013125511,22480,22480,22480,22480,259
20211013125511,22475,22475,22475,22475,323
20211013125511,22475,22475,22475,22475,250
20211013125511,22475,22475,22475,22475,500
20211013125512,22475,22475,22475,22475,300
20211013125515,22475,22475,22475,22475,100
20211013125517,22485,22485,22485,22485,1
20211013125517,22480,22480,22480,22480,12778
20211013125517,22480,22480,22480,22480,610
20211013125517,22480,22480,22480,22480,8000
20211013125517,22480,22480,22480,22480,610
20211013125517,22480,22480,22480,22480,610
20211013125517,22480,22480,22480,22480,2392
20211013125518,22480,22480,22480,22480,1
20211013125519,22480,22480,22480,22480,1
20211013125519,22480,22480,22480,22480,7998
20211013125519,22480,22480,22480,22480,17002
20211013125519,22480,22480,22480,22480,8652
20211013125519,22480,22480,22480,22480,116
20211013125519,22480,22480,22480,22480,116
20211013125519,22480,22480,22480,22480,8000
20211013125519,22480,22480,22480,22480,116
20211013125519,22480,22480,22480,22480,8000
20211013125520,22480,22480,22480,22480,8000
20211013125520,22480,22480,22480,22480,17000
20211013125521,22480,22480,22480,22480,13041
20211013125521,22480,22480,22480,22480,553
20211013125521,22480,22480,22480,22480,8000
20211013125521,22480,22480,22480,22480,553
20211013125521,22480,22480,22480,22480,553
20211013125521,22480,22480,22480,22480,553
20211013125521,22480,22480,22480,22480,1747
20211013125521,22480,22480,22480,22480,7316
20211013125521,22480,22480,22480,22480,1
20211013125521,22480,22480,22480,22480,117
20211013125521,22480,22480,22480,22480,8000
20211013125521,22480,22480,22480,22480,117
20211013125521,22480,22480,22480,22480,9449
20211013125522,22480,22480,22480,22480,20
20211013125523,22480,22480,22480,22480,21285
20211013125523,22480,22480,22480,22480,1329
20211013125523,22480,22480,22480,22480,2386
20211013125523,22480,22480,22480,22480,8125
20211013125523,22480,22480,22480,22480,64
20211013125523,22480,22480,22480,22480,8000
20211013125523,22480,22480,22480,22480,64
20211013125523,22480,22480,22480,22480,64
20211013125523,22480,22480,22480,22480,64
20211013125523,22480,22480,22480,22480,8000
20211013125523,22480,22480,22480,22480,64
20211013125523,22480,22480,22480,22480,64
20211013125523,22480,22480,22480,22480,64
20211013125523,22480,22480,22480,22480,64
20211013125523,22480,22480,22480,22480,64
20211013125523,22480,22480,22480,22480,64
20211013125523,22480,22480,22480,22480,64
20211013125523,22480,22480,22480,22480,64
20211013125523,22480,22480,22480,22480,64
20211013125523,22480,22480,22480,22480,43
20211013125525,22485,22485,22485,22485,10
20211013125525,22490,22490,22490,22490,707
20211013125526,22490,22490,22490,22490,444
20211013125527,22485,22485,22485,22485,2333
20211013125527,22485,22485,22485,22485,269
20211013125527,22485,22485,22485,22485,2158
20211013125528,22485,22485,22485,22485,50
20211013125530,22485,22485,22485,22485,200
20211013125530,22485,22485,22485,22485,22592
20211013125532,22485,22485,22485,22485,231
20211013125538,22490,22490,22490,22490,30
20211013125540,22485,22485,22485,22485,2099
20211013125542,22485,22485,22485,22485,1
20211013125543,22485,22485,22485,22485,50
20211013125545,22485,22485,22485,22485,500
20211013125545,22480,22480,22480,22480,200
20211013125555,22480,22480,22480,22480,2305
20211013125556,22485,22485,22485,22485,9
20211013125557,22480,22480,22480,22480,1
20211013125557,22480,22480,22480,22480,1
20211013125557,22480,22480,22480,22480,1
20211013125558,22485,22485,22485,22485,2917
20211013125558,22485,22485,22485,22485,707
20211013125558,22485,22485,22485,22485,824
20211013125559,22490,22490,22490,22490,10
20211013125600,22490,22490,22490,22490,10
20211013125601,22490,22490,22490,22490,10
20211013125602,22490,22490,22490,22490,10
20211013125604,22490,22490,22490,22490,10
20211013125605,22490,22490,22490,22490,1826
20211013125606,22490,22490,22490,22490,1
20211013125606,22490,22490,22490,22490,10
20211013125608,22490,22490,22490,22490,10
20211013125609,22490,22490,22490,22490,10
20211013125611,22490,22490,22490,22490,1000
20211013125612,22490,22490,22490,22490,10
20211013125613,22485,22485,22485,22485,50
20211013125614,22495,22495,22495,22495,1
20211013125614,22495,22495,22495,22495,1
20211013125614,22495,22495,22495,22495,1
20211013125615,22495,22495,22495,22495,1
20211013125615,22495,22495,22495,22495,1
20211013125617,22495,22495,22495,22495,564
20211013125619,22495,22495,22495,22495,10
20211013125619,22490,22490,22490,22490,1000
20211013125619,22490,22490,22490,22490,1
20211013125620,22490,22490,22490,22490,1
20211013125620,22490,22490,22490,22490,2409
20211013125624,22495,22495,22495,22495,100
20211013125625,22495,22495,22495,22495,10
20211013125627,22490,22490,22490,22490,20
20211013125627,22495,22495,22495,22495,1
20211013125631,22495,22495,22495,22495,3029
20211013125632,22495,22495,22495,22495,90
20211013125632,22495,22495,22495,22495,1
20211013125632,22490,22490,22490,22490,1
20211013125632,22495,22495,22495,22495,100
20211013125634,22495,22495,22495,22495,1
20211013125636,22495,22495,22495,22495,1
20211013125636,22495,22495,22495,22495,1
20211013125636,22490,22490,22490,22490,1
20211013125636,22495,22495,22495,22495,1
20211013125637,22495,22495,22495,22495,44
20211013125640,22500,22500,22500,22500,1
20211013125641,22500,22500,22500,22500,3
20211013125641,22500,22500,22500,22500,1
20211013125641,22500,22500,22500,22500,38
20211013125641,22500,22500,22500,22500,500
20211013125643,22500,22500,22500,22500,1
20211013125650,22500,22500,22500,22500,1
20211013125655,22500,22500,22500,22500,40
20211013125656,22500,22500,22500,22500,1
20211013125657,22505,22505,22505,22505,12306
20211013125657,22500,22500,22500,22500,1914
20211013125700,22510,22510,22510,22510,494
20211013125702,22505,22505,22505,22505,16059
20211013125703,22505,22505,22505,22505,1
20211013125709,22500,22500,22500,22500,1588
20211013125710,22500,22500,22500,22500,1
20211013125711,22500,22500,22500,22500,1
20211013125711,22495,22495,22495,22495,1
20211013125712,22500,22500,22500,22500,279
20211013125713,22500,22500,22500,22500,1
20211013125718,22495,22495,22495,22495,1
20211013125720,22500,22500,22500,22500,1
20211013125721,22500,22500,22500,22500,10
20211013125721,22495,22495,22495,22495,7398
20211013125721,22495,22495,22495,22495,1
20211013125723,22495,22495,22495,22495,10
20211013125724,22495,22495,22495,22495,1
20211013125730,22495,22495,22495,22495,5
20211013125731,22495,22495,22495,22495,5
20211013125738,22495,22495,22495,22495,9101
20211013125738,22490,22490,22490,22490,3870
20211013125738,22495,22495,22495,22495,5000
20211013125740,22495,22495,22495,22495,8705
20211013125740,22495,22495,22495,22495,121
20211013125740,22495,22495,22495,22495,4474
20211013125741,22495,22495,22495,22495,1
20211013125743,22495,22495,22495,22495,10
20211013125752,22495,22495,22495,22495,500
20211013125752,22495,22495,22495,22495,50
20211013125754,22490,22490,22490,22490,67
20211013125757,22490,22490,22490,22490,18
20211013125800,22490,22490,22490,22490,10
20211013125806,22490,22490,22490,22490,1
20211013125806,22490,22490,22490,22490,1
20211013125806,22490,22490,22490,22490,170
20211013125806,22495,22495,22495,22495,1
20211013125806,22490,22490,22490,22490,1
20211013125806,22495,22495,22495,22495,1
20211013125806,22495,22495,22495,22495,1
20211013125807,22495,22495,22495,22495,2439
20211013125807,22495,22495,22495,22495,500
20211013125807,22490,22490,22490,22490,3000
20211013125809,22495,22495,22495,22495,1
20211013125810,22495,22495,22495,22495,201
20211013125812,22495,22495,22495,22495,1
20211013125813,22500,22500,22500,22500,1
20211013125814,22500,22500,22500,22500,399
20211013125817,22495,22495,22495,22495,903
20211013125818,22500,22500,22500,22500,100
20211013125819,22500,22500,22500,22500,10263
20211013125819,22500,22500,22500,22500,200
20211013125822,22495,22495,22495,22495,41
20211013125824,22500,22500,22500,22500,500
20211013125825,22500,22500,22500,22500,100
20211013125830,22500,22500,22500,22500,12
20211013125833,22500,22500,22500,22500,12
20211013125834,22500,22500,22500,22500,4482
20211013125836,22500,22500,22500,22500,13
20211013125839,22500,22500,22500,22500,12
20211013125840,22505,22505,22505,22505,1
20211013125842,22500,22500,22500,22500,12
20211013125845,22500,22500,22500,22500,13
20211013125847,22500,22500,22500,22500,100
20211013125848,22505,22505,22505,22505,1
20211013125848,22505,22505,22505,22505,443
20211013125848,22500,22500,22500,22500,12
20211013125849,22505,22505,22505,22505,5
20211013125851,22500,22500,22500,22500,12
20211013125854,22500,22500,22500,22500,13
20211013125855,22505,22505,22505,22505,125
20211013125857,22500,22500,22500,22500,12
20211013125900,22500,22500,22500,22500,12
20211013125901,22505,22505,22505,22505,1
20211013125903,22500,22500,22500,22500,13
20211013125904,22505,22505,22505,22505,1
20211013125904,22505,22505,22505,22505,2429
20211013125904,22505,22505,22505,22505,500
20211013125906,22500,22500,22500,22500,12
20211013125907,22505,22505,22505,22505,500
20211013125907,22505,22505,22505,22505,125
20211013125907,22505,22505,22505,22505,259
20211013125907,22500,22500,22500,22500,139
20211013125909,22500,22500,22500,22500,12
20211013125912,22505,22505,22505,22505,4
20211013125912,22500,22500,22500,22500,9
20211013125915,22500,22500,22500,22500,12
20211013125916,22500,22500,22500,22500,1
20211013125917,22505,22505,22505,22505,44
20211013125918,22505,22505,22505,22505,12
20211013125921,22505,22505,22505,22505,13
20211013125921,22510,22510,22510,22510,1
20211013125921,22510,22510,22510,22510,17655
20211013125922,22510,22510,22510,22510,10
20211013125923,22510,22510,22510,22510,44
20211013125924,22510,22510,22510,22510,12
20211013125924,22510,22510,22510,22510,44
20211013125925,22510,22510,22510,22510,44
20211013125925,22515,22515,22515,22515,9529
20211013125926,22520,22520,22520,22520,2484
20211013125927,22520,22520,22520,22520,10001
20211013125927,22520,22520,22520,22520,44
20211013125927,22515,22515,22515,22515,13
20211013125928,22520,22520,22520,22520,44
20211013125928,22520,22520,22520,22520,44
20211013125929,22525,22525,22525,22525,1
20211013125929,22520,22520,22520,22520,1
20211013125929,22525,22525,22525,22525,1
20211013125929,22520,22520,22520,22520,1
20211013125931,22520,22520,22520,22520,1
20211013125931,22520,22520,22520,22520,1
20211013125933,22520,22520,22520,22520,500
20211013125934,22520,22520,22520,22520,44
20211013125935,22520,22520,22520,22520,1
20211013125935,22520,22520,22520,22520,1
20211013125935,22520,22520,22520,22520,6479
20211013125938,22520,22520,22520,22520,2
20211013125938,22515,22515,22515,22515,50
20211013125939,22515,22515,22515,22515,44
20211013125940,22515,22515,22515,22515,44
20211013125944,22515,22515,22515,22515,44
20211013125944,22515,22515,22515,22515,1
20211013125944,22515,22515,22515,22515,44
20211013125944,22515,22515,22515,22515,2113
20211013125947,22515,22515,22515,22515,44
20211013125948,22515,22515,22515,22515,44
20211013125948,22515,22515,22515,22515,44
20211013125949,22515,22515,22515,22515,44
20211013125949,22515,22515,22515,22515,44
20211013125950,22515,22515,22515,22515,1
20211013125950,22515,22515,22515,22515,1
20211013125950,22515,22515,22515,22515,1
20211013125950,22515,22515,22515,22515,1
20211013125950,22515,22515,22515,22515,171
20211013125953,22515,22515,22515,22515,10
20211013125955,22515,22515,22515,22515,40
20211013125955,22515,22515,22515,22515,316
20211013125955,22515,22515,22515,22515,316
20211013125955,22515,22515,22515,22515,316
20211013125955,22515,22515,22515,22515,316
20211013125955,22515,22515,22515,22515,316
20211013125955,22515,22515,22515,22515,316
20211013125955,22515,22515,22515,22515,222
20211013125956,22520,22520,22520,22520,500
20211013125956,22515,22515,22515,22515,5
20211013125957,22515,22515,22515,22515,5
20211013125958,22510,22510,22510,22510,5
20211013125958,22515,22515,22515,22515,1
20211013125959,22510,22510,22510,22510,5
20211013130000,22510,22510,22510,22510,5
20211013130000,22515,22515,22515,22515,4
20211013130001,22515,22515,22515,22515,5
20211013130001,22515,22515,22515,22515,1
20211013130001,22520,22520,22520,22520,1
20211013130001,22520,22520,22520,22520,1
20211013130001,22520,22520,22520,22520,56
20211013130001,22520,22520,22520,22520,56
20211013130001,22520,22520,22520,22520,56
20211013130002,22515,22515,22515,22515,5
20211013130002,22520,22520,22520,22520,56
20211013130002,22515,22515,22515,22515,1
20211013130002,22515,22515,22515,22515,1
20211013130002,22520,22520,22520,22520,1
20211013130003,22515,22515,22515,22515,5
20211013130004,22520,22520,22520,22520,168
20211013130005,22520,22520,22520,22520,2211
20211013130006,22515,22515,22515,22515,13300
20211013130007,22515,22515,22515,22515,3
20211013130009,22520,22520,22520,22520,500
20211013130014,22520,22520,22520,22520,10
20211013130017,22520,22520,22520,22520,1238
20211013130017,22520,22520,22520,22520,1
20211013130020,22520,22520,22520,22520,20
20211013130020,22520,22520,22520,22520,10
20211013130022,22520,22520,22520,22520,5675
20211013130026,22520,22520,22520,22520,4159
20211013130031,22520,22520,22520,22520,10
20211013130032,22515,22515,22515,22515,1
20211013130032,22515,22515,22515,22515,1016
20211013130036,22510,22510,22510,22510,500
20211013130036,22510,22510,22510,22510,56
20211013130040,22510,22510,22510,22510,50
20211013130045,22515,22515,22515,22515,30
20211013130048,22515,22515,22515,22515,10
20211013130056,22515,22515,22515,22515,1
20211013130057,22515,22515,22515,22515,20
20211013130101,22510,22510,22510,22510,1718
20211013130101,22510,22510,22510,22510,390
20211013130102,22505,22505,22505,22505,1
20211013130102,22505,22505,22505,22505,1
20211013130102,22505,22505,22505,22505,2091
20211013130102,22505,22505,22505,22505,500
20211013130102,22500,22500,22500,22500,1
20211013130108,22500,22500,22500,22500,1
20211013130108,22505,22505,22505,22505,1
20211013130111,22510,22510,22510,22510,20
20211013130113,22500,22500,22500,22500,1
20211013130114,22505,22505,22505,22505,3
20211013130114,22505,22505,22505,22505,6
20211013130114,22505,22505,22505,22505,12
20211013130119,22505,22505,22505,22505,100
20211013130126,22505,22505,22505,22505,100
20211013130128,22505,22505,22505,22505,22
20211013130132,22505,22505,22505,22505,1
20211013130132,22505,22505,22505,22505,99
20211013130134,22505,22505,22505,22505,1
20211013130135,22505,22505,22505,22505,1
20211013130135,22500,22500,22500,22500,1
20211013130141,22500,22500,22500,22500,50
20211013130146,22500,22500,22500,22500,888
20211013130146,22500,22500,22500,22500,1
20211013130146,22500,22500,22500,22500,18713
20211013130149,22495,22495,22495,22495,1
20211013130149,22495,22495,22495,22495,220
20211013130207,22505,22505,22505,22505,5
20211013130208,22500,22500,22500,22500,5
20211013130208,22500,22500,22500,22500,5
20211013130213,22505,22505,22505,22505,1
20211013130213,22505,22505,22505,22505,120
20211013130214,22510,22510,22510,22510,3
20211013130216,22505,22505,22505,22505,45
20211013130218,22510,22510,22510,22510,30
20211013130220,22510,22510,22510,22510,2
20211013130229,22505,22505,22505,22505,500
20211013130230,22505,22505,22505,22505,15
20211013130231,22505,22505,22505,22505,3
20211013130234,22505,22505,22505,22505,1525
20211013130234,22505,22505,22505,22505,443
20211013130237,22505,22505,22505,22505,88
20211013130241,22505,22505,22505,22505,100
20211013130242,22505,22505,22505,22505,25
20211013130242,22505,22505,22505,22505,2
20211013130243,22505,22505,22505,22505,10
20211013130245,22500,22500,22500,22500,1564
20211013130246,22500,22500,22500,22500,90
20211013130248,22500,22500,22500,22500,7
20211013130253,22500,22500,22500,22500,1
20211013130253,22500,22500,22500,22500,1
20211013130254,22500,22500,22500,22500,42
20211013130256,22500,22500,22500,22500,2
20211013130257,22500,22500,22500,22500,5
20211013130302,22500,22500,22500,22500,300
20211013130306,22500,22500,22500,22500,20
20211013130308,22500,22500,22500,22500,41
20211013130314,22500,22500,22500,22500,221
20211013130315,22495,22495,22495,22495,5
20211013130316,22505,22505,22505,22505,11
20211013130323,22500,22500,22500,22500,111
20211013130325,22500,22500,22500,22500,4
20211013130331,22505,22505,22505,22505,1
20211013130331,22510,22510,22510,22510,3
20211013130336,22505,22505,22505,22505,4
20211013130338,22510,22510,22510,22510,1
20211013130350,22505,22505,22505,22505,324
20211013130353,22500,22500,22500,22500,1
20211013130357,22500,22500,22500,22500,5811
20211013130357,22500,22500,22500,22500,500
20211013130357,22500,22500,22500,22500,5
20211013130359,22500,22500,22500,22500,10
20211013130400,22495,22495,22495,22495,511
20211013130400,22490,22490,22490,22490,1
20211013130404,22500,22500,22500,22500,1
20211013130404,22500,22500,22500,22500,1
20211013130425,22500,22500,22500,22500,1
20211013130428,22500,22500,22500,22500,1
20211013130450,22500,22500,22500,22500,57
20211013130450,22500,22500,22500,22500,1
20211013130456,22500,22500,22500,22500,50
20211013130500,22495,22495,22495,22495,910
20211013130500,22490,22490,22490,22490,1
20211013130500,22490,22490,22490,22490,1
20211013130511,22495,22495,22495,22495,1
20211013130511,22495,22495,22495,22495,500
20211013130512,22500,22500,22500,22500,1
20211013130514,22495,22495,22495,22495,210
20211013130518,22495,22495,22495,22495,1
20211013130520,22495,22495,22495,22495,1
20211013130523,22495,22495,22495,22495,1
20211013130523,22490,22490,22490,22490,1
20211013130523,22495,22495,22495,22495,1
20211013130526,22495,22495,22495,22495,1
20211013130526,22490,22490,22490,22490,21828
20211013130527,22485,22485,22485,22485,300
20211013130527,22485,22485,22485,22485,501
20211013130527,22490,22490,22490,22490,1000
20211013130528,22490,22490,22490,22490,25
20211013130528,22490,22490,22490,22490,1
20211013130528,22490,22490,22490,22490,1
20211013130529,22490,22490,22490,22490,1
20211013130532,22490,22490,22490,22490,1
20211013130533,22490,22490,22490,22490,1
20211013130533,22490,22490,22490,22490,1
20211013130533,22490,22490,22490,22490,9
20211013130533,22485,22485,22485,22485,1
20211013130537,22490,22490,22490,22490,1
20211013130537,22490,22490,22490,22490,1
20211013130538,22490,22490,22490,22490,432
20211013130541,22490,22490,22490,22490,2
20211013130545,22490,22490,22490,22490,1
20211013130545,22490,22490,22490,22490,1
20211013130545,22490,22490,22490,22490,99
20211013130546,22495,22495,22495,22495,1
20211013130546,22495,22495,22495,22495,102
20211013130547,22490,22490,22490,22490,1
20211013130547,22490,22490,22490,22490,1
20211013130548,22490,22490,22490,22490,139
20211013130548,22490,22490,22490,22490,1
20211013130548,22495,22495,22495,22495,2095
20211013130549,22495,22495,22495,22495,400
20211013130551,22490,22490,22490,22490,1
20211013130553,22495,22495,22495,22495,1
20211013130555,22490,22490,22490,22490,1
20211013130558,22495,22495,22495,22495,1
20211013130558,22500,22500,22500,22500,1
20211013130559,22500,22500,22500,22500,3643
20211013130559,22500,22500,22500,22500,3474
20211013130559,22500,22500,22500,22500,5118
20211013130559,22505,22505,22505,22505,200
20211013130601,22500,22500,22500,22500,100
20211013130601,22500,22500,22500,22500,500
20211013130601,22500,22500,22500,22500,125
20211013130602,22495,22495,22495,22495,1
20211013130605,22500,22500,22500,22500,1
20211013130606,22495,22495,22495,22495,1
20211013130607,22500,22500,22500,22500,375
20211013130609,22500,22500,22500,22500,100
20211013130609,22500,22500,22500,22500,604
20211013130609,22495,22495,22495,22495,1
20211013130612,22500,22500,22500,22500,10
20211013130612,22495,22495,22495,22495,1
20211013130616,22495,22495,22495,22495,1
20211013130619,22495,22495,22495,22495,3
20211013130620,22495,22495,22495,22495,36
20211013130620,22490,22490,22490,22490,1
20211013130621,22495,22495,22495,22495,300
20211013130624,22495,22495,22495,22495,50
20211013130624,22490,22490,22490,22490,1
20211013130628,22490,22490,22490,22490,1
20211013130631,22495,22495,22495,22495,1
20211013130632,22495,22495,22495,22495,1
20211013130636,22495,22495,22495,22495,1
20211013130640,22495,22495,22495,22495,27
20211013130640,22490,22490,22490,22490,1
20211013130640,22495,22495,22495,22495,1
20211013130644,22495,22495,22495,22495,1
20211013130647,22495,22495,22495,22495,1
20211013130647,22495,22495,22495,22495,96
20211013130648,22495,22495,22495,22495,1
20211013130651,22490,22490,22490,22490,1
20211013130654,22495,22495,22495,22495,1
20211013130656,22495,22495,22495,22495,2
20211013130657,22500,22500,22500,22500,1
20211013130657,22500,22500,22500,22500,1
20211013130657,22500,22500,22500,22500,1
20211013130657,22500,22500,22500,22500,1
20211013130657,22495,22495,22495,22495,1
20211013130701,22500,22500,22500,22500,1
20211013130701,22495,22495,22495,22495,1
20211013130701,22500,22500,22500,22500,41
20211013130704,22495,22495,22495,22495,1
20211013130707,22495,22495,22495,22495,1
20211013130711,22495,22495,22495,22495,1
20211013130712,22500,22500,22500,22500,20
20211013130714,22495,22495,22495,22495,1
20211013130715,22500,22500,22500,22500,100
20211013130716,22500,22500,22500,22500,100
20211013130717,22500,22500,22500,22500,100
20211013130718,22495,22495,22495,22495,1
20211013130719,22495,22495,22495,22495,52
20211013130721,22495,22495,22495,22495,1
20211013130723,22500,22500,22500,22500,50
20211013130723,22495,22495,22495,22495,439
20211013130725,22490,22490,22490,22490,1
20211013130728,22490,22490,22490,22490,1
20211013130730,22490,22490,22490,22490,25
20211013130733,22490,22490,22490,22490,1
20211013130737,22490,22490,22490,22490,1
20211013130741,22490,22490,22490,22490,1
20211013130755,22490,22490,22490,22490,100
20211013130756,22495,22495,22495,22495,10
20211013130756,22495,22495,22495,22495,500
20211013130757,22490,22490,22490,22490,1
20211013130758,22495,22495,22495,22495,1
20211013130801,22495,22495,22495,22495,40
20211013130819,22500,22500,22500,22500,1
20211013130819,22500,22500,22500,22500,1
20211013130819,22500,22500,22500,22500,1
20211013130819,22500,22500,22500,22500,577
20211013130820,22500,22500,22500,22500,100
20211013130820,22500,22500,22500,22500,300
20211013130823,22505,22505,22505,22505,342
20211013130825,22510,22510,22510,22510,22704
20211013130825,22515,22515,22515,22515,1
20211013130827,22515,22515,22515,22515,1
20211013130829,22515,22515,22515,22515,1
20211013130829,22510,22510,22510,22510,1
20211013130830,22510,22510,22510,22510,509
20211013130830,22515,22515,22515,22515,1
20211013130831,22510,22510,22510,22510,1
20211013130833,22515,22515,22515,22515,1
20211013130834,22515,22515,22515,22515,97
20211013130834,22520,22520,22520,22520,1
20211013130836,22515,22515,22515,22515,100
20211013130836,22515,22515,22515,22515,999
20211013130839,22520,22520,22520,22520,1321
20211013130839,22520,22520,22520,22520,7407
20211013130839,22525,22525,22525,22525,1
20211013130839,22525,22525,22525,22525,8916
20211013130839,22530,22530,22530,22530,4905
20211013130839,22525,22525,22525,22525,1
20211013130839,22525,22525,22525,22525,1
20211013130840,22525,22525,22525,22525,1
20211013130840,22525,22525,22525,22525,1
20211013130841,22525,22525,22525,22525,1
20211013130841,22525,22525,22525,22525,1
20211013130841,22525,22525,22525,22525,1
20211013130841,22520,22520,22520,22520,1
20211013130843,22530,22530,22530,22530,500
20211013130844,22530,22530,22530,22530,1
20211013130844,22530,22530,22530,22530,1
20211013130844,22530,22530,22530,22530,1581
20211013130845,22530,22530,22530,22530,1
20211013130846,22530,22530,22530,22530,1058
20211013130848,22535,22535,22535,22535,8
20211013130848,22535,22535,22535,22535,3
20211013130849,22530,22530,22530,22530,300
20211013130850,22535,22535,22535,22535,50
20211013130851,22530,22530,22530,22530,10500
20211013130852,22530,22530,22530,22530,18
20211013130854,22530,22530,22530,22530,500
20211013130857,22530,22530,22530,22530,7710
20211013130857,22535,22535,22535,22535,1
20211013130859,22535,22535,22535,22535,11
20211013130900,22535,22535,22535,22535,6684
20211013130901,22535,22535,22535,22535,2158
20211013130901,22535,22535,22535,22535,500
20211013130902,22530,22530,22530,22530,1
20211013130902,22530,22530,22530,22530,1
20211013130902,22530,22530,22530,22530,2082
20211013130902,22525,22525,22525,22525,183
20211013130904,22525,22525,22525,22525,4
20211013130904,22525,22525,22525,22525,1
20211013130905,22530,22530,22530,22530,1
20211013130905,22525,22525,22525,22525,17
20211013130905,22530,22530,22530,22530,1700
20211013130910,22530,22530,22530,22530,10
20211013130912,22530,22530,22530,22530,302
20211013130913,22525,22525,22525,22525,1
20211013130913,22525,22525,22525,22525,1
20211013130913,22530,22530,22530,22530,10
20211013130914,22530,22530,22530,22530,682
20211013130916,22530,22530,22530,22530,1
20211013130916,22530,22530,22530,22530,2137
20211013130916,22525,22525,22525,22525,1
20211013130917,22535,22535,22535,22535,5
20211013130920,22530,22530,22530,22530,2
20211013130921,22525,22525,22525,22525,2558
20211013130923,22530,22530,22530,22530,50
20211013130925,22530,22530,22530,22530,20
20211013130928,22520,22520,22520,22520,1
20211013130928,22520,22520,22520,22520,1
20211013130928,22525,22525,22525,22525,1
20211013130928,22520,22520,22520,22520,1
20211013130928,22520,22520,22520,22520,1
20211013130928,22520,22520,22520,22520,1
20211013130930,22520,22520,22520,22520,183
20211013130930,22525,22525,22525,22525,1
20211013130930,22525,22525,22525,22525,1
20211013130931,22525,22525,22525,22525,13700
20211013130933,22525,22525,22525,22525,11
20211013130934,22530,22530,22530,22530,25
20211013130934,22525,22525,22525,22525,500
20211013130935,22520,22520,22520,22520,1
20211013130942,22520,22520,22520,22520,50
20211013130943,22520,22520,22520,22520,10
20211013130947,22525,22525,22525,22525,118
20211013130949,22520,22520,22520,22520,100
20211013130951,22525,22525,22525,22525,1
20211013130957,22530,22530,22530,22530,1
20211013130957,22525,22525,22525,22525,1
20211013130958,22530,22530,22530,22530,12
20211013130959,22525,22525,22525,22525,220
20211013131000,22530,22530,22530,22530,359
20211013131000,22530,22530,22530,22530,359
20211013131000,22530,22530,22530,22530,10
20211013131000,22525,22525,22525,22525,280
20211013131001,22530,22530,22530,22530,500
20211013131004,22525,22525,22525,22525,100
20211013131004,22530,22530,22530,22530,1000
20211013131004,22530,22530,22530,22530,1
20211013131005,22530,22530,22530,22530,1
20211013131005,22530,22530,22530,22530,1
20211013131006,22530,22530,22530,22530,8
20211013131006,22530,22530,22530,22530,1101
20211013131006,22525,22525,22525,22525,100
20211013131006,22535,22535,22535,22535,1
20211013131009,22530,22530,22530,22530,20
20211013131009,22530,22530,22530,22530,1
20211013131010,22525,22525,22525,22525,13601
20211013131012,22530,22530,22530,22530,20
20211013131013,22525,22525,22525,22525,37
20211013131014,22520,22520,22520,22520,1
20211013131015,22520,22520,22520,22520,3
20211013131017,22520,22520,22520,22520,317
20211013131017,22525,22525,22525,22525,1
20211013131017,22525,22525,22525,22525,2
20211013131019,22520,22520,22520,22520,22
20211013131024,22520,22520,22520,22520,5
20211013131024,22520,22520,22520,22520,6
20211013131024,22525,22525,22525,22525,44
20211013131029,22520,22520,22520,22520,1
20211013131032,22525,22525,22525,22525,1
20211013131040,22525,22525,22525,22525,1
20211013131041,22525,22525,22525,22525,30
20211013131041,22530,22530,22530,22530,1
20211013131041,22530,22530,22530,22530,1
20211013131044,22530,22530,22530,22530,1
20211013131044,22530,22530,22530,22530,1
20211013131045,22530,22530,22530,22530,1
20211013131048,22530,22530,22530,22530,377
20211013131049,22525,22525,22525,22525,100
20211013131051,22525,22525,22525,22525,1
20211013131057,22525,22525,22525,22525,1
20211013131057,22525,22525,22525,22525,1
20211013131057,22530,22530,22530,22530,1
20211013131058,22530,22530,22530,22530,300
20211013131058,22530,22530,22530,22530,202
20211013131059,22530,22530,22530,22530,17
20211013131101,22530,22530,22530,22530,2
20211013131102,22530,22530,22530,22530,1
20211013131102,22530,22530,22530,22530,499
20211013131105,22530,22530,22530,22530,1
20211013131105,22530,22530,22530,22530,1
20211013131111,22530,22530,22530,22530,1
20211013131113,22535,22535,22535,22535,1
20211013131113,22535,22535,22535,22535,1
20211013131113,22530,22530,22530,22530,1
20211013131113,22530,22530,22530,22530,1
20211013131113,22530,22530,22530,22530,1
20211013131115,22535,22535,22535,22535,6982
20211013131115,22535,22535,22535,22535,89
20211013131126,22535,22535,22535,22535,5
20211013131135,22535,22535,22535,22535,1
20211013131135,22535,22535,22535,22535,1
20211013131139,22535,22535,22535,22535,2394
20211013131144,22535,22535,22535,22535,1
20211013131144,22530,22530,22530,22530,1
20211013131145,22530,22530,22530,22530,510
20211013131149,22530,22530,22530,22530,4
20211013131151,22530,22530,22530,22530,7
20211013131155,22530,22530,22530,22530,500
20211013131156,22530,22530,22530,22530,5
20211013131157,22535,22535,22535,22535,2
20211013131157,22535,22535,22535,22535,1
20211013131157,22535,22535,22535,22535,47
20211013131157,22540,22540,22540,22540,1
20211013131157,22540,22540,22540,22540,1
20211013131157,22540,22540,22540,22540,5314
20211013131158,22540,22540,22540,22540,2626
20211013131159,22540,22540,22540,22540,7940
20211013131205,22540,22540,22540,22540,7940
20211013131207,22540,22540,22540,22540,2000
20211013131207,22540,22540,22540,22540,1461
20211013131211,22545,22545,22545,22545,1
20211013131211,22545,22545,22545,22545,1
20211013131211,22545,22545,22545,22545,36902
20211013131211,22545,22545,22545,22545,1
20211013131212,22550,22550,22550,22550,1
20211013131212,22545,22545,22545,22545,10
20211013131213,22545,22545,22545,22545,1
20211013131214,22545,22545,22545,22545,5
20211013131214,22545,22545,22545,22545,1
20211013131215,22545,22545,22545,22545,1000
20211013131216,22545,22545,22545,22545,1
20211013131217,22545,22545,22545,22545,1437
20211013131217,22545,22545,22545,22545,20
20211013131221,22550,22550,22550,22550,16183
20211013131221,22550,22550,22550,22550,221
20211013131224,22550,22550,22550,22550,1
20211013131225,22550,22550,22550,22550,41
20211013131225,22550,22550,22550,22550,459
20211013131226,22550,22550,22550,22550,50
20211013131226,22550,22550,22550,22550,1
20211013131229,22550,22550,22550,22550,1
20211013131230,22550,22550,22550,22550,498
20211013131234,22550,22550,22550,22550,1
20211013131234,22550,22550,22550,22550,10
20211013131235,22550,22550,22550,22550,1
20211013131235,22555,22555,22555,22555,100
20211013131239,22555,22555,22555,22555,12
20211013131242,22555,22555,22555,22555,330
20211013131242,22555,22555,22555,22555,200
20211013131243,22550,22550,22550,22550,1
20211013131246,22550,22550,22550,22550,3051
20211013131247,22550,22550,22550,22550,221
20211013131253,22550,22550,22550,22550,10
20211013131256,22550,22550,22550,22550,10
20211013131259,22550,22550,22550,22550,10
20211013131303,22545,22545,22545,22545,11
20211013131303,22550,22550,22550,22550,8539
20211013131303,22550,22550,22550,22550,1803
20211013131303,22550,22550,22550,22550,3644
20211013131303,22545,22545,22545,22545,8632
20211013131303,22545,22545,22545,22545,500
20211013131303,22545,22545,22545,22545,500
20211013131313,22545,22545,22545,22545,88
20211013131314,22545,22545,22545,22545,3000
20211013131315,22545,22545,22545,22545,100
20211013131320,22550,22550,22550,22550,10
20211013131320,22550,22550,22550,22550,1
20211013131320,22550,22550,22550,22550,1
20211013131323,22555,22555,22555,22555,1
20211013131323,22555,22555,22555,22555,2085
20211013131323,22555,22555,22555,22555,1
20211013131323,22555,22555,22555,22555,11855
20211013131327,22560,22560,22560,22560,1
20211013131328,22560,22560,22560,22560,1
20211013131330,22555,22555,22555,22555,1
20211013131331,22555,22555,22555,22555,1
20211013131331,22560,22560,22560,22560,1
20211013131331,22555,22555,22555,22555,1
20211013131331,22560,22560,22560,22560,1
20211013131332,22560,22560,22560,22560,40
20211013131332,22555,22555,22555,22555,100
20211013131332,22555,22555,22555,22555,4218
20211013131334,22555,22555,22555,22555,511
20211013131335,22560,22560,22560,22560,2000
20211013131336,22560,22560,22560,22560,7
20211013131338,22560,22560,22560,22560,10
20211013131340,22555,22555,22555,22555,1
20211013131340,22560,22560,22560,22560,15
20211013131341,22560,22560,22560,22560,3022
20211013131341,22560,22560,22560,22560,1
20211013131341,22560,22560,22560,22560,1
20211013131341,22560,22560,22560,22560,9
20211013131342,22560,22560,22560,22560,2075
20211013131343,22555,22555,22555,22555,430
20211013131344,22555,22555,22555,22555,305
20211013131351,22560,22560,22560,22560,10
20211013131352,22560,22560,22560,22560,500
20211013131355,22560,22560,22560,22560,1
20211013131400,22560,22560,22560,22560,2000
20211013131401,22555,22555,22555,22555,145
20211013131401,22555,22555,22555,22555,10
20211013131406,22550,22550,22550,22550,1
20211013131406,22550,22550,22550,22550,1
20211013131409,22555,22555,22555,22555,1000
20211013131410,22550,22550,22550,22550,1000
20211013131410,22560,22560,22560,22560,10
20211013131415,22560,22560,22560,22560,10
20211013131416,22555,22555,22555,22555,10
20211013131416,22555,22555,22555,22555,100
20211013131416,22560,22560,22560,22560,1400
20211013131416,22555,22555,22555,22555,10
20211013131418,22550,22550,22550,22550,1
20211013131420,22555,22555,22555,22555,11
20211013131421,22555,22555,22555,22555,30
20211013131423,22550,22550,22550,22550,1
20211013131426,22550,22550,22550,22550,1
20211013131426,22555,22555,22555,22555,1
20211013131428,22550,22550,22550,22550,200
20211013131428,22550,22550,22550,22550,4382
20211013131428,22555,22555,22555,22555,1
20211013131429,22550,22550,22550,22550,3
20211013131429,22550,22550,22550,22550,1
20211013131429,22550,22550,22550,22550,49
20211013131429,22550,22550,22550,22550,1
20211013131430,22550,22550,22550,22550,1
20211013131430,22550,22550,22550,22550,499
20211013131430,22555,22555,22555,22555,2501
20211013131431,22550,22550,22550,22550,1
20211013131431,22550,22550,22550,22550,1
20211013131432,22550,22550,22550,22550,100
20211013131432,22550,22550,22550,22550,1
20211013131433,22550,22550,22550,22550,1
20211013131434,22550,22550,22550,22550,1
20211013131435,22550,22550,22550,22550,1
20211013131435,22550,22550,22550,22550,1
20211013131435,22550,22550,22550,22550,8
20211013131436,22550,22550,22550,22550,1
20211013131436,22550,22550,22550,22550,1
20211013131436,22550,22550,22550,22550,1
20211013131437,22550,22550,22550,22550,1
20211013131438,22550,22550,22550,22550,1
20211013131438,22550,22550,22550,22550,1
20211013131438,22550,22550,22550,22550,1
20211013131439,22550,22550,22550,22550,1
20211013131439,22550,22550,22550,22550,1
20211013131439,22550,22550,22550,22550,13
20211013131441,22550,22550,22550,22550,3
20211013131441,22550,22550,22550,22550,1
20211013131441,22550,22550,22550,22550,1
20211013131441,22550,22550,22550,22550,1
20211013131442,22550,22550,22550,22550,2744
20211013131442,22555,22555,22555,22555,1
20211013131443,22555,22555,22555,22555,1
20211013131444,22550,22550,22550,22550,5
20211013131444,22550,22550,22550,22550,1
20211013131444,22555,22555,22555,22555,1
20211013131446,22550,22550,22550,22550,3
20211013131446,22545,22545,22545,22545,97
20211013131446,22555,22555,22555,22555,1
20211013131446,22550,22550,22550,22550,1
20211013131446,22550,22550,22550,22550,1100
20211013131446,22550,22550,22550,22550,1
20211013131447,22550,22550,22550,22550,1
20211013131447,22550,22550,22550,22550,1
20211013131447,22550,22550,22550,22550,1
20211013131448,22550,22550,22550,22550,1
20211013131448,22550,22550,22550,22550,1
20211013131448,22550,22550,22550,22550,1
20211013131448,22550,22550,22550,22550,1
20211013131449,22550,22550,22550,22550,1
20211013131449,22550,22550,22550,22550,1
20211013131449,22550,22550,22550,22550,1
20211013131449,22545,22545,22545,22545,1
20211013131450,22550,22550,22550,22550,1
20211013131450,22550,22550,22550,22550,1
20211013131450,22550,22550,22550,22550,1
20211013131451,22550,22550,22550,22550,1
20211013131451,22550,22550,22550,22550,1
20211013131451,22550,22550,22550,22550,1
20211013131452,22550,22550,22550,22550,1
20211013131500,22550,22550,22550,22550,1
20211013131501,22550,22550,22550,22550,1
20211013131503,22550,22550,22550,22550,6
20211013131506,22545,22545,22545,22545,279
20211013131512,22550,22550,22550,22550,3624
20211013131517,22545,22545,22545,22545,5
20211013131518,22545,22545,22545,22545,50
20211013131521,22545,22545,22545,22545,1
20211013131522,22550,22550,22550,22550,2
20211013131522,22550,22550,22550,22550,9
20211013131525,22550,22550,22550,22550,164
20211013131526,22550,22550,22550,22550,1
20211013131535,22545,22545,22545,22545,5644
20211013131538,22545,22545,22545,22545,10
20211013131544,22540,22540,22540,22540,1
20211013131544,22540,22540,22540,22540,11492
20211013131546,22535,22535,22535,22535,2469
20211013131548,22540,22540,22540,22540,1
20211013131548,22540,22540,22540,22540,1
20211013131548,22540,22540,22540,22540,1
20211013131548,22540,22540,22540,22540,1
20211013131551,22540,22540,22540,22540,100
20211013131552,22530,22530,22530,22530,1
20211013131553,22535,22535,22535,22535,50
20211013131557,22535,22535,22535,22535,1
20211013131558,22540,22540,22540,22540,1
20211013131600,22535,22535,22535,22535,506
20211013131600,22535,22535,22535,22535,1
20211013131601,22535,22535,22535,22535,1
20211013131601,22535,22535,22535,22535,1
20211013131607,22535,22535,22535,22535,1000
20211013131608,22540,22540,22540,22540,5
20211013131609,22535,22535,22535,22535,1349
20211013131609,22535,22535,22535,22535,1
20211013131609,22535,22535,22535,22535,1000
20211013131612,22535,22535,22535,22535,4
20211013131613,22535,22535,22535,22535,2
20211013131613,22535,22535,22535,22535,1
20211013131613,22535,22535,22535,22535,1
20211013131613,22535,22535,22535,22535,1
20211013131614,22535,22535,22535,22535,1
20211013131615,22535,22535,22535,22535,1
20211013131616,22535,22535,22535,22535,1
20211013131616,22535,22535,22535,22535,1
20211013131617,22535,22535,22535,22535,1
20211013131617,22530,22530,22530,22530,1
20211013131618,22535,22535,22535,22535,10
20211013131619,22530,22530,22530,22530,866
20211013131620,22530,22530,22530,22530,1
20211013131620,22530,22530,22530,22530,1
20211013131621,22535,22535,22535,22535,100
20211013131624,22530,22530,22530,22530,1000
20211013131626,22530,22530,22530,22530,1108
20211013131627,22530,22530,22530,22530,102
20211013131627,22525,22525,22525,22525,718
20211013131627,22525,22525,22525,22525,1
20211013131627,22520,22520,22520,22520,1
20211013131627,22520,22520,22520,22520,1
20211013131627,22520,22520,22520,22520,1
20211013131627,22520,22520,22520,22520,1
20211013131627,22530,22530,22530,22530,1
20211013131628,22525,22525,22525,22525,1
20211013131629,22525,22525,22525,22525,1
20211013131629,22525,22525,22525,22525,1
20211013131630,22525,22525,22525,22525,1
20211013131631,22525,22525,22525,22525,3
20211013131631,22520,22520,22520,22520,704
20211013131631,22525,22525,22525,22525,1
20211013131632,22525,22525,22525,22525,1
20211013131632,22520,22520,22520,22520,1
20211013131633,22520,22520,22520,22520,1
20211013131636,22520,22520,22520,22520,7
20211013131637,22525,22525,22525,22525,5
20211013131637,22520,22520,22520,22520,5
20211013131639,22525,22525,22525,22525,1
20211013131639,22525,22525,22525,22525,1
20211013131641,22520,22520,22520,22520,18
20211013131646,22525,22525,22525,22525,1
20211013131646,22525,22525,22525,22525,1
20211013131647,22525,22525,22525,22525,96
20211013131649,22525,22525,22525,22525,100
20211013131649,22520,22520,22520,22520,200
20211013131652,22530,22530,22530,22530,52
20211013131656,22525,22525,22525,22525,30
20211013131700,22535,22535,22535,22535,1
20211013131700,22535,22535,22535,22535,1
20211013131700,22535,22535,22535,22535,1
20211013131700,22530,22530,22530,22530,1
20211013131700,22535,22535,22535,22535,35
20211013131706,22530,22530,22530,22530,898
20211013131706,22525,22525,22525,22525,1
20211013131706,22525,22525,22525,22525,139
20211013131707,22525,22525,22525,22525,11
20211013131710,22525,22525,22525,22525,10
20211013131710,22525,22525,22525,22525,11
20211013131713,22525,22525,22525,22525,4
20211013131713,22525,22525,22525,22525,7
20211013131713,22525,22525,22525,22525,11
20211013131715,22520,22520,22520,22520,1
20211013131715,22520,22520,22520,22520,1
20211013131716,22525,22525,22525,22525,11
20211013131717,22525,22525,22525,22525,1
20211013131718,22525,22525,22525,22525,1
20211013131719,22525,22525,22525,22525,11
20211013131719,22525,22525,22525,22525,50
20211013131721,22525,22525,22525,22525,25
20211013131721,22525,22525,22525,22525,11
20211013131722,22525,22525,22525,22525,250
20211013131724,22525,22525,22525,22525,11
20211013131726,22520,22520,22520,22520,1
20211013131726,22520,22520,22520,22520,1521
20211013131727,22520,22520,22520,22520,1
20211013131727,22525,22525,22525,22525,11
20211013131727,22525,22525,22525,22525,1
20211013131730,22525,22525,22525,22525,11
20211013131731,22525,22525,22525,22525,10
20211013131733,22525,22525,22525,22525,11
20211013131733,22525,22525,22525,22525,1
20211013131734,22525,22525,22525,22525,10
20211013131735,22525,22525,22525,22525,11
20211013131739,22525,22525,22525,22525,11
20211013131740,22525,22525,22525,22525,15
20211013131743,22520,22520,22520,22520,1
20211013131745,22525,22525,22525,22525,1
20211013131747,22525,22525,22525,22525,1
20211013131748,22525,22525,22525,22525,1
20211013131748,22525,22525,22525,22525,11
20211013131749,22525,22525,22525,22525,1
20211013131750,22525,22525,22525,22525,1
20211013131752,22525,22525,22525,22525,11
20211013131752,22525,22525,22525,22525,2
20211013131755,22525,22525,22525,22525,11
20211013131756,22520,22520,22520,22520,1
20211013131757,22525,22525,22525,22525,17
20211013131758,22520,22520,22520,22520,1
20211013131758,22525,22525,22525,22525,11
20211013131759,22520,22520,22520,22520,1277
20211013131802,22515,22515,22515,22515,1
20211013131802,22515,22515,22515,22515,1564
20211013131802,22515,22515,22515,22515,11
20211013131802,22510,22510,22510,22510,3
20211013131805,22515,22515,22515,22515,1216
20211013131807,22515,22515,22515,22515,1
20211013131807,22515,22515,22515,22515,1
20211013131812,22520,22520,22520,22520,10
20211013131815,22520,22520,22520,22520,11
20211013131815,22520,22520,22520,22520,2030
20211013131817,22525,22525,22525,22525,1
20211013131819,22525,22525,22525,22525,2154
20211013131820,22525,22525,22525,22525,1
20211013131823,22530,22530,22530,22530,845
20211013131824,22530,22530,22530,22530,16
20211013131826,22530,22530,22530,22530,1
20211013131828,22530,22530,22530,22530,1
20211013131829,22525,22525,22525,22525,11
20211013131830,22530,22530,22530,22530,2
20211013131831,22525,22525,22525,22525,2272
20211013131834,22520,22520,22520,22520,6668
20211013131834,22520,22520,22520,22520,1
20211013131834,22520,22520,22520,22520,1
20211013131840,22520,22520,22520,22520,10
20211013131842,22520,22520,22520,22520,40
20211013131843,22520,22520,22520,22520,20
20211013131846,22520,22520,22520,22520,100
20211013131846,22525,22525,22525,22525,1
20211013131849,22515,22515,22515,22515,1
20211013131849,22515,22515,22515,22515,1337
20211013131852,22520,22520,22520,22520,11
20211013131858,22520,22520,22520,22520,5
20211013131900,22520,22520,22520,22520,501
20211013131900,22525,22525,22525,22525,675
20211013131902,22515,22515,22515,22515,239
20211013131905,22515,22515,22515,22515,1
20211013131912,22525,22525,22525,22525,1
20211013131912,22525,22525,22525,22525,3
20211013131920,22525,22525,22525,22525,2
20211013131924,22525,22525,22525,22525,248
20211013131932,22525,22525,22525,22525,1
20211013131946,22520,22520,22520,22520,1174
20211013131946,22515,22515,22515,22515,1
20211013131952,22520,22520,22520,22520,1
20211013131952,22520,22520,22520,22520,50
20211013131954,22520,22520,22520,22520,1100
20211013131956,22520,22520,22520,22520,4
20211013131958,22525,22525,22525,22525,1299
20211013132001,22530,22530,22530,22530,44
20211013132002,22525,22525,22525,22525,50
20211013132003,22525,22525,22525,22525,33
20211013132005,22530,22530,22530,22530,1
20211013132005,22530,22530,22530,22530,1
20211013132010,22530,22530,22530,22530,1
20211013132011,22525,22525,22525,22525,5
20211013132019,22525,22525,22525,22525,8504
20211013132022,22525,22525,22525,22525,50
20211013132022,22525,22525,22525,22525,50
20211013132025,22525,22525,22525,22525,1200
20211013132030,22520,22520,22520,22520,1
20211013132034,22525,22525,22525,22525,1
20211013132034,22525,22525,22525,22525,144
20211013132035,22525,22525,22525,22525,1
20211013132039,22525,22525,22525,22525,50
20211013132049,22525,22525,22525,22525,8
20211013132049,22520,22520,22520,22520,1
20211013132049,22520,22520,22520,22520,1
20211013132052,22525,22525,22525,22525,10
20211013132106,22520,22520,22520,22520,4529
20211013132106,22515,22515,22515,22515,1
20211013132108,22520,22520,22520,22520,1
20211013132116,22515,22515,22515,22515,135
20211013132116,22510,22510,22510,22510,65
20211013132116,22515,22515,22515,22515,650
20211013132117,22515,22515,22515,22515,8
20211013132117,22515,22515,22515,22515,2
20211013132117,22515,22515,22515,22515,1
20211013132127,22520,22520,22520,22520,1
20211013132132,22515,22515,22515,22515,1
20211013132132,22515,22515,22515,22515,49
20211013132132,22520,22520,22520,22520,108
20211013132133,22520,22520,22520,22520,10
20211013132138,22520,22520,22520,22520,11
20211013132140,22520,22520,22520,22520,2158
20211013132143,22520,22520,22520,22520,1
20211013132146,22520,22520,22520,22520,10
20211013132149,22515,22515,22515,22515,1
20211013132149,22520,22520,22520,22520,1
20211013132149,22515,22515,22515,22515,102
20211013132151,22520,22520,22520,22520,5
20211013132153,22520,22520,22520,22520,1
20211013132158,22515,22515,22515,22515,1
20211013132200,22520,22520,22520,22520,5
20211013132200,22520,22520,22520,22520,78
20211013132201,22520,22520,22520,22520,691
20211013132204,22525,22525,22525,22525,1
20211013132209,22525,22525,22525,22525,302
20211013132209,22525,22525,22525,22525,20
20211013132213,22530,22530,22530,22530,1
20211013132213,22530,22530,22530,22530,1
20211013132220,22520,22520,22520,22520,1
20211013132225,22525,22525,22525,22525,101
20211013132228,22525,22525,22525,22525,51
20211013132229,22530,22530,22530,22530,4224
20211013132230,22530,22530,22530,22530,500
20211013132232,22525,22525,22525,22525,900
20211013132235,22530,22530,22530,22530,1049
20211013132238,22525,22525,22525,22525,1
20211013132239,22525,22525,22525,22525,3
20211013132242,22530,22530,22530,22530,150
20211013132248,22530,22530,22530,22530,1
20211013132254,22535,22535,22535,22535,250
20211013132258,22535,22535,22535,22535,1
20211013132259,22525,22525,22525,22525,1
20211013132259,22530,22530,22530,22530,1
20211013132306,22530,22530,22530,22530,1
20211013132306,22525,22525,22525,22525,250
20211013132316,22525,22525,22525,22525,2419
20211013132316,22525,22525,22525,22525,898
20211013132319,22520,22520,22520,22520,1
20211013132325,22530,22530,22530,22530,1
20211013132334,22530,22530,22530,22530,5
20211013132334,22525,22525,22525,22525,1
20211013132334,22530,22530,22530,22530,11
20211013132338,22530,22530,22530,22530,1
20211013132343,22530,22530,22530,22530,2
20211013132346,22530,22530,22530,22530,100
20211013132349,22530,22530,22530,22530,10280
20211013132351,22530,22530,22530,22530,8
20211013132351,22525,22525,22525,22525,492
20211013132355,22535,22535,22535,22535,1
20211013132402,22535,22535,22535,22535,3
20211013132412,22535,22535,22535,22535,100
20211013132414,22530,22530,22530,22530,1771
20211013132417,22530,22530,22530,22530,21
20211013132420,22530,22530,22530,22530,2
20211013132421,22525,22525,22525,22525,1
20211013132427,22525,22525,22525,22525,60
20211013132428,22525,22525,22525,22525,1
20211013132428,22525,22525,22525,22525,1
20211013132429,22525,22525,22525,22525,559
20211013132435,22525,22525,22525,22525,302
20211013132437,22525,22525,22525,22525,1
20211013132438,22525,22525,22525,22525,1
20211013132441,22525,22525,22525,22525,1
20211013132441,22525,22525,22525,22525,1
20211013132442,22525,22525,22525,22525,1
20211013132442,22530,22530,22530,22530,57
20211013132446,22530,22530,22530,22530,1
20211013132449,22530,22530,22530,22530,1
20211013132451,22530,22530,22530,22530,1
20211013132451,22530,22530,22530,22530,1
20211013132452,22530,22530,22530,22530,9
20211013132454,22530,22530,22530,22530,1
20211013132455,22530,22530,22530,22530,1
20211013132456,22535,22535,22535,22535,1
20211013132456,22535,22535,22535,22535,1
20211013132456,22535,22535,22535,22535,1843
20211013132456,22530,22530,22530,22530,1
20211013132458,22530,22530,22530,22530,1
20211013132458,22530,22530,22530,22530,1
20211013132459,22535,22535,22535,22535,1
20211013132500,22535,22535,22535,22535,1
20211013132501,22535,22535,22535,22535,1
20211013132501,22530,22530,22530,22530,99
20211013132502,22535,22535,22535,22535,1
20211013132505,22540,22540,22540,22540,1
20211013132505,22540,22540,22540,22540,1
20211013132505,22540,22540,22540,22540,1
20211013132505,22535,22535,22535,22535,1
20211013132505,22535,22535,22535,22535,1
20211013132505,22540,22540,22540,22540,1
20211013132506,22540,22540,22540,22540,1
20211013132507,22535,22535,22535,22535,1
20211013132507,22540,22540,22540,22540,4838
20211013132508,22540,22540,22540,22540,1
20211013132509,22540,22540,22540,22540,300
20211013132511,22535,22535,22535,22535,1
20211013132511,22535,22535,22535,22535,1
20211013132511,22540,22540,22540,22540,150
20211013132512,22535,22535,22535,22535,100
20211013132512,22535,22535,22535,22535,500
20211013132519,22540,22540,22540,22540,1
20211013132519,22535,22535,22535,22535,10
20211013132523,22535,22535,22535,22535,4
20211013132523,22535,22535,22535,22535,170
20211013132523,22535,22535,22535,22535,1
20211013132526,22535,22535,22535,22535,419
20211013132526,22535,22535,22535,22535,400
20211013132528,22530,22530,22530,22530,1
20211013132528,22535,22535,22535,22535,1
20211013132528,22540,22540,22540,22540,1
20211013132528,22530,22530,22530,22530,1
20211013132531,22535,22535,22535,22535,1
20211013132533,22535,22535,22535,22535,1
20211013132535,22540,22540,22540,22540,1
20211013132536,22535,22535,22535,22535,1
20211013132537,22535,22535,22535,22535,20
20211013132539,22530,22530,22530,22530,90
20211013132541,22530,22530,22530,22530,1
20211013132541,22530,22530,22530,22530,1
20211013132549,22535,22535,22535,22535,100
20211013132550,22530,22530,22530,22530,1
20211013132550,22530,22530,22530,22530,2866
20211013132553,22530,22530,22530,22530,50
20211013132557,22530,22530,22530,22530,1
20211013132558,22525,22525,22525,22525,1
20211013132558,22525,22525,22525,22525,1
20211013132558,22530,22530,22530,22530,49
20211013132559,22535,22535,22535,22535,90
20211013132604,22530,22530,22530,22530,1
20211013132607,22530,22530,22530,22530,69
20211013132608,22530,22530,22530,22530,2
20211013132611,22525,22525,22525,22525,1
20211013132611,22525,22525,22525,22525,1
20211013132616,22525,22525,22525,22525,1
20211013132616,22525,22525,22525,22525,1006
20211013132616,22525,22525,22525,22525,9314
20211013132616,22525,22525,22525,22525,1260
20211013132616,22520,22520,22520,22520,10
20211013132619,22525,22525,22525,22525,1
20211013132622,22525,22525,22525,22525,1
20211013132623,22525,22525,22525,22525,1
20211013132624,22525,22525,22525,22525,1
20211013132626,22525,22525,22525,22525,1
20211013132627,22525,22525,22525,22525,1
20211013132628,22520,22520,22520,22520,1
20211013132628,22520,22520,22520,22520,1
20211013132629,22525,22525,22525,22525,1
20211013132629,22525,22525,22525,22525,2
20211013132629,22525,22525,22525,22525,614
20211013132637,22525,22525,22525,22525,111
20211013132640,22525,22525,22525,22525,1
20211013132641,22520,22520,22520,22520,1
20211013132641,22525,22525,22525,22525,1
20211013132644,22520,22520,22520,22520,1
20211013132647,22525,22525,22525,22525,2090
20211013132654,22525,22525,22525,22525,1
20211013132655,22525,22525,22525,22525,30
20211013132658,22520,22520,22520,22520,1
20211013132658,22520,22520,22520,22520,2090
20211013132700,22520,22520,22520,22520,2262
20211013132707,22515,22515,22515,22515,1
20211013132707,22515,22515,22515,22515,425
20211013132714,22515,22515,22515,22515,1
20211013132714,22510,22510,22510,22510,3
20211013132715,22510,22510,22510,22510,4
20211013132717,22515,22515,22515,22515,37
20211013132718,22515,22515,22515,22515,1
20211013132718,22515,22515,22515,22515,10
20211013132718,22515,22515,22515,22515,11494
20211013132718,22515,22515,22515,22515,1
20211013132722,22515,22515,22515,22515,4
20211013132722,22520,22520,22520,22520,182
20211013132723,22515,22515,22515,22515,1
20211013132724,22515,22515,22515,22515,1
20211013132725,22520,22520,22520,22520,1
20211013132730,22515,22515,22515,22515,1
20211013132736,22520,22520,22520,22520,2823
20211013132736,22520,22520,22520,22520,1000
20211013132736,22525,22525,22525,22525,5
20211013132738,22520,22520,22520,22520,1
20211013132739,22520,22520,22520,22520,5
20211013132739,22525,22525,22525,22525,6
20211013132743,22520,22520,22520,22520,700
20211013132750,22525,22525,22525,22525,1
20211013132750,22525,22525,22525,22525,1
20211013132750,22525,22525,22525,22525,1
20211013132751,22525,22525,22525,22525,1019
20211013132756,22520,22520,22520,22520,2260
20211013132759,22525,22525,22525,22525,368
20211013132805,22515,22515,22515,22515,1
20211013132805,22515,22515,22515,22515,3745
20211013132806,22515,22515,22515,22515,4
20211013132806,22520,22520,22520,22520,129
20211013132807,22520,22520,22520,22520,1
20211013132811,22525,22525,22525,22525,48
20211013132811,22520,22520,22520,22520,100
20211013132814,22515,22515,22515,22515,1
20211013132815,22525,22525,22525,22525,17
20211013132819,22525,22525,22525,22525,6
20211013132824,22525,22525,22525,22525,2
20211013132825,22520,22520,22520,22520,10
20211013132829,22525,22525,22525,22525,1
20211013132831,22525,22525,22525,22525,1
20211013132831,22525,22525,22525,22525,1
20211013132831,22525,22525,22525,22525,200
20211013132834,22525,22525,22525,22525,30
20211013132843,22525,22525,22525,22525,50
20211013132843,22525,22525,22525,22525,500
20211013132851,22530,22530,22530,22530,1
20211013132851,22530,22530,22530,22530,1
20211013132851,22530,22530,22530,22530,1
20211013132851,22530,22530,22530,22530,1274
20211013132851,22530,22530,22530,22530,1492
20211013132901,22530,22530,22530,22530,1
20211013132901,22530,22530,22530,22530,5
20211013132904,22530,22530,22530,22530,1
20211013132907,22530,22530,22530,22530,400
20211013132908,22530,22530,22530,22530,5
20211013132908,22525,22525,22525,22525,95
20211013132913,22530,22530,22530,22530,45
20211013132914,22530,22530,22530,22530,1
20211013132914,22525,22525,22525,22525,1
20211013132921,22525,22525,22525,22525,1
20211013132925,22525,22525,22525,22525,111
20211013132926,22525,22525,22525,22525,1
20211013132928,22525,22525,22525,22525,2
20211013132930,22525,22525,22525,22525,10
20211013132936,22520,22520,22520,22520,1
20211013132941,22520,22520,22520,22520,50
20211013132954,22525,22525,22525,22525,111
20211013132954,22525,22525,22525,22525,1090
20211013132956,22525,22525,22525,22525,50
20211013132957,22525,22525,22525,22525,15
20211013132957,22525,22525,22525,22525,100
20211013133008,22520,22520,22520,22520,90
20211013133008,22520,22520,22520,22520,56
20211013133009,22520,22520,22520,22520,56
20211013133009,22520,22520,22520,22520,1
20211013133009,22520,22520,22520,22520,1
20211013133009,22520,22520,22520,22520,100
20211013133009,22520,22520,22520,22520,60
20211013133011,22520,22520,22520,22520,464
20211013133012,22525,22525,22525,22525,30
20211013133013,22520,22520,22520,22520,73
20211013133017,22515,22515,22515,22515,1
20211013133017,22515,22515,22515,22515,57
20211013133019,22510,22510,22510,22510,170
20211013133032,22510,22510,22510,22510,270
20211013133032,22515,22515,22515,22515,3
20211013133035,22515,22515,22515,22515,2000
20211013133040,22515,22515,22515,22515,158
20211013133040,22510,22510,22510,22510,382
20211013133045,22520,22520,22520,22520,164
20211013133051,22515,22515,22515,22515,200
20211013133051,22510,22510,22510,22510,640
20211013133052,22520,22520,22520,22520,100
20211013133054,22515,22515,22515,22515,1
20211013133056,22515,22515,22515,22515,99
20211013133056,22510,22510,22510,22510,1
20211013133059,22515,22515,22515,22515,103
20211013133100,22515,22515,22515,22515,2158
20211013133109,22515,22515,22515,22515,1
20211013133109,22515,22515,22515,22515,10
20211013133112,22520,22520,22520,22520,5
20211013133114,22520,22520,22520,22520,10
20211013133115,22520,22520,22520,22520,1035
20211013133116,22525,22525,22525,22525,1
20211013133116,22525,22525,22525,22525,1
20211013133116,22525,22525,22525,22525,250
20211013133121,22520,22520,22520,22520,1
20211013133126,22515,22515,22515,22515,1
20211013133127,22515,22515,22515,22515,1
20211013133127,22515,22515,22515,22515,939
20211013133135,22515,22515,22515,22515,1
20211013133139,22515,22515,22515,22515,1
20211013133141,22515,22515,22515,22515,1
20211013133141,22510,22510,22510,22510,4255
20211013133142,22510,22510,22510,22510,20
20211013133144,22510,22510,22510,22510,500
20211013133145,22505,22505,22505,22505,1
20211013133145,22505,22505,22505,22505,1245
20211013133145,22505,22505,22505,22505,500
20211013133146,22510,22510,22510,22510,1
20211013133149,22510,22510,22510,22510,35
20211013133155,22515,22515,22515,22515,6
20211013133155,22515,22515,22515,22515,500
20211013133203,22515,22515,22515,22515,462
20211013133205,22515,22515,22515,22515,1
20211013133205,22515,22515,22515,22515,1
20211013133205,22520,22520,22520,22520,1
20211013133210,22515,22515,22515,22515,98
20211013133217,22515,22515,22515,22515,5
20211013133218,22510,22510,22510,22510,1
20211013133218,22510,22510,22510,22510,1
20211013133232,22515,22515,22515,22515,1
20211013133233,22520,22520,22520,22520,1
20211013133233,22520,22520,22520,22520,1
20211013133236,22520,22520,22520,22520,128
20211013133248,22520,22520,22520,22520,2227
20211013133250,22525,22525,22525,22525,9
20211013133251,22525,22525,22525,22525,1
20211013133251,22525,22525,22525,22525,1
20211013133251,22525,22525,22525,22525,1
20211013133251,22525,22525,22525,22525,1
20211013133251,22520,22520,22520,22520,1
20211013133251,22525,22525,22525,22525,1
20211013133251,22525,22525,22525,22525,1
20211013133251,22520,22520,22520,22520,1
20211013133252,22525,22525,22525,22525,1688
20211013133253,22530,22530,22530,22530,74
20211013133255,22530,22530,22530,22530,1
20211013133255,22525,22525,22525,22525,1
20211013133256,22525,22525,22525,22525,44
20211013133257,22525,22525,22525,22525,1
20211013133257,22525,22525,22525,22525,455
20211013133259,22525,22525,22525,22525,1
20211013133259,22520,22520,22520,22520,299
20211013133302,22525,22525,22525,22525,1
20211013133303,22525,22525,22525,22525,2
20211013133303,22525,22525,22525,22525,1
20211013133306,22525,22525,22525,22525,1
20211013133306,22525,22525,22525,22525,2760
20211013133306,22525,22525,22525,22525,1
20211013133306,22525,22525,22525,22525,500
20211013133307,22530,22530,22530,22530,1
20211013133307,22530,22530,22530,22530,1
20211013133307,22530,22530,22530,22530,5731
20211013133309,22530,22530,22530,22530,300
20211013133311,22530,22530,22530,22530,6
20211013133313,22535,22535,22535,22535,4
20211013133316,22535,22535,22535,22535,1
20211013133316,22535,22535,22535,22535,2406
20211013133317,22535,22535,22535,22535,400
20211013133320,22540,22540,22540,22540,1
20211013133321,22540,22540,22540,22540,1
20211013133322,22540,22540,22540,22540,20
20211013133322,22540,22540,22540,22540,250
20211013133323,22540,22540,22540,22540,1
20211013133323,22540,22540,22540,22540,1
20211013133324,22540,22540,22540,22540,1
20211013133325,22540,22540,22540,22540,1
20211013133326,22540,22540,22540,22540,1
20211013133327,22540,22540,22540,22540,1
20211013133328,22540,22540,22540,22540,1
20211013133328,22540,22540,22540,22540,1
20211013133332,22535,22535,22535,22535,1036
20211013133332,22535,22535,22535,22535,1
20211013133333,22535,22535,22535,22535,1
20211013133333,22535,22535,22535,22535,1
20211013133334,22535,22535,22535,22535,1
20211013133334,22535,22535,22535,22535,1
20211013133335,22535,22535,22535,22535,2
20211013133336,22535,22535,22535,22535,1
20211013133336,22530,22530,22530,22530,1
20211013133336,22535,22535,22535,22535,1
20211013133338,22530,22530,22530,22530,1465
20211013133339,22530,22530,22530,22530,1
20211013133339,22525,22525,22525,22525,1
20211013133339,22530,22530,22530,22530,1
20211013133339,22530,22530,22530,22530,1
20211013133340,22530,22530,22530,22530,1
20211013133341,22530,22530,22530,22530,1
20211013133341,22530,22530,22530,22530,1
20211013133341,22530,22530,22530,22530,10
20211013133341,22530,22530,22530,22530,1
20211013133342,22530,22530,22530,22530,1
20211013133342,22530,22530,22530,22530,1
20211013133348,22530,22530,22530,22530,2
20211013133350,22530,22530,22530,22530,1
20211013133354,22535,22535,22535,22535,51
20211013133403,22535,22535,22535,22535,500
20211013133404,22530,22530,22530,22530,2
20211013133409,22535,22535,22535,22535,1
20211013133414,22535,22535,22535,22535,1407
20211013133416,22535,22535,22535,22535,200
20211013133424,22535,22535,22535,22535,3
20211013133426,22535,22535,22535,22535,1
20211013133426,22535,22535,22535,22535,99
20211013133438,22535,22535,22535,22535,100
20211013133439,22535,22535,22535,22535,1111
20211013133445,22535,22535,22535,22535,500
20211013133446,22530,22530,22530,22530,400
20211013133449,22530,22530,22530,22530,1
20211013133454,22535,22535,22535,22535,1
20211013133456,22535,22535,22535,22535,250
20211013133457,22535,22535,22535,22535,12
20211013133503,22530,22530,22530,22530,300
20211013133503,22530,22530,22530,22530,642
20211013133503,22525,22525,22525,22525,1
20211013133517,22525,22525,22525,22525,1
20211013133517,22530,22530,22530,22530,1
20211013133524,22525,22525,22525,22525,130
20211013133525,22525,22525,22525,22525,500
20211013133526,22525,22525,22525,22525,100
20211013133534,22530,22530,22530,22530,1
20211013133534,22530,22530,22530,22530,1
20211013133536,22530,22530,22530,22530,1
20211013133540,22530,22530,22530,22530,1
20211013133544,22530,22530,22530,22530,1
20211013133546,22530,22530,22530,22530,1
20211013133550,22525,22525,22525,22525,422
20211013133555,22530,22530,22530,22530,11
20211013133559,22525,22525,22525,22525,105
20211013133559,22520,22520,22520,22520,1
20211013133559,22520,22520,22520,22520,1
20211013133600,22520,22520,22520,22520,977
20211013133616,22515,22515,22515,22515,4
20211013133622,22515,22515,22515,22515,1
20211013133625,22515,22515,22515,22515,2091
20211013133625,22510,22510,22510,22510,337
20211013133628,22510,22510,22510,22510,50
20211013133628,22515,22515,22515,22515,1
20211013133634,22510,22510,22510,22510,15
20211013133636,22510,22510,22510,22510,100
20211013133638,22510,22510,22510,22510,15
20211013133639,22505,22505,22505,22505,100
20211013133642,22505,22505,22505,22505,9254
20211013133642,22505,22505,22505,22505,4
20211013133642,22500,22500,22500,22500,1
20211013133644,22500,22500,22500,22500,15079
20211013133648,22500,22500,22500,22500,100
20211013133648,22500,22500,22500,22500,100
20211013133649,22495,22495,22495,22495,1200
20211013133651,22500,22500,22500,22500,1
20211013133658,22505,22505,22505,22505,5
20211013133704,22500,22500,22500,22500,380
20211013133705,22500,22500,22500,22500,5
20211013133710,22505,22505,22505,22505,153
20211013133718,22500,22500,22500,22500,10
20211013133720,22505,22505,22505,22505,49
20211013133723,22500,22500,22500,22500,60
20211013133724,22505,22505,22505,22505,100
20211013133725,22500,22500,22500,22500,600
20211013133728,22500,22500,22500,22500,30
20211013133729,22505,22505,22505,22505,1
20211013133731,22505,22505,22505,22505,1
20211013133732,22505,22505,22505,22505,4
20211013133736,22505,22505,22505,22505,30
20211013133741,22510,22510,22510,22510,117
20211013133743,22510,22510,22510,22510,300
20211013133744,22510,22510,22510,22510,100
20211013133745,22510,22510,22510,22510,300
20211013133746,22510,22510,22510,22510,300
20211013133752,22510,22510,22510,22510,200
20211013133752,22510,22510,22510,22510,200
20211013133754,22510,22510,22510,22510,44
20211013133756,22510,22510,22510,22510,50
20211013133756,22510,22510,22510,22510,50
20211013133756,22510,22510,22510,22510,1
20211013133756,22510,22510,22510,22510,1
20211013133756,22510,22510,22510,22510,1
20211013133756,22510,22510,22510,22510,178
20211013133757,22510,22510,22510,22510,1
20211013133757,22510,22510,22510,22510,399
20211013133758,22510,22510,22510,22510,500
20211013133800,22505,22505,22505,22505,1
20211013133800,22505,22505,22505,22505,1
20211013133800,22505,22505,22505,22505,74
20211013133805,22500,22500,22500,22500,1
20211013133805,22505,22505,22505,22505,1
20211013133805,22505,22505,22505,22505,1
20211013133806,22505,22505,22505,22505,1
20211013133807,22505,22505,22505,22505,1
20211013133807,22505,22505,22505,22505,6
20211013133807,22505,22505,22505,22505,194
20211013133811,22505,22505,22505,22505,400
20211013133813,22505,22505,22505,22505,1
20211013133813,22500,22500,22500,22500,330
20211013133818,22500,22500,22500,22500,1
20211013133818,22500,22500,22500,22500,1
20211013133818,22500,22500,22500,22500,3896
20211013133819,22500,22500,22500,22500,118
20211013133819,22500,22500,22500,22500,1
20211013133820,22500,22500,22500,22500,1
20211013133821,22500,22500,22500,22500,9
20211013133823,22500,22500,22500,22500,1
20211013133824,22500,22500,22500,22500,10
20211013133826,22495,22495,22495,22495,1
20211013133826,22495,22495,22495,22495,1778
20211013133826,22500,22500,22500,22500,1
20211013133828,22495,22495,22495,22495,1
20211013133829,22490,22490,22490,22490,1
20211013133829,22490,22490,22490,22490,1
20211013133829,22490,22490,22490,22490,1
20211013133829,22495,22495,22495,22495,300
20211013133831,22495,22495,22495,22495,1
20211013133832,22495,22495,22495,22495,63
20211013133835,22495,22495,22495,22495,2
20211013133837,22495,22495,22495,22495,10
20211013133842,22495,22495,22495,22495,1
20211013133842,22490,22490,22490,22490,199
20211013133845,22495,22495,22495,22495,1
20211013133846,22490,22490,22490,22490,9836
20211013133847,22490,22490,22490,22490,1
20211013133847,22485,22485,22485,22485,1
20211013133847,22490,22490,22490,22490,1
20211013133848,22490,22490,22490,22490,1
20211013133849,22495,22495,22495,22495,1
20211013133850,22495,22495,22495,22495,5
20211013133852,22490,22490,22490,22490,1
20211013133854,22490,22490,22490,22490,100
20211013133856,22490,22490,22490,22490,10
20211013133900,22490,22490,22490,22490,1
20211013133900,22490,22490,22490,22490,2
20211013133901,22490,22490,22490,22490,20
20211013133901,22490,22490,22490,22490,1
20211013133903,22490,22490,22490,22490,5
20211013133906,22495,22495,22495,22495,10
20211013133911,22495,22495,22495,22495,899
20211013133913,22500,22500,22500,22500,1
20211013133914,22495,22495,22495,22495,1
20211013133915,22495,22495,22495,22495,200
20211013133916,22500,22500,22500,22500,20
20211013133918,22500,22500,22500,22500,2500
20211013133920,22495,22495,22495,22495,1014
20211013133926,22495,22495,22495,22495,1000
20211013133934,22500,22500,22500,22500,1
20211013133936,22500,22500,22500,22500,8
20211013133937,22495,22495,22495,22495,1
20211013133938,22495,22495,22495,22495,513
20211013133938,22490,22490,22490,22490,1
20211013133941,22495,22495,22495,22495,500
20211013133941,22495,22495,22495,22495,1587
20211013133945,22495,22495,22495,22495,7
20211013133945,22495,22495,22495,22495,8
20211013133946,22495,22495,22495,22495,3308
20211013134000,22495,22495,22495,22495,1
20211013134000,22495,22495,22495,22495,205
20211013134011,22495,22495,22495,22495,30
20211013134013,22500,22500,22500,22500,1
20211013134013,22500,22500,22500,22500,1273
20211013134019,22500,22500,22500,22500,1
20211013134024,22500,22500,22500,22500,43
20211013134027,22500,22500,22500,22500,50
20211013134037,22505,22505,22505,22505,1
20211013134037,22505,22505,22505,22505,69
20211013134037,22505,22505,22505,22505,1000
20211013134038,22510,22510,22510,22510,2
20211013134047,22505,22505,22505,22505,476
20211013134050,22510,22510,22510,22510,5
20211013134054,22505,22505,22505,22505,2222
20211013134105,22500,22500,22500,22500,1
20211013134105,22500,22500,22500,22500,1119
20211013134119,22500,22500,22500,22500,650
20211013134119,22500,22500,22500,22500,20
20211013134119,22500,22500,22500,22500,1
20211013134123,22495,22495,22495,22495,1
20211013134129,22495,22495,22495,22495,1
20211013134132,22495,22495,22495,22495,23526
20211013134132,22495,22495,22495,22495,4739
20211013134132,22495,22495,22495,22495,1883
20211013134136,22495,22495,22495,22495,50
20211013134139,22495,22495,22495,22495,719
20211013134143,22495,22495,22495,22495,4
20211013134148,22495,22495,22495,22495,100
20211013134149,22495,22495,22495,22495,800
20211013134149,22495,22495,22495,22495,200
20211013134149,22495,22495,22495,22495,16
20211013134151,22495,22495,22495,22495,148
20211013134159,22495,22495,22495,22495,11
20211013134159,22490,22490,22490,22490,1
20211013134200,22495,22495,22495,22495,1
20211013134202,22490,22490,22490,22490,1
20211013134204,22495,22495,22495,22495,1
20211013134208,22495,22495,22495,22495,1
20211013134210,22495,22495,22495,22495,10
20211013134211,22500,22500,22500,22500,1
20211013134211,22500,22500,22500,22500,4400
20211013134214,22500,22500,22500,22500,11501
20211013134215,22500,22500,22500,22500,1
20211013134221,22505,22505,22505,22505,1
20211013134221,22505,22505,22505,22505,6100
20211013134221,22505,22505,22505,22505,1093
20211013134223,22500,22500,22500,22500,1
20211013134225,22505,22505,22505,22505,551
20211013134240,22505,22505,22505,22505,93
20211013134241,22505,22505,22505,22505,10
20211013134244,22505,22505,22505,22505,1
20211013134245,22505,22505,22505,22505,2700
20211013134254,22505,22505,22505,22505,3
20211013134254,22505,22505,22505,22505,1
20211013134254,22505,22505,22505,22505,15
20211013134257,22505,22505,22505,22505,20
20211013134259,22505,22505,22505,22505,1000
20211013134300,22500,22500,22500,22500,1
20211013134300,22500,22500,22500,22500,1
20211013134306,22500,22500,22500,22500,4747
20211013134306,22500,22500,22500,22500,1
20211013134307,22505,22505,22505,22505,1
20211013134308,22505,22505,22505,22505,1
20211013134308,22500,22500,22500,22500,1
20211013134316,22505,22505,22505,22505,10
20211013134317,22505,22505,22505,22505,1
20211013134322,22500,22500,22500,22500,5
20211013134332,22500,22500,22500,22500,2
20211013134335,22500,22500,22500,22500,100
20211013134338,22505,22505,22505,22505,1
20211013134342,22505,22505,22505,22505,1
20211013134343,22505,22505,22505,22505,1
20211013134345,22500,22500,22500,22500,500
20211013134346,22505,22505,22505,22505,10
20211013134354,22505,22505,22505,22505,6
20211013134402,22505,22505,22505,22505,1057
20211013134406,22505,22505,22505,22505,200
20211013134420,22505,22505,22505,22505,100
20211013134424,22505,22505,22505,22505,10
20211013134425,22510,22510,22510,22510,1
20211013134426,22505,22505,22505,22505,4
20211013134429,22510,22510,22510,22510,159
20211013134429,22505,22505,22505,22505,1
20211013134429,22505,22505,22505,22505,1186
20211013134432,22505,22505,22505,22505,1
20211013134432,22505,22505,22505,22505,1
20211013134445,22505,22505,22505,22505,2
20211013134447,22510,22510,22510,22510,1
20211013134455,22515,22515,22515,22515,10690
20211013134455,22520,22520,22520,22520,8541
20211013134457,22525,22525,22525,22525,1
20211013134457,22525,22525,22525,22525,1
20211013134457,22525,22525,22525,22525,735
20211013134458,22520,22520,22520,22520,1
20211013134458,22525,22525,22525,22525,1
20211013134458,22525,22525,22525,22525,1
20211013134458,22520,22520,22520,22520,1
20211013134459,22525,22525,22525,22525,3
20211013134500,22520,22520,22520,22520,1
20211013134507,22520,22520,22520,22520,2
20211013134508,22520,22520,22520,22520,2404
20211013134509,22515,22515,22515,22515,1
20211013134509,22515,22515,22515,22515,10
20211013134512,22510,22510,22510,22510,1
20211013134512,22510,22510,22510,22510,275
20211013134515,22515,22515,22515,22515,20
20211013134522,22510,22510,22510,22510,1
20211013134522,22510,22510,22510,22510,99
20211013134525,22510,22510,22510,22510,10
20211013134532,22510,22510,22510,22510,1
20211013134532,22510,22510,22510,22510,1009
20211013134533,22510,22510,22510,22510,1000
20211013134538,22510,22510,22510,22510,1
20211013134538,22510,22510,22510,22510,9
20211013134540,22505,22505,22505,22505,154
20211013134545,22505,22505,22505,22505,4
20211013134547,22505,22505,22505,22505,20
20211013134555,22500,22500,22500,22500,1
20211013134555,22500,22500,22500,22500,2772
20211013134557,22505,22505,22505,22505,50
20211013134608,22505,22505,22505,22505,100
20211013134608,22505,22505,22505,22505,4
20211013134615,22500,22500,22500,22500,1730
20211013134616,22495,22495,22495,22495,436
20211013134619,22490,22490,22490,22490,8356
20211013134622,22495,22495,22495,22495,1
20211013134623,22490,22490,22490,22490,1
20211013134627,22490,22490,22490,22490,1
20211013134636,22495,22495,22495,22495,1
20211013134638,22495,22495,22495,22495,100
20211013134640,22490,22490,22490,22490,1
20211013134640,22490,22490,22490,22490,2
20211013134640,22495,22495,22495,22495,1
20211013134641,22490,22490,22490,22490,1
20211013134645,22490,22490,22490,22490,12502
20211013134647,22490,22490,22490,22490,1
20211013134648,22490,22490,22490,22490,10
20211013134649,22490,22490,22490,22490,500
20211013134650,22490,22490,22490,22490,1
20211013134659,22495,22495,22495,22495,1
20211013134659,22490,22490,22490,22490,74
20211013134700,22490,22490,22490,22490,1
20211013134702,22490,22490,22490,22490,1
20211013134703,22490,22490,22490,22490,1
20211013134704,22485,22485,22485,22485,1
20211013134704,22490,22490,22490,22490,1
20211013134707,22490,22490,22490,22490,1
20211013134709,22485,22485,22485,22485,1
20211013134710,22485,22485,22485,22485,3
20211013134710,22490,22490,22490,22490,1
20211013134714,22490,22490,22490,22490,1
20211013134718,22490,22490,22490,22490,1
20211013134721,22485,22485,22485,22485,9738
20211013134721,22490,22490,22490,22490,1
20211013134722,22490,22490,22490,22490,1
20211013134722,22490,22490,22490,22490,1
20211013134722,22490,22490,22490,22490,1
20211013134722,22485,22485,22485,22485,1
20211013134725,22485,22485,22485,22485,1
20211013134727,22490,22490,22490,22490,1
20211013134727,22485,22485,22485,22485,70
20211013134731,22485,22485,22485,22485,251
20211013134731,22480,22480,22480,22480,1
20211013134731,22480,22480,22480,22480,1700
20211013134731,22480,22480,22480,22480,500
20211013134732,22480,22480,22480,22480,1
20211013134733,22485,22485,22485,22485,1
20211013134733,22480,22480,22480,22480,9516
20211013134734,22485,22485,22485,22485,1
20211013134736,22480,22480,22480,22480,1
20211013134737,22480,22480,22480,22480,99
20211013134738,22480,22480,22480,22480,1
20211013134741,22480,22480,22480,22480,1
20211013134743,22475,22475,22475,22475,1
20211013134743,22475,22475,22475,22475,500
20211013134744,22475,22475,22475,22475,50
20211013134745,22480,22480,22480,22480,1
20211013134745,22480,22480,22480,22480,1164
20211013134748,22485,22485,22485,22485,103
20211013134752,22485,22485,22485,22485,2158
20211013134755,22490,22490,22490,22490,1
20211013134757,22490,22490,22490,22490,500
20211013134759,22490,22490,22490,22490,850
20211013134759,22490,22490,22490,22490,648
20211013134759,22495,22495,22495,22495,1
20211013134759,22495,22495,22495,22495,1
20211013134759,22490,22490,22490,22490,1
20211013134801,22490,22490,22490,22490,1
20211013134802,22490,22490,22490,22490,10
20211013134802,22490,22490,22490,22490,3
20211013134803,22490,22490,22490,22490,1
20211013134807,22490,22490,22490,22490,40
20211013134808,22490,22490,22490,22490,4480
20211013134808,22490,22490,22490,22490,1
20211013134811,22495,22495,22495,22495,44
20211013134814,22495,22495,22495,22495,2
20211013134815,22490,22490,22490,22490,914
20211013134815,22490,22490,22490,22490,10
20211013134816,22495,22495,22495,22495,178
20211013134817,22495,22495,22495,22495,3
20211013134817,22495,22495,22495,22495,20
20211013134818,22500,22500,22500,22500,1
20211013134818,22500,22500,22500,22500,1123
20211013134819,22495,22495,22495,22495,2700
20211013134821,22500,22500,22500,22500,8
20211013134826,22500,22500,22500,22500,8
20211013134829,22495,22495,22495,22495,20
20211013134832,22500,22500,22500,22500,1
20211013134838,22500,22500,22500,22500,1
20211013134838,22500,22500,22500,22500,3826
20211013134844,22500,22500,22500,22500,300
20211013134847,22500,22500,22500,22500,636
20211013134850,22495,22495,22495,22495,50
20211013134853,22500,22500,22500,22500,99
20211013134855,22500,22500,22500,22500,1500
20211013134855,22500,22500,22500,22500,20
20211013134858,22500,22500,22500,22500,30
20211013134906,22505,22505,22505,22505,1
20211013134906,22505,22505,22505,22505,5017
20211013134908,22500,22500,22500,22500,15
20211013134909,22500,22500,22500,22500,1
20211013134910,22500,22500,22500,22500,20
20211013134911,22495,22495,22495,22495,1021
20211013134917,22495,22495,22495,22495,125
20211013134921,22495,22495,22495,22495,1
20211013134927,22495,22495,22495,22495,571
20211013134927,22495,22495,22495,22495,79
20211013134927,22490,22490,22490,22490,2085
20211013134927,22490,22490,22490,22490,1
20211013134932,22490,22490,22490,22490,652
20211013134932,22490,22490,22490,22490,100
20211013134932,22485,22485,22485,22485,1
20211013134932,22485,22485,22485,22485,1
20211013134932,22485,22485,22485,22485,6696
20211013134935,22490,22490,22490,22490,1
20211013134935,22490,22490,22490,22490,1
20211013134939,22490,22490,22490,22490,100
20211013134945,22490,22490,22490,22490,1
20211013134946,22485,22485,22485,22485,10
20211013134946,22490,22490,22490,22490,1
20211013134947,22485,22485,22485,22485,770
20211013134947,22480,22480,22480,22480,1
20211013134947,22480,22480,22480,22480,1
20211013134947,22480,22480,22480,22480,1
20211013134949,22480,22480,22480,22480,1
20211013134951,22485,22485,22485,22485,1
20211013134952,22485,22485,22485,22485,1
20211013134953,22480,22480,22480,22480,4
20211013134954,22480,22480,22480,22480,1
20211013134954,22480,22480,22480,22480,1
20211013134956,22480,22480,22480,22480,4
20211013134957,22480,22480,22480,22480,9106
20211013135000,22480,22480,22480,22480,20
20211013135001,22480,22480,22480,22480,500
20211013135001,22480,22480,22480,22480,100
20211013135004,22480,22480,22480,22480,1
20211013135004,22480,22480,22480,22480,200
20211013135004,22475,22475,22475,22475,1
20211013135004,22475,22475,22475,22475,1
20211013135004,22475,22475,22475,22475,1
20211013135004,22475,22475,22475,22475,1
20211013135007,22475,22475,22475,22475,1
20211013135007,22480,22480,22480,22480,50
20211013135008,22480,22480,22480,22480,1
20211013135009,22475,22475,22475,22475,1
20211013135010,22475,22475,22475,22475,1
20211013135012,22480,22480,22480,22480,1
20211013135014,22475,22475,22475,22475,1
20211013135014,22480,22480,22480,22480,1
20211013135016,22480,22480,22480,22480,1
20211013135017,22480,22480,22480,22480,20
20211013135017,22475,22475,22475,22475,1000
20211013135018,22475,22475,22475,22475,1
20211013135018,22475,22475,22475,22475,1
20211013135018,22475,22475,22475,22475,15328
20211013135019,22475,22475,22475,22475,116
20211013135020,22470,22470,22470,22470,5
20211013135020,22470,22470,22470,22470,500
20211013135022,22470,22470,22470,22470,1
20211013135022,22475,22475,22475,22475,15
20211013135022,22470,22470,22470,22470,20730
20211013135022,22465,22465,22465,22465,5
20211013135022,22465,22465,22465,22465,500
20211013135022,22465,22465,22465,22465,1
20211013135022,22465,22465,22465,22465,1
20211013135022,22465,22465,22465,22465,2264
20211013135024,22465,22465,22465,22465,2500
20211013135024,22465,22465,22465,22465,1
20211013135024,22465,22465,22465,22465,1
20211013135024,22465,22465,22465,22465,2
20211013135025,22465,22465,22465,22465,20
20211013135028,22460,22460,22460,22460,5994
20211013135028,22460,22460,22460,22460,3
20211013135028,22460,22460,22460,22460,1000
20211013135028,22460,22460,22460,22460,1
20211013135029,22455,22455,22455,22455,10723
20211013135029,22450,22450,22450,22450,1
20211013135029,22450,22450,22450,22450,4476
20211013135029,22450,22450,22450,22450,3338
20211013135029,22450,22450,22450,22450,400
20211013135029,22450,22450,22450,22450,702
20211013135029,22450,22450,22450,22450,1753
20211013135030,22450,22450,22450,22450,1
20211013135030,22450,22450,22450,22450,1
20211013135030,22445,22445,22445,22445,1
20211013135030,22445,22445,22445,22445,1
20211013135030,22455,22455,22455,22455,1000
20211013135031,22445,22445,22445,22445,4254
20211013135031,22440,22440,22440,22440,8
20211013135031,22440,22440,22440,22440,500
20211013135032,22445,22445,22445,22445,1816
20211013135032,22450,22450,22450,22450,1
20211013135032,22445,22445,22445,22445,26
20211013135033,22440,22440,22440,22440,100
20211013135033,22445,22445,22445,22445,1
20211013135034,22450,22450,22450,22450,1
20211013135034,22450,22450,22450,22450,1
20211013135034,22450,22450,22450,22450,1
20211013135034,22450,22450,22450,22450,1
20211013135034,22445,22445,22445,22445,303
20211013135034,22450,22450,22450,22450,1
20211013135034,22455,22455,22455,22455,1
20211013135034,22455,22455,22455,22455,1
20211013135035,22450,22450,22450,22450,2
20211013135035,22450,22450,22450,22450,1
20211013135035,22450,22450,22450,22450,5
20211013135035,22450,22450,22450,22450,1000
20211013135035,22455,22455,22455,22455,1
20211013135035,22455,22455,22455,22455,497
20211013135036,22455,22455,22455,22455,35
20211013135036,22455,22455,22455,22455,98
20211013135038,22460,22460,22460,22460,1
20211013135038,22460,22460,22460,22460,600
20211013135038,22465,22465,22465,22465,1
20211013135038,22465,22465,22465,22465,1
20211013135038,22465,22465,22465,22465,103
20211013135039,22460,22460,22460,22460,5
20211013135040,22460,22460,22460,22460,1
20211013135040,22460,22460,22460,22460,1
20211013135040,22455,22455,22455,22455,3
20211013135041,22450,22450,22450,22450,5
20211013135042,22455,22455,22455,22455,50
20211013135046,22450,22450,22450,22450,4435
20211013135046,22450,22450,22450,22450,192
20211013135046,22460,22460,22460,22460,10
20211013135047,22455,22455,22455,22455,1
20211013135048,22455,22455,22455,22455,1
20211013135048,22455,22455,22455,22455,2
20211013135049,22455,22455,22455,22455,7
20211013135052,22455,22455,22455,22455,5
20211013135053,22455,22455,22455,22455,1
20211013135055,22450,22450,22450,22450,7
20211013135055,22450,22450,22450,22450,1647
20211013135055,22450,22450,22450,22450,6664
20211013135055,22450,22450,22450,22450,1
20211013135055,22450,22450,22450,22450,1
20211013135056,22450,22450,22450,22450,10
20211013135056,22450,22450,22450,22450,100
20211013135056,22450,22450,22450,22450,1
20211013135056,22445,22445,22445,22445,1193
20211013135057,22450,22450,22450,22450,10
20211013135057,22445,22445,22445,22445,5
20211013135057,22440,22440,22440,22440,1
20211013135057,22440,22440,22440,22440,7
20211013135058,22440,22440,22440,22440,1
20211013135058,22440,22440,22440,22440,1
20211013135058,22440,22440,22440,22440,1
20211013135058,22440,22440,22440,22440,1
20211013135058,22440,22440,22440,22440,1
20211013135059,22440,22440,22440,22440,1000
20211013135100,22445,22445,22445,22445,1
20211013135100,22440,22440,22440,22440,5
20211013135100,22440,22440,22440,22440,1
20211013135100,22440,22440,22440,22440,1
20211013135101,22440,22440,22440,22440,100
20211013135102,22445,22445,22445,22445,1
20211013135102,22445,22445,22445,22445,1
20211013135104,22440,22440,22440,22440,1
20211013135105,22445,22445,22445,22445,1
20211013135105,22440,22440,22440,22440,7
20211013135105,22445,22445,22445,22445,300
20211013135106,22445,22445,22445,22445,1
20211013135107,22445,22445,22445,22445,300
20211013135107,22440,22440,22440,22440,35
20211013135107,22445,22445,22445,22445,30
20211013135107,22445,22445,22445,22445,10106
20211013135109,22440,22440,22440,22440,4450
20211013135110,22440,22440,22440,22440,10
20211013135110,22435,22435,22435,22435,1
20211013135110,22440,22440,22440,22440,1
20211013135110,22435,22435,22435,22435,1
20211013135110,22440,22440,22440,22440,10
20211013135110,22435,22435,22435,22435,1
20211013135110,22435,22435,22435,22435,13712
20211013135110,22435,22435,22435,22435,500
20211013135110,22430,22430,22430,22430,9
20211013135110,22430,22430,22430,22430,584
20211013135112,22440,22440,22440,22440,2064
20211013135113,22440,22440,22440,22440,11506
20211013135113,22445,22445,22445,22445,20
20211013135113,22445,22445,22445,22445,1
20211013135113,22445,22445,22445,22445,1
20211013135113,22440,22440,22440,22440,1
20211013135113,22445,22445,22445,22445,1
20211013135114,22440,22440,22440,22440,20
20211013135116,22445,22445,22445,22445,50
20211013135116,22440,22440,22440,22440,12
20211013135117,22440,22440,22440,22440,500
20211013135118,22445,22445,22445,22445,1
20211013135120,22445,22445,22445,22445,10
20211013135120,22445,22445,22445,22445,5
20211013135120,22440,22440,22440,22440,200
20211013135120,22440,22440,22440,22440,30
20211013135121,22440,22440,22440,22440,1
20211013135121,22440,22440,22440,22440,1
20211013135121,22445,22445,22445,22445,1
20211013135122,22445,22445,22445,22445,23481
20211013135122,22445,22445,22445,22445,15
20211013135122,22445,22445,22445,22445,1
20211013135122,22450,22450,22450,22450,1
20211013135123,22450,22450,22450,22450,1
20211013135123,22450,22450,22450,22450,63
20211013135128,22450,22450,22450,22450,1
20211013135128,22450,22450,22450,22450,27
20211013135129,22450,22450,22450,22450,1779
20211013135130,22455,22455,22455,22455,24
20211013135134,22455,22455,22455,22455,50
20211013135137,22455,22455,22455,22455,2
20211013135138,22455,22455,22455,22455,1
20211013135138,22455,22455,22455,22455,1
20211013135138,22455,22455,22455,22455,1
20211013135138,22455,22455,22455,22455,1
20211013135138,22455,22455,22455,22455,4145
20211013135142,22455,22455,22455,22455,150
20211013135143,22455,22455,22455,22455,500
20211013135143,22455,22455,22455,22455,586
20211013135143,22455,22455,22455,22455,146
20211013135143,22455,22455,22455,22455,267
20211013135143,22460,22460,22460,22460,11895
20211013135146,22455,22455,22455,22455,7389
20211013135146,22455,22455,22455,22455,52
20211013135146,22455,22455,22455,22455,6259
20211013135146,22460,22460,22460,22460,500
20211013135147,22455,22455,22455,22455,5
20211013135149,22455,22455,22455,22455,1
20211013135152,22455,22455,22455,22455,12022
20211013135153,22455,22455,22455,22455,2
20211013135154,22455,22455,22455,22455,1
20211013135154,22455,22455,22455,22455,400
20211013135155,22455,22455,22455,22455,500
20211013135157,22455,22455,22455,22455,67
20211013135158,22450,22450,22450,22450,1692
20211013135200,22455,22455,22455,22455,1
20211013135200,22455,22455,22455,22455,100
20211013135202,22450,22450,22450,22450,3000
20211013135207,22450,22450,22450,22450,1250
20211013135208,22455,22455,22455,22455,5
20211013135211,22460,22460,22460,22460,10
20211013135212,22460,22460,22460,22460,1
20211013135212,22460,22460,22460,22460,1039
20211013135212,22460,22460,22460,22460,20
20211013135213,22460,22460,22460,22460,10
20211013135217,22460,22460,22460,22460,250
20211013135219,22460,22460,22460,22460,273
20211013135220,22460,22460,22460,22460,1
20211013135221,22460,22460,22460,22460,1
20211013135221,22460,22460,22460,22460,1045
20211013135224,22460,22460,22460,22460,20
20211013135224,22465,22465,22465,22465,50
20211013135227,22465,22465,22465,22465,1
20211013135227,22465,22465,22465,22465,5903
20211013135229,22465,22465,22465,22465,20
20211013135229,22465,22465,22465,22465,20
20211013135233,22465,22465,22465,22465,11
20211013135233,22465,22465,22465,22465,2
20211013135233,22465,22465,22465,22465,2
20211013135233,22465,22465,22465,22465,2
20211013135233,22465,22465,22465,22465,2
20211013135233,22465,22465,22465,22465,2
20211013135234,22465,22465,22465,22465,10
20211013135234,22465,22465,22465,22465,2
20211013135235,22465,22465,22465,22465,102
20211013135236,22465,22465,22465,22465,3
20211013135236,22470,22470,22470,22470,50
20211013135239,22465,22465,22465,22465,650
20211013135240,22465,22465,22465,22465,2
20211013135241,22465,22465,22465,22465,125
20211013135241,22465,22465,22465,22465,1
20211013135243,22465,22465,22465,22465,44
20211013135245,22465,22465,22465,22465,44
20211013135245,22465,22465,22465,22465,1
20211013135246,22465,22465,22465,22465,44
20211013135248,22470,22470,22470,22470,1
20211013135250,22465,22465,22465,22465,500
20211013135256,22465,22465,22465,22465,728
20211013135257,22465,22465,22465,22465,50
20211013135259,22460,22460,22460,22460,886
20211013135302,22460,22460,22460,22460,50
20211013135307,22465,22465,22465,22465,2
20211013135308,22465,22465,22465,22465,10
20211013135311,22465,22465,22465,22465,2
20211013135312,22460,22460,22460,22460,201
20211013135313,22460,22460,22460,22460,3
20211013135314,22460,22460,22460,22460,220
20211013135318,22460,22460,22460,22460,1400
20211013135321,22460,22460,22460,22460,2
20211013135323,22460,22460,22460,22460,64
20211013135327,22460,22460,22460,22460,100
20211013135331,22460,22460,22460,22460,1
20211013135332,22460,22460,22460,22460,1
20211013135332,22460,22460,22460,22460,1
20211013135332,22460,22460,22460,22460,1500
20211013135333,22460,22460,22460,22460,200
20211013135333,22460,22460,22460,22460,2
20211013135333,22460,22460,22460,22460,1
20211013135333,22460,22460,22460,22460,10
20211013135334,22460,22460,22460,22460,37
20211013135338,22460,22460,22460,22460,1
20211013135340,22465,22465,22465,22465,1
20211013135341,22460,22460,22460,22460,1870
20211013135342,22465,22465,22465,22465,1
20211013135343,22465,22465,22465,22465,1
20211013135343,22465,22465,22465,22465,2338
20211013135344,22465,22465,22465,22465,1
20211013135348,22470,22470,22470,22470,5
20211013135348,22470,22470,22470,22470,5
20211013135349,22465,22465,22465,22465,1
20211013135355,22465,22465,22465,22465,1
20211013135355,22465,22465,22465,22465,1
20211013135355,22465,22465,22465,22465,113
20211013135358,22470,22470,22470,22470,1
20211013135359,22465,22465,22465,22465,5
20211013135400,22465,22465,22465,22465,500
20211013135400,22465,22465,22465,22465,1
20211013135400,22465,22465,22465,22465,1
20211013135400,22465,22465,22465,22465,1
20211013135400,22465,22465,22465,22465,1
20211013135400,22465,22465,22465,22465,1
20211013135400,22465,22465,22465,22465,1
20211013135400,22465,22465,22465,22465,1
20211013135400,22465,22465,22465,22465,1
20211013135400,22465,22465,22465,22465,1
20211013135400,22465,22465,22465,22465,1
20211013135400,22465,22465,22465,22465,1
20211013135400,22465,22465,22465,22465,1
20211013135400,22465,22465,22465,22465,1
20211013135400,22465,22465,22465,22465,1
20211013135400,22465,22465,22465,22465,1
20211013135400,22465,22465,22465,22465,1
20211013135400,22465,22465,22465,22465,1
20211013135400,22465,22465,22465,22465,1
20211013135400,22465,22465,22465,22465,1
20211013135400,22465,22465,22465,22465,1
20211013135402,22470,22470,22470,22470,1
20211013135402,22470,22470,22470,22470,2000
20211013135402,22470,22470,22470,22470,637
20211013135408,22465,22465,22465,22465,1
20211013135408,22465,22465,22465,22465,13379
20211013135412,22470,22470,22470,22470,300
20211013135413,22465,22465,22465,22465,30
20211013135415,22465,22465,22465,22465,60
20211013135417,22465,22465,22465,22465,1
20211013135417,22470,22470,22470,22470,1
20211013135423,22470,22470,22470,22470,100
20211013135425,22465,22465,22465,22465,1884
20211013135425,22470,22470,22470,22470,500
20211013135426,22470,22470,22470,22470,445
20211013135431,22460,22460,22460,22460,137
20211013135434,22455,22455,22455,22455,30
20211013135439,22455,22455,22455,22455,5508
20211013135440,22455,22455,22455,22455,1
20211013135440,22450,22450,22450,22450,1
20211013135441,22455,22455,22455,22455,64
20211013135442,22455,22455,22455,22455,1
20211013135445,22455,22455,22455,22455,1
20211013135449,22455,22455,22455,22455,2
20211013135451,22455,22455,22455,22455,2
20211013135454,22455,22455,22455,22455,2
20211013135454,22455,22455,22455,22455,1
20211013135456,22455,22455,22455,22455,2
20211013135457,22455,22455,22455,22455,2
20211013135459,22450,22450,22450,22450,13980
20211013135459,22450,22450,22450,22450,5
20211013135500,22450,22450,22450,22450,1
20211013135500,22450,22450,22450,22450,1
20211013135504,22445,22445,22445,22445,1988
20211013135504,22450,22450,22450,22450,2
20211013135505,22445,22445,22445,22445,500
20211013135506,22450,22450,22450,22450,25
20211013135508,22445,22445,22445,22445,502
20211013135508,22440,22440,22440,22440,1498
20211013135508,22440,22440,22440,22440,1000
20211013135509,22445,22445,22445,22445,1
20211013135513,22450,22450,22450,22450,1
20211013135513,22450,22450,22450,22450,14
20211013135513,22455,22455,22455,22455,1
20211013135513,22455,22455,22455,22455,4415
20211013135515,22450,22450,22450,22450,86
20211013135518,22460,22460,22460,22460,1
20211013135518,22460,22460,22460,22460,1
20211013135520,22460,22460,22460,22460,4
20211013135522,22460,22460,22460,22460,500
20211013135522,22460,22460,22460,22460,125
20211013135522,22460,22460,22460,22460,875
20211013135526,22465,22465,22465,22465,10
20211013135526,22460,22460,22460,22460,1
20211013135527,22465,22465,22465,22465,50
20211013135532,22460,22460,22460,22460,500
20211013135532,22465,22465,22465,22465,1500
20211013135533,22465,22465,22465,22465,1
20211013135534,22460,22460,22460,22460,500
20211013135537,22460,22460,22460,22460,10
20211013135539,22460,22460,22460,22460,100
20211013135541,22460,22460,22460,22460,10
20211013135541,22465,22465,22465,22465,10
20211013135549,22460,22460,22460,22460,2
20211013135549,22455,22455,22455,22455,1621
20211013135549,22455,22455,22455,22455,500
20211013135550,22460,22460,22460,22460,100
20211013135551,22450,22450,22450,22450,100
20211013135551,22460,22460,22460,22460,1
20211013135552,22450,22450,22450,22450,100
20211013135553,22460,22460,22460,22460,1
20211013135554,22455,22455,22455,22455,1
20211013135554,22450,22450,22450,22450,100
20211013135555,22455,22455,22455,22455,1
20211013135556,22460,22460,22460,22460,1
20211013135557,22455,22455,22455,22455,1
20211013135557,22455,22455,22455,22455,799
20211013135558,22455,22455,22455,22455,100
20211013135600,22460,22460,22460,22460,1
20211013135602,22460,22460,22460,22460,1
20211013135603,22460,22460,22460,22460,500
20211013135603,22455,22455,22455,22455,100
20211013135607,22460,22460,22460,22460,5
20211013135608,22465,22465,22465,22465,1
20211013135608,22465,22465,22465,22465,295
20211013135608,22465,22465,22465,22465,500
20211013135614,22465,22465,22465,22465,650
20211013135615,22460,22460,22460,22460,1
20211013135616,22465,22465,22465,22465,10
20211013135616,22465,22465,22465,22465,1000
20211013135617,22465,22465,22465,22465,2
20211013135625,22465,22465,22465,22465,1
20211013135633,22465,22465,22465,22465,30
20211013135633,22470,22470,22470,22470,15037
20211013135635,22470,22470,22470,22470,17
20211013135635,22475,22475,22475,22475,3
20211013135636,22475,22475,22475,22475,500
20211013135636,22470,22470,22470,22470,50
20211013135639,22470,22470,22470,22470,90
20211013135641,22470,22470,22470,22470,200
20211013135641,22470,22470,22470,22470,1
20211013135641,22470,22470,22470,22470,1
20211013135642,22470,22470,22470,22470,50
20211013135644,22465,22465,22465,22465,140
20211013135644,22475,22475,22475,22475,30
20211013135647,22470,22470,22470,22470,256
20211013135647,22470,22470,22470,22470,25
20211013135648,22465,22465,22465,22465,1
20211013135648,22465,22465,22465,22465,1
20211013135648,22470,22470,22470,22470,1
20211013135648,22470,22470,22470,22470,1
20211013135649,22470,22470,22470,22470,50
20211013135649,22465,22465,22465,22465,1
20211013135649,22465,22465,22465,22465,15
20211013135650,22470,22470,22470,22470,20
20211013135650,22465,22465,22465,22465,250
20211013135650,22465,22465,22465,22465,2900
20211013135652,22460,22460,22460,22460,13526
20211013135652,22460,22460,22460,22460,1
20211013135652,22465,22465,22465,22465,1
20211013135652,22460,22460,22460,22460,1
20211013135652,22460,22460,22460,22460,499
20211013135654,22465,22465,22465,22465,500
20211013135656,22460,22460,22460,22460,400
20211013135656,22460,22460,22460,22460,1
20211013135657,22460,22460,22460,22460,99
20211013135658,22465,22465,22465,22465,2
20211013135700,22460,22460,22460,22460,20
20211013135709,22460,22460,22460,22460,200
20211013135712,22465,22465,22465,22465,269
20211013135715,22470,22470,22470,22470,1
20211013135716,22470,22470,22470,22470,1
20211013135716,22465,22465,22465,22465,1
20211013135716,22465,22465,22465,22465,649
20211013135716,22465,22465,22465,22465,4
20211013135723,22460,22460,22460,22460,238
20211013135729,22465,22465,22465,22465,1000
20211013135759,22465,22465,22465,22465,1
20211013135759,22465,22465,22465,22465,11
20211013135803,22460,22460,22460,22460,4
20211013135807,22460,22460,22460,22460,1221
20211013135807,22460,22460,22460,22460,2471
20211013135810,22460,22460,22460,22460,50
20211013135810,22460,22460,22460,22460,500
20211013135810,22460,22460,22460,22460,125
20211013135810,22460,22460,22460,22460,500
20211013135810,22460,22460,22460,22460,754
20211013135810,22460,22460,22460,22460,121
20211013135816,22465,22465,22465,22465,1000
20211013135817,22470,22470,22470,22470,3
20211013135818,22470,22470,22470,22470,1171
20211013135818,22470,22470,22470,22470,20
20211013135819,22470,22470,22470,22470,22
20211013135820,22470,22470,22470,22470,70
20211013135821,22470,22470,22470,22470,200
20211013135829,22475,22475,22475,22475,7109
20211013135832,22470,22470,22470,22470,5
20211013135835,22475,22475,22475,22475,20
20211013135839,22475,22475,22475,22475,512
20211013135843,22475,22475,22475,22475,1000
20211013135844,22470,22470,22470,22470,1
20211013135844,22470,22470,22470,22470,1
20211013135846,22470,22470,22470,22470,73
20211013135847,22475,22475,22475,22475,500
20211013135847,22475,22475,22475,22475,691
20211013135847,22470,22470,22470,22470,2
20211013135847,22475,22475,22475,22475,1
20211013135850,22480,22480,22480,22480,1469
20211013135850,22475,22475,22475,22475,5
20211013135852,22480,22480,22480,22480,10
20211013135854,22475,22475,22475,22475,50
20211013135856,22485,22485,22485,22485,20
20211013135857,22480,22480,22480,22480,1
20211013135905,22480,22480,22480,22480,2
20211013135908,22480,22480,22480,22480,50
20211013135908,22480,22480,22480,22480,12026
20211013135909,22480,22480,22480,22480,20
20211013135910,22480,22480,22480,22480,800
20211013135911,22480,22480,22480,22480,1000
20211013135916,22480,22480,22480,22480,144
20211013135919,22485,22485,22485,22485,1
20211013135920,22485,22485,22485,22485,907
20211013135920,22490,22490,22490,22490,7260
20211013135921,22485,22485,22485,22485,20
20211013135922,22495,22495,22495,22495,1
20211013135922,22495,22495,22495,22495,1
20211013135922,22495,22495,22495,22495,1
20211013135922,22495,22495,22495,22495,2943
20211013135922,22500,22500,22500,22500,100
20211013135923,22495,22495,22495,22495,100
20211013135923,22490,22490,22490,22490,22
20211013135925,22500,22500,22500,22500,500
20211013135926,22500,22500,22500,22500,1
20211013135926,22500,22500,22500,22500,1000
20211013135928,22500,22500,22500,22500,20
20211013135928,22500,22500,22500,22500,10
20211013135928,22500,22500,22500,22500,10
20211013135928,22500,22500,22500,22500,10
20211013135929,22495,22495,22495,22495,1
20211013135929,22495,22495,22495,22495,16000
20211013135931,22495,22495,22495,22495,500
20211013135931,22500,22500,22500,22500,11360
20211013135931,22500,22500,22500,22500,1
20211013135932,22500,22500,22500,22500,1
20211013135932,22500,22500,22500,22500,402
20211013135934,22505,22505,22505,22505,1
20211013135934,22505,22505,22505,22505,3
20211013135935,22505,22505,22505,22505,1
20211013135939,22505,22505,22505,22505,358
20211013135939,22505,22505,22505,22505,500
20211013135939,22500,22500,22500,22500,2358
20211013135940,22500,22500,22500,22500,4391
20211013135940,22500,22500,22500,22500,4700
20211013135941,22495,22495,22495,22495,50
20211013135946,22500,22500,22500,22500,5
20211013135948,22500,22500,22500,22500,76
20211013135948,22500,22500,22500,22500,9924
20211013135952,22500,22500,22500,22500,5
20211013135952,22500,22500,22500,22500,100
20211013135953,22495,22495,22495,22495,500
20211013135953,22490,22490,22490,22490,468
20211013135957,22485,22485,22485,22485,1
20211013135957,22485,22485,22485,22485,1
20211013135958,22490,22490,22490,22490,7
20211013135958,22485,22485,22485,22485,1
20211013140000,22500,22500,22500,22500,100
20211013140000,22495,22495,22495,22495,100
20211013140000,22495,22495,22495,22495,50
20211013140001,22500,22500,22500,22500,1
20211013140001,22500,22500,22500,22500,1
20211013140001,22500,22500,22500,22500,834
20211013140001,22505,22505,22505,22505,56
20211013140001,22505,22505,22505,22505,56
20211013140001,22505,22505,22505,22505,3
20211013140002,22500,22500,22500,22500,1
20211013140005,22505,22505,22505,22505,1
20211013140005,22505,22505,22505,22505,28
20211013140005,22500,22500,22500,22500,30
20211013140005,22505,22505,22505,22505,50
20211013140005,22505,22505,22505,22505,27
20211013140005,22510,22510,22510,22510,1881
20211013140005,22510,22510,22510,22510,1
20211013140006,22510,22510,22510,22510,100
20211013140006,22515,22515,22515,22515,300
20211013140008,22505,22505,22505,22505,1
20211013140009,22505,22505,22505,22505,50
20211013140009,22510,22510,22510,22510,1
20211013140009,22505,22505,22505,22505,2263
20211013140012,22505,22505,22505,22505,10
20211013140015,22505,22505,22505,22505,1
20211013140015,22505,22505,22505,22505,1
20211013140015,22505,22505,22505,22505,1
20211013140015,22505,22505,22505,22505,507
20211013140016,22505,22505,22505,22505,1
20211013140017,22505,22505,22505,22505,10
20211013140020,22505,22505,22505,22505,890
20211013140020,22510,22510,22510,22510,110
20211013140021,22500,22500,22500,22500,50
20211013140022,22500,22500,22500,22500,1
20211013140022,22500,22500,22500,22500,1
20211013140022,22500,22500,22500,22500,1
20211013140022,22500,22500,22500,22500,2869
20211013140023,22500,22500,22500,22500,1
20211013140023,22500,22500,22500,22500,141
20211013140024,22500,22500,22500,22500,1
20211013140028,22500,22500,22500,22500,374
20211013140028,22500,22500,22500,22500,126
20211013140029,22500,22500,22500,22500,100
20211013140029,22500,22500,22500,22500,16
20211013140030,22500,22500,22500,22500,500
20211013140034,22500,22500,22500,22500,622
20211013140036,22500,22500,22500,22500,1
20211013140036,22500,22500,22500,22500,21
20211013140037,22500,22500,22500,22500,1030
20211013140037,22495,22495,22495,22495,116
20211013140040,22495,22495,22495,22495,10
20211013140040,22495,22495,22495,22495,2270
20211013140041,22500,22500,22500,22500,2000
20211013140043,22495,22495,22495,22495,100
20211013140045,22495,22495,22495,22495,1
20211013140046,22495,22495,22495,22495,100
20211013140046,22490,22490,22490,22490,3
20211013140049,22495,22495,22495,22495,50
20211013140052,22490,22490,22490,22490,666
20211013140054,22490,22490,22490,22490,300
20211013140103,22490,22490,22490,22490,13
20211013140114,22490,22490,22490,22490,5
20211013140114,22490,22490,22490,22490,3
20211013140114,22490,22490,22490,22490,1
20211013140115,22485,22485,22485,22485,903
20211013140117,22485,22485,22485,22485,10
20211013140118,22485,22485,22485,22485,500
20211013140119,22480,22480,22480,22480,1
20211013140119,22480,22480,22480,22480,1
20211013140119,22485,22485,22485,22485,650
20211013140121,22480,22480,22480,22480,1
20211013140121,22480,22480,22480,22480,2
20211013140125,22480,22480,22480,22480,1
20211013140128,22480,22480,22480,22480,6055
20211013140131,22480,22480,22480,22480,4309
20211013140132,22480,22480,22480,22480,7
20211013140134,22485,22485,22485,22485,1
20211013140135,22480,22480,22480,22480,1
20211013140137,22480,22480,22480,22480,1
20211013140138,22480,22480,22480,22480,2
20211013140140,22480,22480,22480,22480,1
20211013140140,22480,22480,22480,22480,1
20211013140140,22480,22480,22480,22480,1
20211013140141,22480,22480,22480,22480,1
20211013140141,22485,22485,22485,22485,1
20211013140142,22485,22485,22485,22485,25
20211013140144,22480,22480,22480,22480,1001
20211013140144,22485,22485,22485,22485,991
20211013140151,22485,22485,22485,22485,89
20211013140155,22480,22480,22480,22480,2085
20211013140155,22480,22480,22480,22480,879
20211013140155,22475,22475,22475,22475,829
20211013140155,22475,22475,22475,22475,1
20211013140155,22475,22475,22475,22475,1
20211013140155,22475,22475,22475,22475,1
20211013140157,22480,22480,22480,22480,444
20211013140201,22480,22480,22480,22480,1
20211013140203,22480,22480,22480,22480,101
20211013140218,22480,22480,22480,22480,25
20211013140219,22480,22480,22480,22480,5
20211013140221,22475,22475,22475,22475,1
20211013140221,22475,22475,22475,22475,181
20211013140225,22475,22475,22475,22475,20
20211013140228,22480,22480,22480,22480,1
20211013140230,22475,22475,22475,22475,1
20211013140234,22475,22475,22475,22475,1
20211013140235,22475,22475,22475,22475,100
20211013140235,22480,22480,22480,22480,2
20211013140235,22475,22475,22475,22475,1
20211013140235,22475,22475,22475,22475,40
20211013140235,22475,22475,22475,22475,77
20211013140236,22470,22470,22470,22470,1
20211013140237,22475,22475,22475,22475,1
20211013140237,22475,22475,22475,22475,1
20211013140237,22470,22470,22470,22470,1
20211013140238,22475,22475,22475,22475,224
20211013140238,22470,22470,22470,22470,1
20211013140246,22480,22480,22480,22480,5
20211013140249,22470,22470,22470,22470,1
20211013140250,22470,22470,22470,22470,50
20211013140250,22475,22475,22475,22475,1
20211013140251,22470,22470,22470,22470,1
20211013140251,22470,22470,22470,22470,10
20211013140251,22470,22470,22470,22470,3591
20211013140251,22475,22475,22475,22475,10
20211013140254,22465,22465,22465,22465,5
20211013140254,22465,22465,22465,22465,200
20211013140302,22475,22475,22475,22475,650
20211013140305,22480,22480,22480,22480,1
20211013140310,22480,22480,22480,22480,50
20211013140318,22480,22480,22480,22480,2
20211013140324,22480,22480,22480,22480,2
20211013140326,22475,22475,22475,22475,1
20211013140326,22475,22475,22475,22475,7352
20211013140332,22470,22470,22470,22470,1
20211013140335,22475,22475,22475,22475,75
20211013140336,22475,22475,22475,22475,392
20211013140336,22475,22475,22475,22475,10
20211013140341,22480,22480,22480,22480,1
20211013140341,22480,22480,22480,22480,1
20211013140341,22475,22475,22475,22475,20
20211013140343,22475,22475,22475,22475,500
20211013140344,22475,22475,22475,22475,30
20211013140350,22475,22475,22475,22475,1
20211013140353,22470,22470,22470,22470,1
20211013140356,22470,22470,22470,22470,1
20211013140358,22475,22475,22475,22475,200
20211013140402,22470,22470,22470,22470,5
20211013140407,22475,22475,22475,22475,1
20211013140408,22470,22470,22470,22470,1
20211013140414,22475,22475,22475,22475,1
20211013140414,22470,22470,22470,22470,1
20211013140418,22470,22470,22470,22470,14576
20211013140418,22475,22475,22475,22475,1
20211013140424,22465,22465,22465,22465,1
20211013140424,22465,22465,22465,22465,1
20211013140424,22465,22465,22465,22465,1
20211013140425,22465,22465,22465,22465,1
20211013140426,22465,22465,22465,22465,2828
20211013140436,22465,22465,22465,22465,50
20211013140437,22460,22460,22460,22460,3359
20211013140437,22460,22460,22460,22460,500
20211013140437,22460,22460,22460,22460,1
20211013140438,22465,22465,22465,22465,1
20211013140445,22465,22465,22465,22465,1000
20211013140448,22465,22465,22465,22465,1
20211013140449,22465,22465,22465,22465,500
20211013140450,22465,22465,22465,22465,1
20211013140454,22465,22465,22465,22465,150
20211013140457,22465,22465,22465,22465,50
20211013140459,22470,22470,22470,22470,1
20211013140501,22465,22465,22465,22465,2
20211013140503,22465,22465,22465,22465,3
20211013140507,22465,22465,22465,22465,500
20211013140508,22470,22470,22470,22470,1
20211013140509,22465,22465,22465,22465,500
20211013140510,22470,22470,22470,22470,111
20211013140511,22465,22465,22465,22465,191
20211013140513,22465,22465,22465,22465,30
20211013140513,22470,22470,22470,22470,81
20211013140519,22465,22465,22465,22465,500
20211013140519,22460,22460,22460,22460,1
20211013140520,22460,22460,22460,22460,4423
20211013140524,22460,22460,22460,22460,4000
20211013140524,22465,22465,22465,22465,111
20211013140526,22465,22465,22465,22465,1
20211013140527,22460,22460,22460,22460,1
20211013140527,22460,22460,22460,22460,200
20211013140537,22460,22460,22460,22460,1
20211013140539,22460,22460,22460,22460,2000
20211013140542,22460,22460,22460,22460,5
20211013140543,22460,22460,22460,22460,3000
20211013140546,22465,22465,22465,22465,4100
20211013140546,22470,22470,22470,22470,1339
20211013140550,22465,22465,22465,22465,1
20211013140552,22465,22465,22465,22465,50
20211013140553,22465,22465,22465,22465,590
20211013140556,22470,22470,22470,22470,2100
20211013140557,22475,22475,22475,22475,500
20211013140557,22470,22470,22470,22470,10
20211013140559,22470,22470,22470,22470,500
20211013140605,22470,22470,22470,22470,10
20211013140609,22475,22475,22475,22475,3409
20211013140611,22480,22480,22480,22480,573
20211013140613,22475,22475,22475,22475,4
20211013140615,22475,22475,22475,22475,222
20211013140616,22475,22475,22475,22475,1
20211013140616,22475,22475,22475,22475,1
20211013140616,22475,22475,22475,22475,701
20211013140619,22475,22475,22475,22475,1
20211013140624,22475,22475,22475,22475,4000
20211013140626,22475,22475,22475,22475,10
20211013140628,22475,22475,22475,22475,1
20211013140628,22475,22475,22475,22475,1
20211013140629,22475,22475,22475,22475,21
20211013140629,22475,22475,22475,22475,1978
20211013140631,22475,22475,22475,22475,4000
20211013140632,22475,22475,22475,22475,10
20211013140633,22480,22480,22480,22480,50
20211013140646,22480,22480,22480,22480,8879
20211013140646,22485,22485,22485,22485,845
20211013140649,22480,22480,22480,22480,50
20211013140654,22480,22480,22480,22480,1
20211013140656,22475,22475,22475,22475,1
20211013140656,22475,22475,22475,22475,1101
20211013140656,22475,22475,22475,22475,5
20211013140657,22470,22470,22470,22470,1
20211013140657,22470,22470,22470,22470,1
20211013140657,22470,22470,22470,22470,1350
20211013140702,22480,22480,22480,22480,4004
20211013140705,22485,22485,22485,22485,1
20211013140705,22485,22485,22485,22485,1
20211013140706,22485,22485,22485,22485,10
20211013140707,22480,22480,22480,22480,1
20211013140716,22475,22475,22475,22475,1
20211013140719,22480,22480,22480,22480,20
20211013140720,22480,22480,22480,22480,225
20211013140724,22480,22480,22480,22480,6
20211013140724,22480,22480,22480,22480,1
20211013140725,22475,22475,22475,22475,1
20211013140726,22480,22480,22480,22480,43
20211013140735,22475,22475,22475,22475,1
20211013140735,22475,22475,22475,22475,1
20211013140736,22475,22475,22475,22475,1
20211013140740,22475,22475,22475,22475,59
20211013140743,22470,22470,22470,22470,1
20211013140743,22470,22470,22470,22470,1
20211013140743,22470,22470,22470,22470,1
20211013140745,22470,22470,22470,22470,1
20211013140747,22470,22470,22470,22470,1
20211013140756,22475,22475,22475,22475,1
20211013140757,22475,22475,22475,22475,500
20211013140759,22470,22470,22470,22470,1
20211013140803,22470,22470,22470,22470,100
20211013140806,22470,22470,22470,22470,300
20211013140806,22470,22470,22470,22470,9637
20211013140810,22465,22465,22465,22465,1
20211013140811,22465,22465,22465,22465,1
20211013140811,22465,22465,22465,22465,100
20211013140811,22465,22465,22465,22465,1327
20211013140811,22470,22470,22470,22470,1
20211013140817,22465,22465,22465,22465,200
20211013140817,22465,22465,22465,22465,500
20211013140822,22470,22470,22470,22470,9
20211013140824,22460,22460,22460,22460,10000
20211013140824,22460,22460,22460,22460,6
20211013140834,22460,22460,22460,22460,731
20211013140835,22460,22460,22460,22460,1
20211013140836,22460,22460,22460,22460,5
20211013140846,22465,22465,22465,22465,50
20211013140850,22465,22465,22465,22465,3
20211013140852,22465,22465,22465,22465,445
20211013140852,22470,22470,22470,22470,446
20211013140854,22470,22470,22470,22470,500
20211013140857,22470,22470,22470,22470,503
20211013140857,22475,22475,22475,22475,1
20211013140858,22470,22470,22470,22470,147
20211013140900,22475,22475,22475,22475,1
20211013140901,22470,22470,22470,22470,1
20211013140905,22470,22470,22470,22470,1
20211013140905,22470,22470,22470,22470,10
20211013140905,22470,22470,22470,22470,100
20211013140907,22470,22470,22470,22470,100
20211013140909,22470,22470,22470,22470,1
20211013140910,22470,22470,22470,22470,2
20211013140912,22465,22465,22465,22465,1
20211013140912,22465,22465,22465,22465,397
20211013140912,22465,22465,22465,22465,50
20211013140913,22470,22470,22470,22470,1
20211013140921,22465,22465,22465,22465,1
20211013140922,22460,22460,22460,22460,2667
20211013140923,22455,22455,22455,22455,9
20211013140923,22455,22455,22455,22455,10503
20211013140923,22450,22450,22450,22450,3
20211013140923,22450,22450,22450,22450,500
20211013140926,22450,22450,22450,22450,2085
20211013140926,22450,22450,22450,22450,1
20211013140926,22455,22455,22455,22455,1
20211013140928,22455,22455,22455,22455,60
20211013140931,22455,22455,22455,22455,88
20211013140932,22455,22455,22455,22455,1
20211013140937,22460,22460,22460,22460,1
20211013140939,22455,22455,22455,22455,986
20211013140941,22455,22455,22455,22455,5
20211013140942,22455,22455,22455,22455,30
20211013140943,22455,22455,22455,22455,424
20211013140945,22455,22455,22455,22455,1
20211013140945,22460,22460,22460,22460,1
20211013140945,22460,22460,22460,22460,1
20211013140945,22460,22460,22460,22460,50
20211013140948,22465,22465,22465,22465,1
20211013140948,22465,22465,22465,22465,66
20211013140948,22470,22470,22470,22470,1
20211013140948,22470,22470,22470,22470,3524
20211013140950,22470,22470,22470,22470,1
20211013140950,22475,22475,22475,22475,2676
20211013140950,22475,22475,22475,22475,65
20211013140951,22475,22475,22475,22475,24
20211013140951,22480,22480,22480,22480,13645
20211013140952,22475,22475,22475,22475,5
20211013140952,22475,22475,22475,22475,24
20211013140952,22475,22475,22475,22475,500
20211013140955,22480,22480,22480,22480,24
20211013140955,22480,22480,22480,22480,24
20211013140955,22480,22480,22480,22480,100
20211013140955,22480,22480,22480,22480,500
20211013140955,22480,22480,22480,22480,5
20211013140956,22480,22480,22480,22480,1
20211013140956,22485,22485,22485,22485,1
20211013140956,22480,22480,22480,22480,375
20211013140957,22480,22480,22480,22480,8
20211013140957,22485,22485,22485,22485,1
20211013140958,22480,22480,22480,22480,1
20211013140958,22485,22485,22485,22485,1
20211013140958,22480,22480,22480,22480,1
20211013140959,22480,22480,22480,22480,100
20211013141000,22480,22480,22480,22480,1673
20211013141000,22475,22475,22475,22475,8327
20211013141000,22480,22480,22480,22480,426
20211013141004,22480,22480,22480,22480,7
20211013141006,22480,22480,22480,22480,30
20211013141007,22475,22475,22475,22475,1
20211013141008,22475,22475,22475,22475,130
20211013141013,22475,22475,22475,22475,11
20211013141015,22480,22480,22480,22480,2783
20211013141015,22480,22480,22480,22480,50
20211013141015,22485,22485,22485,22485,1
20211013141015,22480,22480,22480,22480,3
20211013141016,22480,22480,22480,22480,10
20211013141016,22480,22480,22480,22480,11
20211013141017,22480,22480,22480,22480,1
20211013141018,22480,22480,22480,22480,20
20211013141022,22485,22485,22485,22485,884
20211013141022,22490,22490,22490,22490,1
20211013141022,22485,22485,22485,22485,11
20211013141023,22485,22485,22485,22485,40
20211013141024,22485,22485,22485,22485,2063
20211013141025,22485,22485,22485,22485,296
20211013141029,22490,22490,22490,22490,9
20211013141029,22485,22485,22485,22485,789
20211013141030,22480,22480,22480,22480,27
20211013141030,22475,22475,22475,22475,89
20211013141032,22475,22475,22475,22475,1
20211013141032,22475,22475,22475,22475,1
20211013141032,22475,22475,22475,22475,1
20211013141032,22480,22480,22480,22480,1
20211013141032,22475,22475,22475,22475,1
20211013141032,22475,22475,22475,22475,1
20211013141032,22480,22480,22480,22480,200
20211013141033,22475,22475,22475,22475,1
20211013141033,22480,22480,22480,22480,1
20211013141034,22475,22475,22475,22475,1
20211013141036,22480,22480,22480,22480,1
20211013141039,22475,22475,22475,22475,1
20211013141043,22480,22480,22480,22480,2
20211013141044,22475,22475,22475,22475,1
20211013141044,22475,22475,22475,22475,1098
20211013141048,22475,22475,22475,22475,512
20211013141051,22475,22475,22475,22475,1
20211013141051,22480,22480,22480,22480,1
20211013141053,22475,22475,22475,22475,4
20211013141053,22475,22475,22475,22475,1
20211013141055,22475,22475,22475,22475,1
20211013141055,22475,22475,22475,22475,513
20211013141056,22475,22475,22475,22475,1
20211013141059,22480,22480,22480,22480,2
20211013141100,22475,22475,22475,22475,1
20211013141103,22475,22475,22475,22475,142
20211013141103,22470,22470,22470,22470,1
20211013141103,22470,22470,22470,22470,1
20211013141109,22475,22475,22475,22475,3
20211013141109,22480,22480,22480,22480,2
20211013141111,22470,22470,22470,22470,1
20211013141113,22470,22470,22470,22470,975
20211013141113,22465,22465,22465,22465,1
20211013141113,22465,22465,22465,22465,77
20211013141115,22465,22465,22465,22465,100
20211013141121,22465,22465,22465,22465,5
20211013141122,22465,22465,22465,22465,39
20211013141122,22465,22465,22465,22465,461
20211013141124,22465,22465,22465,22465,500
20211013141126,22465,22465,22465,22465,1
20211013141127,22460,22460,22460,22460,1
20211013141127,22460,22460,22460,22460,1
20211013141127,22460,22460,22460,22460,15049
20211013141135,22460,22460,22460,22460,3000
20211013141141,22460,22460,22460,22460,40
20211013141141,22465,22465,22465,22465,4
20211013141142,22465,22465,22465,22465,200
20211013141145,22465,22465,22465,22465,1
20211013141145,22465,22465,22465,22465,9
20211013141145,22470,22470,22470,22470,1
20211013141145,22470,22470,22470,22470,100
20211013141150,22470,22470,22470,22470,44
20211013141151,22470,22470,22470,22470,100
20211013141154,22465,22465,22465,22465,1
20211013141158,22465,22465,22465,22465,1
20211013141158,22465,22465,22465,22465,10
20211013141158,22465,22465,22465,22465,89
20211013141201,22460,22460,22460,22460,583
20211013141201,22460,22460,22460,22460,100
20211013141206,22455,22455,22455,22455,1
20211013141206,22460,22460,22460,22460,13
20211013141206,22455,22455,22455,22455,292
20211013141207,22460,22460,22460,22460,100
20211013141208,22455,22455,22455,22455,100
20211013141209,22455,22455,22455,22455,1
20211013141210,22455,22455,22455,22455,1
20211013141210,22455,22455,22455,22455,4
20211013141211,22455,22455,22455,22455,11
20211013141215,22455,22455,22455,22455,622
20211013141215,22455,22455,22455,22455,100
20211013141216,22455,22455,22455,22455,7
20211013141216,22450,22450,22450,22450,9
20211013141216,22455,22455,22455,22455,102
20211013141218,22455,22455,22455,22455,33
20211013141219,22455,22455,22455,22455,11
20211013141220,22455,22455,22455,22455,1
20211013141222,22450,22450,22450,22450,4831
20211013141222,22450,22450,22450,22450,44
20211013141222,22450,22450,22450,22450,500
20211013141222,22450,22450,22450,22450,1541
20211013141228,22455,22455,22455,22455,1
20211013141228,22455,22455,22455,22455,1
20211013141228,22455,22455,22455,22455,1
20211013141228,22455,22455,22455,22455,1
20211013141228,22450,22450,22450,22450,1
20211013141228,22455,22455,22455,22455,4998
20211013141230,22455,22455,22455,22455,1
20211013141233,22460,22460,22460,22460,2
20211013141234,22465,22465,22465,22465,6029
20211013141237,22460,22460,22460,22460,1
20211013141237,22465,22465,22465,22465,1
20211013141237,22465,22465,22465,22465,1
20211013141237,22460,22460,22460,22460,1
20211013141239,22460,22460,22460,22460,1
20211013141242,22465,22465,22465,22465,10
20211013141244,22465,22465,22465,22465,7
20211013141244,22465,22465,22465,22465,69
20211013141244,22460,22460,22460,22460,151
20211013141245,22460,22460,22460,22460,1
20211013141249,22460,22460,22460,22460,1
20211013141249,22460,22460,22460,22460,6854
20211013141251,22460,22460,22460,22460,50
20211013141251,22460,22460,22460,22460,10
20211013141251,22465,22465,22465,22465,3
20211013141255,22455,22455,22455,22455,1
20211013141255,22455,22455,22455,22455,121
20211013141255,22455,22455,22455,22455,100
20211013141256,22450,22450,22450,22450,1
20211013141256,22455,22455,22455,22455,100
20211013141258,22460,22460,22460,22460,5
20211013141308,22460,22460,22460,22460,10
20211013141315,22460,22460,22460,22460,10
20211013141316,22460,22460,22460,22460,1
20211013141316,22460,22460,22460,22460,1299
20211013141321,22460,22460,22460,22460,2000
20211013141324,22465,22465,22465,22465,24
20211013141326,22465,22465,22465,22465,1188
20211013141329,22465,22465,22465,22465,1
20211013141330,22460,22460,22460,22460,1
20211013141330,22460,22460,22460,22460,8000
20211013141331,22455,22455,22455,22455,1
20211013141334,22460,22460,22460,22460,100
20211013141344,22460,22460,22460,22460,1
20211013141400,22460,22460,22460,22460,195
20211013141400,22460,22460,22460,22460,805
20211013141411,22465,22465,22465,22465,1
20211013141415,22465,22465,22465,22465,2759
20211013141416,22465,22465,22465,22465,1
20211013141418,22465,22465,22465,22465,10000
20211013141420,22470,22470,22470,22470,1066
20211013141423,22470,22470,22470,22470,4
20211013141427,22470,22470,22470,22470,1
20211013141432,22470,22470,22470,22470,500
20211013141435,22470,22470,22470,22470,9
20211013141435,22470,22470,22470,22470,1453
20211013141435,22470,22470,22470,22470,1453
20211013141435,22470,22470,22470,22470,1085
20211013141436,22465,22465,22465,22465,1562
20211013141442,22475,22475,22475,22475,8525
20211013141442,22470,22470,22470,22470,3
20211013141452,22475,22475,22475,22475,1
20211013141452,22475,22475,22475,22475,6
20211013141500,22480,22480,22480,22480,10
20211013141500,22480,22480,22480,22480,3
20211013141506,22480,22480,22480,22480,5402
20211013141507,22485,22485,22485,22485,10
20211013141508,22485,22485,22485,22485,10
20211013141510,22485,22485,22485,22485,10
20211013141512,22485,22485,22485,22485,1
20211013141514,22485,22485,22485,22485,2058
20211013141516,22480,22480,22480,22480,1
20211013141517,22480,22480,22480,22480,1
20211013141517,22485,22485,22485,22485,1
20211013141519,22480,22480,22480,22480,1
20211013141519,22480,22480,22480,22480,1
20211013141520,22480,22480,22480,22480,6980
20211013141520,22475,22475,22475,22475,1020
20211013141520,22480,22480,22480,22480,1
20211013141521,22480,22480,22480,22480,100
20211013141523,22485,22485,22485,22485,842
20211013141523,22485,22485,22485,22485,520
20211013141527,22485,22485,22485,22485,500
20211013141528,22490,22490,22490,22490,1
20211013141528,22485,22485,22485,22485,1
20211013141528,22490,22490,22490,22490,1
20211013141529,22490,22490,22490,22490,2893
20211013141530,22490,22490,22490,22490,30
20211013141531,22485,22485,22485,22485,1
20211013141531,22485,22485,22485,22485,1
20211013141532,22480,22480,22480,22480,1
20211013141535,22480,22480,22480,22480,6
20211013141535,22475,22475,22475,22475,1
20211013141535,22480,22480,22480,22480,1
20211013141535,22475,22475,22475,22475,1
20211013141536,22475,22475,22475,22475,138
20211013141539,22475,22475,22475,22475,500
20211013141540,22475,22475,22475,22475,1
20211013141541,22475,22475,22475,22475,1
20211013141544,22475,22475,22475,22475,3
20211013141545,22475,22475,22475,22475,1
20211013141545,22475,22475,22475,22475,1
20211013141546,22480,22480,22480,22480,20
20211013141546,22470,22470,22470,22470,1
20211013141547,22470,22470,22470,22470,1
20211013141547,22470,22470,22470,22470,1
20211013141548,22470,22470,22470,22470,2551
20211013141549,22470,22470,22470,22470,10
20211013141551,22475,22475,22475,22475,9
20211013141552,22480,22480,22480,22480,1
20211013141552,22475,22475,22475,22475,1
20211013141552,22475,22475,22475,22475,1
20211013141556,22475,22475,22475,22475,20
20211013141559,22480,22480,22480,22480,1
20211013141559,22480,22480,22480,22480,29
20211013141600,22480,22480,22480,22480,1
20211013141601,22480,22480,22480,22480,21
20211013141602,22475,22475,22475,22475,1
20211013141604,22475,22475,22475,22475,1
20211013141605,22475,22475,22475,22475,12
20211013141606,22475,22475,22475,22475,1
20211013141606,22480,22480,22480,22480,1
20211013141608,22475,22475,22475,22475,985
20211013141610,22470,22470,22470,22470,1
20211013141610,22475,22475,22475,22475,500
20211013141610,22480,22480,22480,22480,381
20211013141618,22475,22475,22475,22475,10
20211013141619,22475,22475,22475,22475,10
20211013141621,22475,22475,22475,22475,100
20211013141628,22475,22475,22475,22475,70
20211013141637,22480,22480,22480,22480,200
20211013141637,22475,22475,22475,22475,1
20211013141637,22475,22475,22475,22475,1
20211013141637,22475,22475,22475,22475,1
20211013141637,22475,22475,22475,22475,1
20211013141637,22475,22475,22475,22475,6
20211013141637,22475,22475,22475,22475,750
20211013141640,22470,22470,22470,22470,1
20211013141640,22470,22470,22470,22470,1
20211013141640,22470,22470,22470,22470,145
20211013141640,22465,22465,22465,22465,1
20211013141653,22470,22470,22470,22470,10
20211013141655,22465,22465,22465,22465,1
20211013141655,22465,22465,22465,22465,3551
20211013141656,22465,22465,22465,22465,10
20211013141657,22465,22465,22465,22465,300
20211013141700,22465,22465,22465,22465,10
20211013141702,22465,22465,22465,22465,20
20211013141703,22465,22465,22465,22465,500
20211013141703,22470,22470,22470,22470,1801
20211013141705,22475,22475,22475,22475,25
20211013141706,22470,22470,22470,22470,3
20211013141709,22470,22470,22470,22470,1
20211013141709,22470,22470,22470,22470,1
20211013141709,22475,22475,22475,22475,200
20211013141716,22470,22470,22470,22470,1
20211013141716,22470,22470,22470,22470,1
20211013141730,22470,22470,22470,22470,1
20211013141730,22470,22470,22470,22470,115
20211013141731,22470,22470,22470,22470,1
20211013141734,22465,22465,22465,22465,2
20211013141738,22470,22470,22470,22470,1
20211013141744,22470,22470,22470,22470,6
20211013141746,22470,22470,22470,22470,6
20211013141747,22470,22470,22470,22470,465
20211013141750,22475,22475,22475,22475,1
20211013141751,22475,22475,22475,22475,1706
20211013141758,22475,22475,22475,22475,60
20211013141758,22475,22475,22475,22475,1
20211013141808,22480,22480,22480,22480,100
20211013141815,22480,22480,22480,22480,9913
20211013141815,22485,22485,22485,22485,1
20211013141815,22485,22485,22485,22485,1
20211013141815,22480,22480,22480,22480,9
20211013141815,22485,22485,22485,22485,1439
20211013141815,22485,22485,22485,22485,50
20211013141815,22490,22490,22490,22490,1
20211013141816,22485,22485,22485,22485,10
20211013141817,22485,22485,22485,22485,1
20211013141818,22490,22490,22490,22490,100
20211013141823,22485,22485,22485,22485,1
20211013141823,22485,22485,22485,22485,700
20211013141826,22490,22490,22490,22490,20
20211013141828,22490,22490,22490,22490,1
20211013141832,22490,22490,22490,22490,12124
20211013141834,22495,22495,22495,22495,9
20211013141834,22495,22495,22495,22495,2
20211013141834,22495,22495,22495,22495,1
20211013141836,22490,22490,22490,22490,150
20211013141837,22490,22490,22490,22490,5
20211013141837,22495,22495,22495,22495,1
20211013141837,22495,22495,22495,22495,1
20211013141837,22495,22495,22495,22495,1
20211013141837,22495,22495,22495,22495,7950
20211013141838,22490,22490,22490,22490,1
20211013141838,22495,22495,22495,22495,7522
20211013141839,22495,22495,22495,22495,2478
20211013141840,22495,22495,22495,22495,1
20211013141842,22490,22490,22490,22490,7
20211013141843,22485,22485,22485,22485,1
20211013141845,22490,22490,22490,22490,1
20211013141845,22490,22490,22490,22490,1
20211013141850,22490,22490,22490,22490,1
20211013141850,22490,22490,22490,22490,1
20211013141850,22490,22490,22490,22490,6
20211013141850,22490,22490,22490,22490,50
20211013141851,22495,22495,22495,22495,1
20211013141851,22495,22495,22495,22495,29
20211013141851,22495,22495,22495,22495,30
20211013141856,22495,22495,22495,22495,1
20211013141857,22495,22495,22495,22495,10
20211013141858,22490,22490,22490,22490,15
20211013141901,22495,22495,22495,22495,3
20211013141904,22495,22495,22495,22495,1000
20211013141906,22495,22495,22495,22495,117
20211013141908,22495,22495,22495,22495,5
20211013141916,22500,22500,22500,22500,1
20211013141916,22495,22495,22495,22495,2000
20211013141916,22500,22500,22500,22500,1
20211013141916,22500,22500,22500,22500,17731
20211013141919,22500,22500,22500,22500,888
20211013141920,22495,22495,22495,22495,1
20211013141923,22500,22500,22500,22500,3
20211013141931,22500,22500,22500,22500,1
20211013141933,22500,22500,22500,22500,2
20211013141936,22500,22500,22500,22500,10000
20211013141939,22495,22495,22495,22495,7398
20211013141939,22490,22490,22490,22490,1
20211013141940,22495,22495,22495,22495,12
20211013141945,22490,22490,22490,22490,131
20211013141950,22490,22490,22490,22490,4
20211013141950,22495,22495,22495,22495,100
20211013141953,22490,22490,22490,22490,50
20211013141958,22495,22495,22495,22495,1
20211013141959,22495,22495,22495,22495,480
20211013142003,22490,22490,22490,22490,65
20211013142007,22495,22495,22495,22495,173
20211013142010,22485,22485,22485,22485,1
20211013142015,22495,22495,22495,22495,63
20211013142020,22495,22495,22495,22495,23
20211013142024,22490,22490,22490,22490,55
20211013142025,22495,22495,22495,22495,8
20211013142031,22495,22495,22495,22495,3
20211013142035,22495,22495,22495,22495,3
20211013142037,22495,22495,22495,22495,10
20211013142040,22490,22490,22490,22490,25
20211013142043,22495,22495,22495,22495,1
20211013142043,22495,22495,22495,22495,1
20211013142043,22495,22495,22495,22495,1
20211013142043,22495,22495,22495,22495,1746
20211013142043,22500,22500,22500,22500,588
20211013142044,22500,22500,22500,22500,10
20211013142044,22495,22495,22495,22495,1746
20211013142050,22490,22490,22490,22490,50
20211013142051,22490,22490,22490,22490,1
20211013142052,22490,22490,22490,22490,1224
20211013142052,22490,22490,22490,22490,1
20211013142052,22490,22490,22490,22490,515
20211013142053,22495,22495,22495,22495,10
20211013142101,22495,22495,22495,22495,1
20211013142101,22495,22495,22495,22495,100
20211013142103,22495,22495,22495,22495,1
20211013142103,22490,22490,22490,22490,1
20211013142103,22490,22490,22490,22490,1
20211013142103,22490,22490,22490,22490,3
20211013142104,22490,22490,22490,22490,50
20211013142106,22495,22495,22495,22495,10
20211013142109,22490,22490,22490,22490,22
20211013142112,22485,22485,22485,22485,298
20211013142114,22495,22495,22495,22495,1
20211013142119,22495,22495,22495,22495,1
20211013142123,22495,22495,22495,22495,10
20211013142124,22490,22490,22490,22490,324
20211013142125,22490,22490,22490,22490,1
20211013142126,22490,22490,22490,22490,999
20211013142128,22485,22485,22485,22485,1
20211013142128,22485,22485,22485,22485,1685
20211013142129,22485,22485,22485,22485,1746
20211013142129,22490,22490,22490,22490,200
20211013142129,22485,22485,22485,22485,50
20211013142129,22490,22490,22490,22490,1
20211013142130,22490,22490,22490,22490,101
20211013142133,22490,22490,22490,22490,1
20211013142136,22490,22490,22490,22490,5
20211013142137,22485,22485,22485,22485,109
20211013142137,22485,22485,22485,22485,4213
20211013142137,22485,22485,22485,22485,20
20211013142142,22485,22485,22485,22485,1
20211013142144,22480,22480,22480,22480,799
20211013142145,22480,22480,22480,22480,2000
20211013142147,22485,22485,22485,22485,5
20211013142148,22480,22480,22480,22480,500
20211013142151,22480,22480,22480,22480,500
20211013142154,22480,22480,22480,22480,3
20211013142156,22480,22480,22480,22480,1
20211013142158,22485,22485,22485,22485,5
20211013142201,22485,22485,22485,22485,3
20211013142207,22490,22490,22490,22490,1818
20211013142211,22490,22490,22490,22490,64
20211013142217,22495,22495,22495,22495,3
20211013142222,22495,22495,22495,22495,1
20211013142222,22495,22495,22495,22495,1
20211013142228,22495,22495,22495,22495,1
20211013142233,22490,22490,22490,22490,4
20211013142238,22490,22490,22490,22490,1131
20211013142238,22485,22485,22485,22485,1
20211013142238,22485,22485,22485,22485,42
20211013142247,22485,22485,22485,22485,1
20211013142249,22490,22490,22490,22490,10
20211013142257,22495,22495,22495,22495,1
20211013142257,22490,22490,22490,22490,200
20211013142258,22495,22495,22495,22495,1
20211013142258,22490,22490,22490,22490,1
20211013142258,22490,22490,22490,22490,1
20211013142258,22495,22495,22495,22495,1
20211013142258,22495,22495,22495,22495,1
20211013142300,22490,22490,22490,22490,500
20211013142307,22495,22495,22495,22495,1
20211013142333,22485,22485,22485,22485,271
20211013142334,22480,22480,22480,22480,1
20211013142334,22480,22480,22480,22480,1
20211013142334,22485,22485,22485,22485,1
20211013142335,22485,22485,22485,22485,10
20211013142338,22490,22490,22490,22490,1
20211013142354,22480,22480,22480,22480,573
20211013142403,22480,22480,22480,22480,1
20211013142403,22480,22480,22480,22480,1
20211013142404,22485,22485,22485,22485,1
20211013142410,22480,22480,22480,22480,1
20211013142411,22485,22485,22485,22485,1
20211013142412,22480,22480,22480,22480,1
20211013142420,22485,22485,22485,22485,1
20211013142426,22485,22485,22485,22485,2
20211013142428,22480,22480,22480,22480,1
20211013142428,22480,22480,22480,22480,1
20211013142429,22485,22485,22485,22485,959
20211013142437,22485,22485,22485,22485,20
20211013142439,22480,22480,22480,22480,1
20211013142439,22480,22480,22480,22480,1
20211013142439,22480,22480,22480,22480,1
20211013142441,22480,22480,22480,22480,601
20211013142442,22480,22480,22480,22480,100
20211013142445,22475,22475,22475,22475,1
20211013142445,22475,22475,22475,22475,1
20211013142446,22475,22475,22475,22475,3
20211013142446,22480,22480,22480,22480,1
20211013142446,22475,22475,22475,22475,1
20211013142446,22475,22475,22475,22475,1
20211013142448,22480,22480,22480,22480,1
20211013142449,22475,22475,22475,22475,1
20211013142450,22475,22475,22475,22475,419
20211013142455,22480,22480,22480,22480,1
20211013142455,22475,22475,22475,22475,1
20211013142456,22480,22480,22480,22480,1
20211013142457,22480,22480,22480,22480,1
20211013142458,22475,22475,22475,22475,1
20211013142458,22480,22480,22480,22480,1
20211013142500,22480,22480,22480,22480,1
20211013142502,22480,22480,22480,22480,50
20211013142506,22475,22475,22475,22475,1
20211013142508,22480,22480,22480,22480,1
20211013142508,22475,22475,22475,22475,3
20211013142512,22475,22475,22475,22475,3
20211013142512,22480,22480,22480,22480,1
20211013142516,22475,22475,22475,22475,3
20211013142522,22480,22480,22480,22480,1458
20211013142535,22480,22480,22480,22480,100
20211013142538,22485,22485,22485,22485,216
20211013142542,22485,22485,22485,22485,222
20211013142543,22480,22480,22480,22480,1
20211013142546,22480,22480,22480,22480,1
20211013142546,22480,22480,22480,22480,1
20211013142547,22485,22485,22485,22485,1
20211013142550,22485,22485,22485,22485,300
20211013142550,22480,22480,22480,22480,1
20211013142558,22485,22485,22485,22485,500
20211013142606,22485,22485,22485,22485,20
20211013142609,22490,22490,22490,22490,2
20211013142610,22490,22490,22490,22490,100
20211013142611,22485,22485,22485,22485,200
20211013142611,22485,22485,22485,22485,120
20211013142612,22485,22485,22485,22485,5
20211013142616,22490,22490,22490,22490,1
20211013142619,22480,22480,22480,22480,1458
20211013142619,22480,22480,22480,22480,420
20211013142619,22480,22480,22480,22480,400
20211013142619,22480,22480,22480,22480,100
20211013142620,22480,22480,22480,22480,100
20211013142622,22475,22475,22475,22475,1
20211013142624,22480,22480,22480,22480,5
20211013142631,22475,22475,22475,22475,15331
20211013142636,22480,22480,22480,22480,1
20211013142636,22480,22480,22480,22480,1
20211013142638,22480,22480,22480,22480,1
20211013142642,22475,22475,22475,22475,100
20211013142650,22470,22470,22470,22470,1
20211013142650,22470,22470,22470,22470,1
20211013142650,22470,22470,22470,22470,1
20211013142653,22480,22480,22480,22480,1
20211013142701,22475,22475,22475,22475,1
20211013142703,22480,22480,22480,22480,1
20211013142703,22480,22480,22480,22480,1
20211013142704,22480,22480,22480,22480,1
20211013142708,22475,22475,22475,22475,1
20211013142708,22475,22475,22475,22475,24
20211013142711,22475,22475,22475,22475,50
20211013142713,22475,22475,22475,22475,100
20211013142732,22475,22475,22475,22475,60
20211013142732,22480,22480,22480,22480,1
20211013142733,22475,22475,22475,22475,1
20211013142736,22475,22475,22475,22475,1
20211013142736,22475,22475,22475,22475,1
20211013142740,22475,22475,22475,22475,175
20211013142745,22475,22475,22475,22475,1
20211013142745,22475,22475,22475,22475,13
20211013142747,22475,22475,22475,22475,1
20211013142754,22475,22475,22475,22475,100
20211013142756,22475,22475,22475,22475,1
20211013142758,22470,22470,22470,22470,13
20211013142759,22470,22470,22470,22470,1
20211013142759,22470,22470,22470,22470,7409
20211013142800,22470,22470,22470,22470,4
20211013142804,22470,22470,22470,22470,1
20211013142804,22475,22475,22475,22475,1
20211013142811,22470,22470,22470,22470,1
20211013142812,22475,22475,22475,22475,1
20211013142812,22480,22480,22480,22480,1
20211013142812,22475,22475,22475,22475,181
20211013142816,22480,22480,22480,22480,1
20211013142821,22475,22475,22475,22475,1
20211013142825,22480,22480,22480,22480,4
20211013142825,22480,22480,22480,22480,769
20211013142825,22480,22480,22480,22480,177
20211013142825,22480,22480,22480,22480,150
20211013142826,22480,22480,22480,22480,5000
20211013142829,22485,22485,22485,22485,5715
20211013142832,22485,22485,22485,22485,550
20211013142833,22485,22485,22485,22485,500
20211013142836,22485,22485,22485,22485,20
20211013142836,22485,22485,22485,22485,1
20211013142840,22485,22485,22485,22485,20
20211013142843,22490,22490,22490,22490,1
20211013142846,22485,22485,22485,22485,10
20211013142847,22485,22485,22485,22485,1
20211013142847,22485,22485,22485,22485,1
20211013142847,22490,22490,22490,22490,1
20211013142847,22485,22485,22485,22485,1
20211013142847,22485,22485,22485,22485,1
20211013142852,22485,22485,22485,22485,150
20211013142853,22490,22490,22490,22490,1
20211013142853,22490,22490,22490,22490,1
20211013142853,22490,22490,22490,22490,2310
20211013142853,22490,22490,22490,22490,4856
20211013142854,22495,22495,22495,22495,444
20211013142854,22490,22490,22490,22490,170
20211013142902,22490,22490,22490,22490,460
20211013142907,22485,22485,22485,22485,50
20211013142909,22490,22490,22490,22490,10
20211013142913,22495,22495,22495,22495,1
20211013142913,22495,22495,22495,22495,1
20211013142913,22495,22495,22495,22495,7875
20211013142914,22490,22490,22490,22490,5
20211013142916,22495,22495,22495,22495,50
20211013142916,22490,22490,22490,22490,500
20211013142917,22500,22500,22500,22500,2
20211013142920,22500,22500,22500,22500,1
20211013142922,22500,22500,22500,22500,3820
20211013142924,22500,22500,22500,22500,10
20211013142925,22495,22495,22495,22495,1
20211013142925,22495,22495,22495,22495,1
20211013142925,22500,22500,22500,22500,3
20211013142927,22495,22495,22495,22495,203
20211013142927,22495,22495,22495,22495,3
20211013142928,22495,22495,22495,22495,100
20211013142933,22500,22500,22500,22500,2225
20211013142933,22495,22495,22495,22495,50
20211013142934,22500,22500,22500,22500,2
20211013142934,22500,22500,22500,22500,2
20211013142937,22495,22495,22495,22495,1
20211013142938,22495,22495,22495,22495,5
20211013142939,22495,22495,22495,22495,3
20211013142940,22495,22495,22495,22495,3
20211013142949,22490,22490,22490,22490,532
20211013142949,22495,22495,22495,22495,4
20211013142952,22485,22485,22485,22485,1
20211013142952,22485,22485,22485,22485,1
20211013142952,22485,22485,22485,22485,622
20211013142952,22485,22485,22485,22485,500
20211013143001,22485,22485,22485,22485,64
20211013143008,22480,22480,22480,22480,1
20211013143010,22480,22480,22480,22480,3
20211013143011,22480,22480,22480,22480,1
20211013143011,22480,22480,22480,22480,309
20211013143011,22480,22480,22480,22480,2362
20211013143012,22480,22480,22480,22480,1
20211013143012,22480,22480,22480,22480,1
20211013143013,22480,22480,22480,22480,2000
20211013143016,22475,22475,22475,22475,3
20211013143017,22480,22480,22480,22480,899
20211013143017,22475,22475,22475,22475,1
20211013143022,22480,22480,22480,22480,3
20211013143022,22475,22475,22475,22475,5
20211013143032,22475,22475,22475,22475,1
20211013143032,22475,22475,22475,22475,11733
20211013143034,22475,22475,22475,22475,500
20211013143036,22470,22470,22470,22470,5
20211013143043,22470,22470,22470,22470,3
20211013143047,22475,22475,22475,22475,33
20211013143048,22475,22475,22475,22475,1
20211013143049,22475,22475,22475,22475,50
20211013143053,22480,22480,22480,22480,10
20211013143056,22475,22475,22475,22475,285
20211013143101,22480,22480,22480,22480,1
20211013143101,22480,22480,22480,22480,184
20211013143101,22480,22480,22480,22480,10
20211013143106,22480,22480,22480,22480,1
20211013143114,22480,22480,22480,22480,1
20211013143115,22485,22485,22485,22485,1042
20211013143115,22490,22490,22490,22490,1
20211013143116,22485,22485,22485,22485,10
20211013143120,22490,22490,22490,22490,1
20211013143120,22485,22485,22485,22485,900
20211013143121,22490,22490,22490,22490,619
20211013143123,22495,22495,22495,22495,10
20211013143124,22490,22490,22490,22490,858
20211013143126,22490,22490,22490,22490,398
20211013143135,22485,22485,22485,22485,9
20211013143136,22485,22485,22485,22485,10
20211013143140,22485,22485,22485,22485,175
20211013143141,22485,22485,22485,22485,100
20211013143149,22485,22485,22485,22485,1513
20211013143149,22485,22485,22485,22485,1
20211013143150,22480,22480,22480,22480,1
20211013143157,22485,22485,22485,22485,1
20211013143213,22480,22480,22480,22480,1
20211013143214,22480,22480,22480,22480,398
20211013143215,22480,22480,22480,22480,983
20211013143217,22485,22485,22485,22485,1
20211013143217,22485,22485,22485,22485,1
20211013143217,22480,22480,22480,22480,1
20211013143228,22485,22485,22485,22485,707
20211013143230,22485,22485,22485,22485,10
20211013143231,22485,22485,22485,22485,590
20211013143237,22480,22480,22480,22480,1
20211013143238,22480,22480,22480,22480,1
20211013143238,22480,22480,22480,22480,124
20211013143243,22480,22480,22480,22480,2
20211013143247,22475,22475,22475,22475,2000
20211013143248,22480,22480,22480,22480,300
20211013143252,22480,22480,22480,22480,2500
20211013143253,22480,22480,22480,22480,2500
20211013143253,22480,22480,22480,22480,2500
20211013143255,22480,22480,22480,22480,2500
20211013143257,22475,22475,22475,22475,627
20211013143257,22480,22480,22480,22480,2500
20211013143300,22475,22475,22475,22475,1
20211013143302,22475,22475,22475,22475,500
20211013143304,22475,22475,22475,22475,20
20211013143309,22475,22475,22475,22475,474
20211013143309,22475,22475,22475,22475,20
20211013143319,22480,22480,22480,22480,45
20211013143319,22475,22475,22475,22475,2052
20211013143324,22475,22475,22475,22475,100
20211013143325,22470,22470,22470,22470,1
20211013143325,22470,22470,22470,22470,1
20211013143325,22470,22470,22470,22470,1
20211013143325,22470,22470,22470,22470,14679
20211013143326,22470,22470,22470,22470,4
20211013143326,22470,22470,22470,22470,6
20211013143331,22470,22470,22470,22470,50
20211013143335,22475,22475,22475,22475,1
20211013143335,22470,22470,22470,22470,1
20211013143335,22475,22475,22475,22475,1
20211013143336,22475,22475,22475,22475,1
20211013143336,22470,22470,22470,22470,1
20211013143337,22470,22470,22470,22470,58
20211013143337,22465,22465,22465,22465,9
20211013143337,22465,22465,22465,22465,1
20211013143337,22465,22465,22465,22465,2
20211013143338,22465,22465,22465,22465,1
20211013143340,22465,22465,22465,22465,15268
20211013143344,22465,22465,22465,22465,2
20211013143401,22465,22465,22465,22465,200
20211013143405,22465,22465,22465,22465,1
20211013143405,22465,22465,22465,22465,1
20211013143405,22465,22465,22465,22465,1
20211013143405,22465,22465,22465,22465,199
20211013143406,22465,22465,22465,22465,2
20211013143408,22460,22460,22460,22460,1442
20211013143408,22460,22460,22460,22460,1278
20211013143409,22460,22460,22460,22460,5430
20211013143417,22460,22460,22460,22460,1
20211013143419,22460,22460,22460,22460,1
20211013143419,22460,22460,22460,22460,64
20211013143420,22460,22460,22460,22460,19
20211013143420,22455,22455,22455,22455,31
20211013143421,22460,22460,22460,22460,503
20211013143423,22460,22460,22460,22460,504
20211013143424,22460,22460,22460,22460,100
20211013143428,22455,22455,22455,22455,2085
20211013143430,22455,22455,22455,22455,2085
20211013143430,22455,22455,22455,22455,1
20211013143431,22455,22455,22455,22455,2085
20211013143431,22455,22455,22455,22455,2208
20211013143436,22460,22460,22460,22460,101
20211013143439,22460,22460,22460,22460,1
20211013143439,22460,22460,22460,22460,1
20211013143445,22460,22460,22460,22460,3
20211013143445,22460,22460,22460,22460,2
20211013143445,22460,22460,22460,22460,1
20211013143445,22460,22460,22460,22460,11
20211013143447,22460,22460,22460,22460,300
20211013143457,22460,22460,22460,22460,82
20211013143459,22465,22465,22465,22465,356
20211013143459,22465,22465,22465,22465,1
20211013143459,22465,22465,22465,22465,293
20211013143500,22470,22470,22470,22470,1040
20211013143506,22475,22475,22475,22475,1
20211013143506,22470,22470,22470,22470,22
20211013143513,22475,22475,22475,22475,5136
20211013143513,22480,22480,22480,22480,1
20211013143513,22480,22480,22480,22480,1
20211013143513,22475,22475,22475,22475,1
20211013143513,22480,22480,22480,22480,1
20211013143513,22480,22480,22480,22480,1
20211013143513,22480,22480,22480,22480,1
20211013143513,22475,22475,22475,22475,1
20211013143513,22475,22475,22475,22475,1
20211013143513,22480,22480,22480,22480,1
20211013143513,22475,22475,22475,22475,1
20211013143514,22475,22475,22475,22475,1
20211013143518,22470,22470,22470,22470,1
20211013143519,22470,22470,22470,22470,25
20211013143523,22475,22475,22475,22475,10
20211013143524,22475,22475,22475,22475,100
20211013143528,22475,22475,22475,22475,1
20211013143530,22475,22475,22475,22475,1
20211013143531,22475,22475,22475,22475,10
20211013143531,22480,22480,22480,22480,1
20211013143537,22475,22475,22475,22475,1
20211013143538,22475,22475,22475,22475,499
20211013143548,22470,22470,22470,22470,1
20211013143550,22475,22475,22475,22475,569
20211013143556,22480,22480,22480,22480,1
20211013143557,22475,22475,22475,22475,10
20211013143558,22475,22475,22475,22475,5
20211013143600,22475,22475,22475,22475,1
20211013143600,22475,22475,22475,22475,1
20211013143600,22480,22480,22480,22480,1
20211013143601,22480,22480,22480,22480,300
20211013143603,22480,22480,22480,22480,1
20211013143608,22480,22480,22480,22480,300
20211013143610,22475,22475,22475,22475,4
20211013143611,22475,22475,22475,22475,100
20211013143614,22475,22475,22475,22475,32
20211013143615,22475,22475,22475,22475,1
20211013143621,22470,22470,22470,22470,1
20211013143622,22470,22470,22470,22470,962
20211013143623,22470,22470,22470,22470,1
20211013143624,22470,22470,22470,22470,1
20211013143626,22470,22470,22470,22470,5
20211013143634,22470,22470,22470,22470,5
20211013143637,22465,22465,22465,22465,560
20211013143640,22465,22465,22465,22465,11
20211013143640,22465,22465,22465,22465,5
20211013143641,22460,22460,22460,22460,1
20211013143641,22460,22460,22460,22460,10106
20211013143654,22460,22460,22460,22460,25
20211013143654,22455,22455,22455,22455,1
20211013143654,22455,22455,22455,22455,20886
20211013143655,22450,22450,22450,22450,1
20211013143655,22450,22450,22450,22450,2085
20211013143655,22450,22450,22450,22450,27777
20211013143655,22450,22450,22450,22450,2085
20211013143655,22450,22450,22450,22450,1
20211013143655,22450,22450,22450,22450,1
20211013143656,22450,22450,22450,22450,1
20211013143657,22445,22445,22445,22445,2084
20211013143657,22445,22445,22445,22445,24598
20211013143657,22445,22445,22445,22445,1
20211013143657,22445,22445,22445,22445,1
20211013143657,22445,22445,22445,22445,1
20211013143657,22445,22445,22445,22445,1
20211013143657,22445,22445,22445,22445,1
20211013143657,22445,22445,22445,22445,1
20211013143657,22445,22445,22445,22445,1
20211013143657,22445,22445,22445,22445,2085
20211013143657,22445,22445,22445,22445,932
20211013143658,22450,22450,22450,22450,1
20211013143658,22450,22450,22450,22450,2085
20211013143658,22450,22450,22450,22450,2085
20211013143658,22445,22445,22445,22445,10
20211013143659,22450,22450,22450,22450,1
20211013143700,22450,22450,22450,22450,1
20211013143700,22450,22450,22450,22450,1
20211013143700,22445,22445,22445,22445,100
20211013143702,22450,22450,22450,22450,15
20211013143703,22450,22450,22450,22450,5
20211013143711,22450,22450,22450,22450,1
20211013143712,22445,22445,22445,22445,300
20211013143715,22450,22450,22450,22450,3
20211013143715,22450,22450,22450,22450,5
20211013143717,22450,22450,22450,22450,4960
20211013143720,22450,22450,22450,22450,1
20211013143720,22450,22450,22450,22450,3
20211013143721,22445,22445,22445,22445,1
20211013143721,22450,22450,22450,22450,1
20211013143723,22450,22450,22450,22450,1
20211013143724,22450,22450,22450,22450,1
20211013143724,22450,22450,22450,22450,2487
20211013143724,22450,22450,22450,22450,7508
20211013143724,22450,22450,22450,22450,2085
20211013143724,22455,22455,22455,22455,50
20211013143725,22445,22445,22445,22445,419
20211013143726,22450,22450,22450,22450,30
20211013143727,22450,22450,22450,22450,377
20211013143727,22450,22450,22450,22450,377
20211013143727,22450,22450,22450,22450,377
20211013143728,22455,22455,22455,22455,10
20211013143728,22450,22450,22450,22450,1356
20211013143730,22450,22450,22450,22450,7892
20211013143731,22450,22450,22450,22450,1
20211013143731,22450,22450,22450,22450,25
20211013143733,22450,22450,22450,22450,5
20211013143734,22450,22450,22450,22450,100
20211013143735,22450,22450,22450,22450,5
20211013143740,22455,22455,22455,22455,500
20211013143743,22450,22450,22450,22450,50
20211013143743,22455,22455,22455,22455,5
20211013143746,22455,22455,22455,22455,551
20211013143746,22455,22455,22455,22455,956
20211013143747,22460,22460,22460,22460,88
20211013143748,22460,22460,22460,22460,442
20211013143751,22460,22460,22460,22460,1
20211013143751,22465,22465,22465,22465,1
20211013143754,22465,22465,22465,22465,1
20211013143758,22460,22460,22460,22460,50
20211013143800,22465,22465,22465,22465,44
20211013143800,22470,22470,22470,22470,1
20211013143801,22470,22470,22470,22470,4
20211013143803,22470,22470,22470,22470,144
20211013143804,22470,22470,22470,22470,10
20211013143805,22475,22475,22475,22475,8051
20211013143807,22475,22475,22475,22475,6500
20211013143808,22475,22475,22475,22475,4500
20211013143808,22470,22470,22470,22470,400
20211013143809,22470,22470,22470,22470,50
20211013143814,22475,22475,22475,22475,10000
20211013143814,22475,22475,22475,22475,600
20211013143814,22475,22475,22475,22475,9400
20211013143814,22475,22475,22475,22475,800
20211013143814,22475,22475,22475,22475,9200
20211013143815,22475,22475,22475,22475,154
20211013143815,22475,22475,22475,22475,4189
20211013143815,22475,22475,22475,22475,5657
20211013143815,22475,22475,22475,22475,2085
20211013143815,22475,22475,22475,22475,7113
20211013143815,22475,22475,22475,22475,802
20211013143815,22475,22475,22475,22475,1
20211013143815,22475,22475,22475,22475,6009
20211013143818,22475,22475,22475,22475,3991
20211013143818,22475,22475,22475,22475,8000
20211013143818,22475,22475,22475,22475,8000
20211013143818,22475,22475,22475,22475,5000
20211013143818,22475,22475,22475,22475,3000
20211013143818,22475,22475,22475,22475,7000
20211013143818,22475,22475,22475,22475,2085
20211013143818,22475,22475,22475,22475,1
20211013143818,22475,22475,22475,22475,1
20211013143818,22475,22475,22475,22475,1
20211013143818,22475,22475,22475,22475,1
20211013143818,22475,22475,22475,22475,1
20211013143818,22475,22475,22475,22475,1
20211013143818,22475,22475,22475,22475,1
20211013143818,22475,22475,22475,22475,1
20211013143818,22475,22475,22475,22475,2085
20211013143818,22475,22475,22475,22475,1
20211013143819,22475,22475,22475,22475,5821
20211013143819,22475,22475,22475,22475,2083
20211013143819,22475,22475,22475,22475,2085
20211013143819,22475,22475,22475,22475,1
20211013143819,22475,22475,22475,22475,1
20211013143819,22475,22475,22475,22475,1
20211013143820,22470,22470,22470,22470,1
20211013143820,22475,22475,22475,22475,5829
20211013143820,22475,22475,22475,22475,2085
20211013143820,22475,22475,22475,22475,2085
20211013143820,22475,22475,22475,22475,1
20211013143820,22475,22475,22475,22475,1
20211013143820,22475,22475,22475,22475,1
20211013143821,22475,22475,22475,22475,2084
20211013143821,22475,22475,22475,22475,3743
20211013143822,22475,22475,22475,22475,201
20211013143823,22475,22475,22475,22475,9839
20211013143823,22475,22475,22475,22475,2085
20211013143823,22475,22475,22475,22475,555
20211013143823,22480,22480,22480,22480,1
20211013143824,22475,22475,22475,22475,1530
20211013143824,22475,22475,22475,22475,8470
20211013143826,22475,22475,22475,22475,50
20211013143827,22475,22475,22475,22475,2085
20211013143830,22475,22475,22475,22475,5745
20211013143837,22470,22470,22470,22470,3
20211013143837,22475,22475,22475,22475,1
20211013143841,22470,22470,22470,22470,1
20211013143842,22475,22475,22475,22475,11649
20211013143842,22470,22470,22470,22470,1
20211013143843,22480,22480,22480,22480,15017
20211013143845,22475,22475,22475,22475,20
20211013143845,22480,22480,22480,22480,1262
20211013143847,22475,22475,22475,22475,1
20211013143853,22475,22475,22475,22475,3
20211013143853,22480,22480,22480,22480,1
20211013143857,22475,22475,22475,22475,1
20211013143857,22480,22480,22480,22480,399
20211013143857,22470,22470,22470,22470,700
20211013143907,22480,22480,22480,22480,1
20211013143909,22480,22480,22480,22480,1
20211013143911,22480,22480,22480,22480,3
20211013143913,22480,22480,22480,22480,1
20211013143913,22480,22480,22480,22480,1
20211013143913,22480,22480,22480,22480,1
20211013143916,22480,22480,22480,22480,988
20211013143916,22480,22480,22480,22480,3923
20211013143916,22480,22480,22480,22480,7448
20211013143917,22485,22485,22485,22485,1
20211013143917,22480,22480,22480,22480,2320
20211013143917,22485,22485,22485,22485,1
20211013143918,22480,22480,22480,22480,1
20211013143921,22480,22480,22480,22480,30
20211013143922,22485,22485,22485,22485,12751
20211013143923,22490,22490,22490,22490,1
20211013143928,22480,22480,22480,22480,250
20211013143938,22485,22485,22485,22485,500
20211013143938,22485,22485,22485,22485,1
20211013143941,22490,22490,22490,22490,1
20211013143943,22485,22485,22485,22485,1
20211013143948,22485,22485,22485,22485,900
20211013143952,22485,22485,22485,22485,100
20211013143953,22490,22490,22490,22490,1
20211013143953,22490,22490,22490,22490,1
20211013143954,22485,22485,22485,22485,300
20211013143955,22480,22480,22480,22480,4
20211013144001,22485,22485,22485,22485,1
20211013144001,22485,22485,22485,22485,6980
20211013144013,22485,22485,22485,22485,10
20211013144013,22485,22485,22485,22485,100
20211013144016,22490,22490,22490,22490,200
20211013144023,22490,22490,22490,22490,60
20211013144023,22490,22490,22490,22490,1
20211013144025,22485,22485,22485,22485,1005
20211013144027,22490,22490,22490,22490,60
20211013144029,22490,22490,22490,22490,7875
20211013144029,22485,22485,22485,22485,7110
20211013144030,22485,22485,22485,22485,6000
20211013144030,22485,22485,22485,22485,1875
20211013144031,22485,22485,22485,22485,3400
20211013144031,22485,22485,22485,22485,2009
20211013144031,22485,22485,22485,22485,2009
20211013144031,22485,22485,22485,22485,1
20211013144031,22485,22485,22485,22485,456
20211013144031,22485,22485,22485,22485,7875
20211013144032,22485,22485,22485,22485,500
20211013144032,22485,22485,22485,22485,1
20211013144032,22485,22485,22485,22485,1719
20211013144032,22485,22485,22485,22485,1
20211013144032,22485,22485,22485,22485,5
20211013144033,22485,22485,22485,22485,7875
20211013144034,22485,22485,22485,22485,100
20211013144035,22485,22485,22485,22485,200
20211013144036,22485,22485,22485,22485,7875
20211013144045,22485,22485,22485,22485,50
20211013144045,22485,22485,22485,22485,50
20211013144049,22480,22480,22480,22480,1
20211013144049,22480,22480,22480,22480,17212
20211013144050,22475,22475,22475,22475,1
20211013144053,22485,22485,22485,22485,1
20211013144056,22475,22475,22475,22475,4
20211013144056,22480,22480,22480,22480,1
20211013144058,22480,22480,22480,22480,499
20211013144101,22475,22475,22475,22475,17
20211013144104,22480,22480,22480,22480,500
20211013144106,22480,22480,22480,22480,1
20211013144108,22480,22480,22480,22480,1
20211013144110,22475,22475,22475,22475,1
20211013144117,22475,22475,22475,22475,1
20211013144118,22475,22475,22475,22475,499
20211013144119,22480,22480,22480,22480,2
20211013144122,22475,22475,22475,22475,263
20211013144122,22475,22475,22475,22475,1
20211013144122,22475,22475,22475,22475,1
20211013144122,22475,22475,22475,22475,11286
20211013144126,22475,22475,22475,22475,1
20211013144131,22475,22475,22475,22475,1
20211013144131,22475,22475,22475,22475,100
20211013144136,22475,22475,22475,22475,4
20211013144137,22475,22475,22475,22475,6
20211013144137,22470,22470,22470,22470,1
20211013144137,22475,22475,22475,22475,194
20211013144146,22475,22475,22475,22475,1
20211013144148,22475,22475,22475,22475,454
20211013144155,22475,22475,22475,22475,50
20211013144155,22475,22475,22475,22475,1
20211013144156,22470,22470,22470,22470,1
20211013144156,22475,22475,22475,22475,10
20211013144156,22475,22475,22475,22475,139
20211013144157,22475,22475,22475,22475,15
20211013144213,22475,22475,22475,22475,20
20211013144218,22475,22475,22475,22475,20
20211013144218,22475,22475,22475,22475,3314
20211013144222,22470,22470,22470,22470,4
20211013144224,22475,22475,22475,22475,20
20211013144225,22470,22470,22470,22470,11870
20211013144226,22470,22470,22470,22470,1
20211013144226,22470,22470,22470,22470,2084
20211013144234,22465,22465,22465,22465,4
20211013144238,22470,22470,22470,22470,64
20211013144239,22475,22475,22475,22475,1
20211013144239,22475,22475,22475,22475,233
20211013144240,22475,22475,22475,22475,60
20211013144248,22475,22475,22475,22475,1
20211013144259,22475,22475,22475,22475,500
20211013144309,22470,22470,22470,22470,1620
20211013144313,22470,22470,22470,22470,50
20211013144317,22465,22465,22465,22465,339
20211013144317,22465,22465,22465,22465,1
20211013144317,22460,22460,22460,22460,1
20211013144318,22465,22465,22465,22465,1
20211013144321,22460,22460,22460,22460,21412
20211013144328,22460,22460,22460,22460,1
20211013144329,22465,22465,22465,22465,1
20211013144331,22465,22465,22465,22465,1001
20211013144332,22470,22470,22470,22470,1
20211013144332,22470,22470,22470,22470,1
20211013144332,22465,22465,22465,22465,1
20211013144332,22470,22470,22470,22470,1
20211013144332,22470,22470,22470,22470,1
20211013144332,22470,22470,22470,22470,1
20211013144333,22470,22470,22470,22470,42
20211013144336,22475,22475,22475,22475,1
20211013144336,22475,22475,22475,22475,1
20211013144344,22465,22465,22465,22465,1
20211013144344,22465,22465,22465,22465,1
20211013144348,22470,22470,22470,22470,100
20211013144354,22470,22470,22470,22470,100
20211013144356,22470,22470,22470,22470,1000
20211013144401,22470,22470,22470,22470,597
20211013144401,22470,22470,22470,22470,900
20211013144404,22470,22470,22470,22470,100
20211013144406,22470,22470,22470,22470,15
20211013144411,22475,22475,22475,22475,10
20211013144411,22475,22475,22475,22475,14273
20211013144415,22475,22475,22475,22475,1953
20211013144415,22480,22480,22480,22480,9
20211013144416,22480,22480,22480,22480,3
20211013144418,22475,22475,22475,22475,7888
20211013144420,22475,22475,22475,22475,4
20211013144420,22475,22475,22475,22475,100
20211013144422,22480,22480,22480,22480,1
20211013144422,22475,22475,22475,22475,1
20211013144423,22480,22480,22480,22480,1
20211013144425,22480,22480,22480,22480,12136
20211013144425,22480,22480,22480,22480,1000
20211013144425,22485,22485,22485,22485,10922
20211013144428,22480,22480,22480,22480,10
20211013144434,22480,22480,22480,22480,50
20211013144441,22480,22480,22480,22480,10
20211013144446,22480,22480,22480,22480,500
20211013144451,22475,22475,22475,22475,50
20211013144502,22475,22475,22475,22475,944
20211013144503,22475,22475,22475,22475,100
20211013144506,22470,22470,22470,22470,27
20211013144515,22480,22480,22480,22480,201
20211013144516,22470,22470,22470,22470,10
20211013144520,22480,22480,22480,22480,72
20211013144521,22480,22480,22480,22480,26
20211013144523,22480,22480,22480,22480,9
20211013144524,22480,22480,22480,22480,3
20211013144526,22480,22480,22480,22480,1
20211013144527,22475,22475,22475,22475,1
20211013144529,22475,22475,22475,22475,1
20211013144529,22480,22480,22480,22480,1158
20211013144533,22485,22485,22485,22485,200
20211013144538,22480,22480,22480,22480,7
20211013144548,22480,22480,22480,22480,1
20211013144551,22480,22480,22480,22480,1
20211013144551,22480,22480,22480,22480,1
20211013144554,22480,22480,22480,22480,23
20211013144556,22485,22485,22485,22485,14
20211013144557,22480,22480,22480,22480,500
20211013144609,22480,22480,22480,22480,2
20211013144609,22485,22485,22485,22485,9
20211013144610,22475,22475,22475,22475,829
20211013144610,22475,22475,22475,22475,72
20211013144616,22475,22475,22475,22475,1
20211013144622,22475,22475,22475,22475,6
20211013144627,22475,22475,22475,22475,45
20211013144629,22475,22475,22475,22475,367
20211013144639,22475,22475,22475,22475,1
20211013144642,22475,22475,22475,22475,146
20211013144651,22475,22475,22475,22475,412
20211013144652,22475,22475,22475,22475,57
20211013144652,22470,22470,22470,22470,1
20211013144653,22475,22475,22475,22475,1
20211013144653,22475,22475,22475,22475,9
20211013144703,22470,22470,22470,22470,3
20211013144707,22475,22475,22475,22475,1
20211013144707,22475,22475,22475,22475,199
20211013144711,22480,22480,22480,22480,250
20211013144714,22475,22475,22475,22475,2
20211013144723,22475,22475,22475,22475,5
20211013144725,22475,22475,22475,22475,5
20211013144729,22470,22470,22470,22470,1435
20211013144729,22465,22465,22465,22465,3340
20211013144729,22465,22465,22465,22465,5816
20211013144729,22465,22465,22465,22465,1500
20211013144729,22465,22465,22465,22465,300
20211013144730,22470,22470,22470,22470,5
20211013144731,22465,22465,22465,22465,3923
20211013144731,22465,22465,22465,22465,3344
20211013144732,22465,22465,22465,22465,1
20211013144732,22460,22460,22460,22460,1
20211013144734,22465,22465,22465,22465,5
20211013144734,22465,22465,22465,22465,1
20211013144736,22465,22465,22465,22465,1
20211013144736,22460,22460,22460,22460,1
20211013144740,22460,22460,22460,22460,200
20211013144742,22460,22460,22460,22460,1
20211013144743,22465,22465,22465,22465,1
20211013144743,22465,22465,22465,22465,20
20211013144743,22460,22460,22460,22460,1
20211013144744,22460,22460,22460,22460,1
20211013144747,22460,22460,22460,22460,9
20211013144754,22470,22470,22470,22470,50
20211013144759,22470,22470,22470,22470,260
20211013144803,22465,22465,22465,22465,1
20211013144805,22470,22470,22470,22470,1
20211013144807,22470,22470,22470,22470,10
20211013144808,22470,22470,22470,22470,1
20211013144810,22470,22470,22470,22470,20
20211013144810,22465,22465,22465,22465,1
20211013144819,22470,22470,22470,22470,500
20211013144820,22465,22465,22465,22465,1
20211013144821,22475,22475,22475,22475,50
20211013144828,22475,22475,22475,22475,6858
20211013144833,22475,22475,22475,22475,1
20211013144839,22475,22475,22475,22475,499
20211013144843,22480,22480,22480,22480,10
20211013144848,22480,22480,22480,22480,5
20211013144851,22480,22480,22480,22480,1
20211013144851,22475,22475,22475,22475,1
20211013144851,22475,22475,22475,22475,420
20211013144854,22475,22475,22475,22475,2
20211013144856,22470,22470,22470,22470,350
20211013144859,22470,22470,22470,22470,1
20211013144901,22470,22470,22470,22470,901
20211013144902,22470,22470,22470,22470,1
20211013144903,22465,22465,22465,22465,1
20211013144907,22475,22475,22475,22475,100
20211013144914,22475,22475,22475,22475,50
20211013144925,22475,22475,22475,22475,15
20211013144933,22475,22475,22475,22475,130
20211013144939,22475,22475,22475,22475,150
20211013144947,22470,22470,22470,22470,4
20211013145000,22475,22475,22475,22475,1
20211013145000,22470,22470,22470,22470,1
20211013145000,22470,22470,22470,22470,289
20211013145003,22470,22470,22470,22470,5
20211013145003,22470,22470,22470,22470,1
20211013145003,22465,22465,22465,22465,1
20211013145007,22470,22470,22470,22470,4
20211013145007,22465,22465,22465,22465,293
20211013145010,22470,22470,22470,22470,1
20211013145013,22470,22470,22470,22470,1
20211013145013,22470,22470,22470,22470,1
20211013145013,22470,22470,22470,22470,1
20211013145018,22470,22470,22470,22470,6
20211013145020,22465,22465,22465,22465,1
20211013145022,22470,22470,22470,22470,30
20211013145025,22470,22470,22470,22470,1
20211013145038,22465,22465,22465,22465,15
20211013145041,22470,22470,22470,22470,1
20211013145042,22470,22470,22470,22470,5
20211013145045,22465,22465,22465,22465,1623
20211013145045,22460,22460,22460,22460,1
20211013145052,22460,22460,22460,22460,10
20211013145054,22465,22465,22465,22465,80
20211013145057,22465,22465,22465,22465,1
20211013145057,22465,22465,22465,22465,1
20211013145058,22465,22465,22465,22465,1
20211013145058,22465,22465,22465,22465,55
20211013145103,22470,22470,22470,22470,500
20211013145105,22470,22470,22470,22470,16
20211013145120,22470,22470,22470,22470,1
20211013145120,22470,22470,22470,22470,222
20211013145126,22465,22465,22465,22465,8
20211013145130,22465,22465,22465,22465,22
20211013145132,22460,22460,22460,22460,1
20211013145143,22470,22470,22470,22470,1
20211013145146,22465,22465,22465,22465,1000
20211013145147,22465,22465,22465,22465,1
20211013145147,22470,22470,22470,22470,8
20211013145150,22470,22470,22470,22470,1
20211013145153,22465,22465,22465,22465,25
20211013145153,22465,22465,22465,22465,4
20211013145154,22465,22465,22465,22465,495
20211013145156,22465,22465,22465,22465,56
20211013145209,22465,22465,22465,22465,1
20211013145214,22460,22460,22460,22460,10
20211013145219,22465,22465,22465,22465,20
20211013145219,22465,22465,22465,22465,1
20211013145223,22470,22470,22470,22470,1
20211013145224,22470,22470,22470,22470,3009
20211013145228,22470,22470,22470,22470,100
20211013145230,22470,22470,22470,22470,4
20211013145234,22470,22470,22470,22470,100
20211013145242,22470,22470,22470,22470,155
20211013145246,22470,22470,22470,22470,100
20211013145301,22475,22475,22475,22475,1
20211013145301,22475,22475,22475,22475,1
20211013145301,22475,22475,22475,22475,4363
20211013145302,22475,22475,22475,22475,1
20211013145309,22475,22475,22475,22475,5
20211013145312,22475,22475,22475,22475,15
20211013145314,22475,22475,22475,22475,5
20211013145315,22475,22475,22475,22475,13
20211013145317,22475,22475,22475,22475,5
20211013145320,22475,22475,22475,22475,5
20211013145327,22475,22475,22475,22475,37
20211013145333,22475,22475,22475,22475,8000
20211013145340,22475,22475,22475,22475,128
20211013145340,22475,22475,22475,22475,10
20211013145341,22480,22480,22480,22480,10399
20211013145346,22475,22475,22475,22475,51
20211013145347,22470,22470,22470,22470,1
20211013145348,22470,22470,22470,22470,4763
20211013145348,22470,22470,22470,22470,205
20211013145353,22475,22475,22475,22475,22
20211013145353,22470,22470,22470,22470,200
20211013145402,22470,22470,22470,22470,70
20211013145403,22475,22475,22475,22475,1
20211013145410,22475,22475,22475,22475,22
20211013145412,22475,22475,22475,22475,22
20211013145416,22475,22475,22475,22475,89
20211013145417,22470,22470,22470,22470,28115
20211013145417,22470,22470,22470,22470,5
20211013145419,22470,22470,22470,22470,22
20211013145421,22475,22475,22475,22475,50
20211013145424,22475,22475,22475,22475,106
20211013145424,22475,22475,22475,22475,67
20211013145424,22470,22470,22470,22470,111
20211013145446,22475,22475,22475,22475,700
20211013145453,22475,22475,22475,22475,1000
20211013145455,22475,22475,22475,22475,121
20211013145455,22475,22475,22475,22475,50
20211013145457,22480,22480,22480,22480,10
20211013145501,22480,22480,22480,22480,1
20211013145501,22480,22480,22480,22480,255
20211013145509,22480,22480,22480,22480,30
20211013145510,22485,22485,22485,22485,1
20211013145510,22485,22485,22485,22485,15560
20211013145511,22490,22490,22490,22490,10
20211013145513,22485,22485,22485,22485,3
20211013145514,22490,22490,22490,22490,1
20211013145514,22490,22490,22490,22490,8322
20211013145516,22490,22490,22490,22490,200
20211013145516,22490,22490,22490,22490,500
20211013145516,22490,22490,22490,22490,500
20211013145518,22485,22485,22485,22485,1000
20211013145520,22495,22495,22495,22495,1000
20211013145520,22485,22485,22485,22485,125
20211013145521,22495,22495,22495,22495,5
20211013145521,22495,22495,22495,22495,9
20211013145532,22490,22490,22490,22490,1
20211013145533,22495,22495,22495,22495,8771
20211013145533,22495,22495,22495,22495,45
20211013145533,22495,22495,22495,22495,233
20211013145536,22495,22495,22495,22495,50
20211013145536,22495,22495,22495,22495,11
20211013145538,22495,22495,22495,22495,1
20211013145539,22495,22495,22495,22495,5
20211013145539,22495,22495,22495,22495,8
20211013145540,22495,22495,22495,22495,233
20211013145540,22495,22495,22495,22495,10
20211013145541,22495,22495,22495,22495,2297
20211013145541,22495,22495,22495,22495,1
20211013145544,22495,22495,22495,22495,5
20211013145548,22495,22495,22495,22495,22
20211013145548,22490,22490,22490,22490,1
20211013145548,22490,22490,22490,22490,1
20211013145548,22490,22490,22490,22490,147
20211013145550,22490,22490,22490,22490,22
20211013145552,22490,22490,22490,22490,8
20211013145600,22485,22485,22485,22485,75
20211013145601,22485,22485,22485,22485,1696
20211013145614,22485,22485,22485,22485,500
20211013145614,22485,22485,22485,22485,1500
20211013145627,22485,22485,22485,22485,1580
20211013145629,22490,22490,22490,22490,2
20211013145631,22490,22490,22490,22490,19650
20211013145632,22490,22490,22490,22490,100
20211013145637,22490,22490,22490,22490,10
20211013145642,22490,22490,22490,22490,43
20211013145644,22485,22485,22485,22485,100
20211013145644,22485,22485,22485,22485,1330
20211013145649,22480,22480,22480,22480,100
20211013145649,22480,22480,22480,22480,1
20211013145649,22480,22480,22480,22480,657
20211013145658,22480,22480,22480,22480,1
20211013145658,22480,22480,22480,22480,1
20211013145658,22480,22480,22480,22480,1
20211013145659,22480,22480,22480,22480,43
20211013145701,22480,22480,22480,22480,64
20211013145707,22475,22475,22475,22475,1
20211013145708,22480,22480,22480,22480,1
20211013145710,22480,22480,22480,22480,900
20211013145711,22480,22480,22480,22480,199
20211013145720,22485,22485,22485,22485,1800
20211013145721,22480,22480,22480,22480,120
20211013145724,22485,22485,22485,22485,43
20211013145731,22485,22485,22485,22485,500
20211013145731,22485,22485,22485,22485,500
20211013145739,22485,22485,22485,22485,1
20211013145745,22485,22485,22485,22485,50
20211013145745,22485,22485,22485,22485,1
20211013145748,22485,22485,22485,22485,2573
20211013145757,22480,22480,22480,22480,4
20211013145802,22480,22480,22480,22480,889
20211013145808,22485,22485,22485,22485,200
20211013145812,22485,22485,22485,22485,1
20211013145812,22485,22485,22485,22485,1
20211013145812,22485,22485,22485,22485,1
20211013145812,22485,22485,22485,22485,297
20211013145817,22485,22485,22485,22485,500
20211013145824,22490,22490,22490,22490,1
20211013145824,22490,22490,22490,22490,1241
20211013145828,22490,22490,22490,22490,2
20211013145828,22490,22490,22490,22490,8
20211013145834,22490,22490,22490,22490,1
20211013145834,22490,22490,22490,22490,9
20211013145836,22490,22490,22490,22490,58
20211013145844,22495,22495,22495,22495,1995
20211013145844,22495,22495,22495,22495,10
20211013145849,22495,22495,22495,22495,1
20211013145851,22500,22500,22500,22500,20
20211013145851,22500,22500,22500,22500,2
20211013145852,22500,22500,22500,22500,13535
20211013145853,22500,22500,22500,22500,1
20211013145854,22500,22500,22500,22500,1
20211013145854,22505,22505,22505,22505,1
20211013145855,22500,22500,22500,22500,1
20211013145856,22500,22500,22500,22500,1
20211013145856,22505,22505,22505,22505,1
20211013145859,22505,22505,22505,22505,1064
20211013145900,22510,22510,22510,22510,3394
20211013145900,22510,22510,22510,22510,500
20211013145903,22510,22510,22510,22510,5
20211013145903,22515,22515,22515,22515,50
20211013145905,22515,22515,22515,22515,1
20211013145905,22515,22515,22515,22515,1
20211013145905,22515,22515,22515,22515,3462
20211013145906,22510,22510,22510,22510,60
20211013145907,22505,22505,22505,22505,1
20211013145907,22510,22510,22510,22510,1
20211013145909,22510,22510,22510,22510,10
20211013145909,22515,22515,22515,22515,40
20211013145909,22515,22515,22515,22515,7775
20211013145909,22515,22515,22515,22515,20
20211013145911,22510,22510,22510,22510,445
20211013145914,22510,22510,22510,22510,1000
20211013145915,22510,22510,22510,22510,12590
20211013145916,22515,22515,22515,22515,100
20211013145916,22510,22510,22510,22510,20
20211013145917,22510,22510,22510,22510,128
20211013145918,22515,22515,22515,22515,1
20211013145918,22510,22510,22510,22510,1
20211013145918,22515,22515,22515,22515,1
20211013145918,22515,22515,22515,22515,1
20211013145918,22515,22515,22515,22515,1
20211013145919,22515,22515,22515,22515,1
20211013145919,22515,22515,22515,22515,10366
20211013145923,22515,22515,22515,22515,500
20211013145923,22520,22520,22520,22520,1
20211013145923,22515,22515,22515,22515,150
20211013145923,22520,22520,22520,22520,25281
20211013145923,22525,22525,22525,22525,20
20211013145923,22520,22520,22520,22520,500
20211013145923,22515,22515,22515,22515,9500
20211013145924,22515,22515,22515,22515,2700
20211013145924,22515,22515,22515,22515,1
20211013145927,22520,22520,22520,22520,1
20211013145929,22515,22515,22515,22515,100
20211013145929,22520,22520,22520,22520,200
20211013145930,22520,22520,22520,22520,1
20211013145931,22520,22520,22520,22520,50
20211013145931,22520,22520,22520,22520,200
20211013145931,22520,22520,22520,22520,20
20211013145934,22520,22520,22520,22520,101
20211013145934,22520,22520,22520,22520,25
20211013145934,22520,22520,22520,22520,100
20211013145935,22520,22520,22520,22520,274
20211013145936,22520,22520,22520,22520,58
20211013145936,22520,22520,22520,22520,5
20211013145938,22520,22520,22520,22520,1
20211013145940,22520,22520,22520,22520,25
20211013145940,22520,22520,22520,22520,15
20211013145940,22525,22525,22525,22525,1
20211013145940,22525,22525,22525,22525,1
20211013145940,22525,22525,22525,22525,4747
20211013145943,22525,22525,22525,22525,883
20211013145944,22525,22525,22525,22525,1
20211013145945,22525,22525,22525,22525,1
20211013145945,22525,22525,22525,22525,350
20211013145945,22520,22520,22520,22520,50
20211013145946,22525,22525,22525,22525,1
20211013145946,22525,22525,22525,22525,20
20211013145947,22525,22525,22525,22525,1000
20211013145948,22530,22530,22530,22530,1568
20211013145948,22525,22525,22525,22525,1
20211013145948,22520,22520,22520,22520,50
20211013145949,22525,22525,22525,22525,389
20211013145951,22525,22525,22525,22525,100
20211013145951,22520,22520,22520,22520,100
20211013145952,22525,22525,22525,22525,22
20211013145953,22530,22530,22530,22530,1
20211013145953,22530,22530,22530,22530,2085
20211013145953,22530,22530,22530,22530,1
20211013145954,22525,22525,22525,22525,10
20211013145954,22525,22525,22525,22525,10
20211013145954,22530,22530,22530,22530,1
20211013145954,22530,22530,22530,22530,1
20211013145954,22530,22530,22530,22530,2085
20211013145954,22530,22530,22530,22530,2025
20211013145954,22530,22530,22530,22530,321
20211013145954,22530,22530,22530,22530,500
20211013145954,22530,22530,22530,22530,1
20211013145955,22530,22530,22530,22530,1
20211013145955,22530,22530,22530,22530,1262
20211013145956,22525,22525,22525,22525,2
20211013145956,22525,22525,22525,22525,56
20211013145956,22520,22520,22520,22520,1
20211013145957,22525,22525,22525,22525,100
20211013145958,22525,22525,22525,22525,50
20211013145958,22525,22525,22525,22525,20
20211013145958,22520,22520,22520,22520,29
20211013150000,22520,22520,22520,22520,2200
20211013150000,22520,22520,22520,22520,1
20211013150000,22520,22520,22520,22520,1
20211013150000,22520,22520,22520,22520,56
20211013150000,22520,22520,22520,22520,56
20211013150000,22520,22520,22520,22520,1
20211013150001,22520,22520,22520,22520,11
20211013150001,22515,22515,22515,22515,10
20211013150001,22515,22515,22515,22515,4396
20211013150004,22515,22515,22515,22515,1
20211013150005,22515,22515,22515,22515,100
20211013150005,22515,22515,22515,22515,101
20211013150006,22515,22515,22515,22515,11
20211013150006,22515,22515,22515,22515,319
20211013150007,22515,22515,22515,22515,15
20211013150007,22515,22515,22515,22515,174
20211013150007,22515,22515,22515,22515,174
20211013150007,22515,22515,22515,22515,174
20211013150007,22515,22515,22515,22515,174
20211013150007,22515,22515,22515,22515,174
20211013150007,22515,22515,22515,22515,174
20211013150007,22515,22515,22515,22515,174
20211013150007,22515,22515,22515,22515,174
20211013150007,22515,22515,22515,22515,174
20211013150007,22515,22515,22515,22515,174
20211013150007,22515,22515,22515,22515,174
20211013150007,22515,22515,22515,22515,174
20211013150007,22515,22515,22515,22515,174
20211013150007,22515,22515,22515,22515,174
20211013150007,22515,22515,22515,22515,174
20211013150007,22515,22515,22515,22515,174
20211013150007,22515,22515,22515,22515,174
20211013150007,22515,22515,22515,22515,174
20211013150007,22515,22515,22515,22515,174
20211013150007,22515,22515,22515,22515,174
20211013150007,22515,22515,22515,22515,174
20211013150007,22515,22515,22515,22515,174
20211013150007,22515,22515,22515,22515,174
20211013150007,22515,22515,22515,22515,174
20211013150007,22515,22515,22515,22515,174
20211013150007,22515,22515,22515,22515,174
20211013150007,22515,22515,22515,22515,174
20211013150007,22515,22515,22515,22515,174
20211013150007,22515,22515,22515,22515,174
20211013150007,22515,22515,22515,22515,174
20211013150007,22515,22515,22515,22515,174
20211013150007,22515,22515,22515,22515,174
20211013150007,22515,22515,22515,22515,174
20211013150007,22515,22515,22515,22515,174
20211013150007,22515,22515,22515,22515,174
20211013150007,22515,22515,22515,22515,174
20211013150007,22515,22515,22515,22515,174
20211013150007,22515,22515,22515,22515,174
20211013150007,22515,22515,22515,22515,23
20211013150011,22520,22520,22520,22520,1
20211013150011,22520,22520,22520,22520,1
20211013150012,22520,22520,22520,22520,11
20211013150013,22520,22520,22520,22520,1
20211013150014,22515,22515,22515,22515,1
20211013150014,22520,22520,22520,22520,1
20211013150015,22520,22520,22520,22520,20
20211013150015,22515,22515,22515,22515,1
20211013150015,22520,22520,22520,22520,190
20211013150017,22520,22520,22520,22520,544
20211013150017,22520,22520,22520,22520,136
20211013150017,22520,22520,22520,22520,176
20211013150017,22520,22520,22520,22520,176
20211013150017,22520,22520,22520,22520,176
20211013150017,22520,22520,22520,22520,176
20211013150018,22520,22520,22520,22520,176
20211013150018,22520,22520,22520,22520,176
20211013150018,22520,22520,22520,22520,176
20211013150018,22520,22520,22520,22520,77
20211013150018,22520,22520,22520,22520,866
20211013150018,22520,22520,22520,22520,866
20211013150018,22520,22520,22520,22520,866
20211013150018,22520,22520,22520,22520,866
20211013150018,22520,22520,22520,22520,866
20211013150018,22520,22520,22520,22520,866
20211013150018,22520,22520,22520,22520,866
20211013150018,22520,22520,22520,22520,866
20211013150018,22520,22520,22520,22520,866
20211013150018,22520,22520,22520,22520,866
20211013150018,22520,22520,22520,22520,866
20211013150018,22520,22520,22520,22520,866
20211013150018,22520,22520,22520,22520,866
20211013150018,22520,22520,22520,22520,866
20211013150018,22520,22520,22520,22520,866
20211013150018,22520,22520,22520,22520,866
20211013150019,22520,22520,22520,22520,463
20211013150021,22525,22525,22525,22525,1
20211013150021,22525,22525,22525,22525,214
20211013150024,22520,22520,22520,22520,1
20211013150025,22525,22525,22525,22525,151
20211013150025,22525,22525,22525,22525,1815
20211013150025,22525,22525,22525,22525,1815
20211013150025,22525,22525,22525,22525,1815
20211013150025,22525,22525,22525,22525,1815
20211013150025,22525,22525,22525,22525,1815
20211013150025,22525,22525,22525,22525,1815
20211013150025,22525,22525,22525,22525,1815
20211013150025,22525,22525,22525,22525,1815
20211013150025,22525,22525,22525,22525,1815
20211013150025,22525,22525,22525,22525,1815
20211013150025,22525,22525,22525,22525,1815
20211013150025,22525,22525,22525,22525,1815
20211013150025,22525,22525,22525,22525,1815
20211013150025,22525,22525,22525,22525,1254
20211013150026,22520,22520,22520,22520,10
20211013150027,22525,22525,22525,22525,10
20211013150028,22525,22525,22525,22525,294
20211013150028,22525,22525,22525,22525,2795
20211013150028,22525,22525,22525,22525,2795
20211013150028,22525,22525,22525,22525,2795
20211013150028,22525,22525,22525,22525,2795
20211013150028,22530,22530,22530,22530,1
20211013150029,22525,22525,22525,22525,5
20211013150029,22530,22530,22530,22530,460
20211013150029,22525,22525,22525,22525,13521
20211013150031,22530,22530,22530,22530,100
20211013150031,22530,22530,22530,22530,1
20211013150034,22530,22530,22530,22530,1
20211013150034,22530,22530,22530,22530,1
20211013150036,22530,22530,22530,22530,1018
20211013150037,22530,22530,22530,22530,4
20211013150038,22525,22525,22525,22525,1
20211013150038,22525,22525,22525,22525,1
20211013150038,22525,22525,22525,22525,897
20211013150038,22525,22525,22525,22525,50
20211013150040,22525,22525,22525,22525,50
20211013150040,22520,22520,22520,22520,250
20211013150041,22525,22525,22525,22525,100
20211013150041,22525,22525,22525,22525,1
20211013150041,22525,22525,22525,22525,5
20211013150042,22520,22520,22520,22520,10
20211013150043,22520,22520,22520,22520,10746
20211013150043,22520,22520,22520,22520,177
20211013150044,22520,22520,22520,22520,50
20211013150045,22520,22520,22520,22520,22
20211013150049,22515,22515,22515,22515,669
20211013150049,22510,22510,22510,22510,331
20211013150054,22515,22515,22515,22515,16
20211013150054,22510,22510,22510,22510,144
20211013150057,22515,22515,22515,22515,1
20211013150057,22520,22520,22520,22520,59
20211013150059,22520,22520,22520,22520,1
20211013150100,22520,22520,22520,22520,1
20211013150100,22520,22520,22520,22520,1
20211013150101,22515,22515,22515,22515,1
20211013150102,22520,22520,22520,22520,1
20211013150106,22520,22520,22520,22520,1
20211013150109,22520,22520,22520,22520,1
20211013150110,22520,22520,22520,22520,1
20211013150111,22520,22520,22520,22520,1
20211013150112,22520,22520,22520,22520,3000
20211013150112,22520,22520,22520,22520,1
20211013150113,22520,22520,22520,22520,1
20211013150114,22520,22520,22520,22520,1
20211013150115,22515,22515,22515,22515,730
20211013150117,22520,22520,22520,22520,1
20211013150119,22515,22515,22515,22515,11
20211013150119,22520,22520,22520,22520,1
20211013150120,22515,22515,22515,22515,40
20211013150120,22515,22515,22515,22515,1
20211013150121,22515,22515,22515,22515,453
20211013150121,22515,22515,22515,22515,8
20211013150124,22510,22510,22510,22510,22
20211013150125,22515,22515,22515,22515,100
20211013150126,22510,22510,22510,22510,1144
20211013150128,22510,22510,22510,22510,33
20211013150129,22510,22510,22510,22510,100
20211013150130,22510,22510,22510,22510,2305
20211013150131,22505,22505,22505,22505,340
20211013150132,22500,22500,22500,22500,44
20211013150133,22510,22510,22510,22510,1
20211013150135,22505,22505,22505,22505,324
20211013150137,22505,22505,22505,22505,55
20211013150137,22505,22505,22505,22505,1
20211013150138,22510,22510,22510,22510,1
20211013150138,22505,22505,22505,22505,1
20211013150140,22510,22510,22510,22510,1
20211013150142,22505,22505,22505,22505,401
20211013150149,22510,22510,22510,22510,500
20211013150149,22510,22510,22510,22510,1887
20211013150154,22515,22515,22515,22515,20
20211013150155,22515,22515,22515,22515,29
20211013150155,22515,22515,22515,22515,11
20211013150159,22510,22510,22510,22510,1
20211013150159,22510,22510,22510,22510,1
20211013150159,22510,22510,22510,22510,1
20211013150201,22515,22515,22515,22515,1
20211013150202,22515,22515,22515,22515,1
20211013150202,22515,22515,22515,22515,1
20211013150203,22515,22515,22515,22515,20
20211013150203,22515,22515,22515,22515,2
20211013150206,22515,22515,22515,22515,350
20211013150206,22515,22515,22515,22515,50
20211013150207,22515,22515,22515,22515,50
20211013150207,22515,22515,22515,22515,194
20211013150207,22515,22515,22515,22515,194
20211013150207,22515,22515,22515,22515,194
20211013150207,22515,22515,22515,22515,194
20211013150207,22515,22515,22515,22515,73
20211013150207,22515,22515,22515,22515,10
20211013150207,22515,22515,22515,22515,400
20211013150212,22515,22515,22515,22515,100
20211013150217,22515,22515,22515,22515,39
20211013150219,22520,22520,22520,22520,656
20211013150221,22525,22525,22525,22525,1
20211013150221,22525,22525,22525,22525,1
20211013150221,22525,22525,22525,22525,940
20211013150221,22520,22520,22520,22520,1
20211013150228,22530,22530,22530,22530,20
20211013150229,22530,22530,22530,22530,1
20211013150229,22530,22530,22530,22530,1
20211013150229,22530,22530,22530,22530,1
20211013150229,22530,22530,22530,22530,1361
20211013150229,22535,22535,22535,22535,2085
20211013150229,22535,22535,22535,22535,378
20211013150229,22540,22540,22540,22540,44
20211013150230,22535,22535,22535,22535,1
20211013150230,22535,22535,22535,22535,1
20211013150230,22535,22535,22535,22535,1
20211013150230,22540,22540,22540,22540,1
20211013150231,22535,22535,22535,22535,5
20211013150232,22540,22540,22540,22540,3013
20211013150233,22535,22535,22535,22535,10
20211013150233,22535,22535,22535,22535,11
20211013150235,22535,22535,22535,22535,1
20211013150235,22540,22540,22540,22540,1
20211013150237,22540,22540,22540,22540,1395
20211013150237,22545,22545,22545,22545,605
20211013150241,22535,22535,22535,22535,1
20211013150242,22535,22535,22535,22535,29
20211013150244,22535,22535,22535,22535,1
20211013150244,22540,22540,22540,22540,688
20211013150244,22540,22540,22540,22540,33
20211013150246,22545,22545,22545,22545,1
20211013150246,22545,22545,22545,22545,1
20211013150246,22545,22545,22545,22545,1
20211013150246,22540,22540,22540,22540,1
20211013150246,22545,22545,22545,22545,1
20211013150247,22540,22540,22540,22540,459
20211013150247,22540,22540,22540,22540,81
20211013150249,22540,22540,22540,22540,1
20211013150254,22535,22535,22535,22535,1
20211013150254,22535,22535,22535,22535,1
20211013150254,22535,22535,22535,22535,1
20211013150254,22535,22535,22535,22535,2944
20211013150254,22535,22535,22535,22535,100
20211013150255,22535,22535,22535,22535,400
20211013150255,22535,22535,22535,22535,200
20211013150256,22535,22535,22535,22535,1
20211013150300,22535,22535,22535,22535,1
20211013150301,22535,22535,22535,22535,1
20211013150301,22535,22535,22535,22535,1
20211013150301,22535,22535,22535,22535,99
20211013150304,22535,22535,22535,22535,1
20211013150305,22535,22535,22535,22535,11
20211013150305,22535,22535,22535,22535,30
20211013150305,22540,22540,22540,22540,4430
20211013150308,22535,22535,22535,22535,1
20211013150308,22535,22535,22535,22535,60
20211013150308,22540,22540,22540,22540,1
20211013150310,22540,22540,22540,22540,1
20211013150310,22535,22535,22535,22535,10
20211013150310,22535,22535,22535,22535,7251
20211013150310,22535,22535,22535,22535,16
20211013150310,22535,22535,22535,22535,16
20211013150310,22535,22535,22535,22535,16
20211013150310,22535,22535,22535,22535,466
20211013150310,22540,22540,22540,22540,100
20211013150312,22540,22540,22540,22540,1
20211013150314,22535,22535,22535,22535,1
20211013150315,22540,22540,22540,22540,500
20211013150316,22535,22535,22535,22535,50
20211013150317,22540,22540,22540,22540,100
20211013150321,22535,22535,22535,22535,40
20211013150322,22535,22535,22535,22535,1
20211013150323,22535,22535,22535,22535,3
20211013150323,22535,22535,22535,22535,2081
20211013150324,22535,22535,22535,22535,572
20211013150324,22540,22540,22540,22540,428
20211013150325,22535,22535,22535,22535,12
20211013150326,22535,22535,22535,22535,10
20211013150327,22535,22535,22535,22535,1
20211013150327,22540,22540,22540,22540,1
20211013150328,22535,22535,22535,22535,1
20211013150328,22535,22535,22535,22535,95
20211013150334,22535,22535,22535,22535,50
20211013150334,22540,22540,22540,22540,8608
20211013150334,22540,22540,22540,22540,377
20211013150334,22540,22540,22540,22540,377
20211013150334,22540,22540,22540,22540,8000
20211013150334,22540,22540,22540,22540,377
20211013150334,22540,22540,22540,22540,377
20211013150334,22540,22540,22540,22540,6884
20211013150337,22540,22540,22540,22540,1
20211013150341,22535,22535,22535,22535,1
20211013150343,22535,22535,22535,22535,5
20211013150347,22535,22535,22535,22535,1
20211013150347,22535,22535,22535,22535,1
20211013150349,22535,22535,22535,22535,30
20211013150351,22540,22540,22540,22540,500
20211013150352,22540,22540,22540,22540,169
20211013150353,22540,22540,22540,22540,1
20211013150354,22545,22545,22545,22545,1
20211013150355,22545,22545,22545,22545,3323
20211013150355,22545,22545,22545,22545,1
20211013150355,22540,22540,22540,22540,44
20211013150357,22545,22545,22545,22545,20
20211013150358,22545,22545,22545,22545,5
20211013150358,22550,22550,22550,22550,18630
20211013150359,22545,22545,22545,22545,11
20211013150400,22555,22555,22555,22555,500
20211013150401,22555,22555,22555,22555,1
20211013150401,22555,22555,22555,22555,1
20211013150401,22555,22555,22555,22555,1
20211013150401,22555,22555,22555,22555,1000
20211013150401,22555,22555,22555,22555,1
20211013150401,22550,22550,22550,22550,1
20211013150401,22555,22555,22555,22555,1
20211013150401,22550,22550,22550,22550,1
20211013150402,22555,22555,22555,22555,1466
20211013150402,22555,22555,22555,22555,101
20211013150402,22555,22555,22555,22555,5
20211013150403,22550,22550,22550,22550,12
20211013150403,22555,22555,22555,22555,3
20211013150403,22555,22555,22555,22555,97
20211013150404,22560,22560,22560,22560,1
20211013150404,22555,22555,22555,22555,130
20211013150404,22555,22555,22555,22555,2
20211013150404,22560,22560,22560,22560,2
20211013150407,22555,22555,22555,22555,10
20211013150408,22555,22555,22555,22555,13
20211013150408,22555,22555,22555,22555,100
20211013150409,22560,22560,22560,22560,1
20211013150410,22560,22560,22560,22560,1
20211013150412,22560,22560,22560,22560,1
20211013150412,22560,22560,22560,22560,1
20211013150412,22560,22560,22560,22560,1
20211013150412,22560,22560,22560,22560,1
20211013150412,22560,22560,22560,22560,8287
20211013150413,22560,22560,22560,22560,1
20211013150413,22560,22560,22560,22560,199
20211013150413,22560,22560,22560,22560,100
20211013150414,22560,22560,22560,22560,300
20211013150414,22560,22560,22560,22560,100
20211013150415,22560,22560,22560,22560,11
20211013150416,22560,22560,22560,22560,100
20211013150418,22565,22565,22565,22565,5
20211013150418,22560,22560,22560,22560,2954
20211013150419,22555,22555,22555,22555,1
20211013150419,22560,22560,22560,22560,156
20211013150421,22555,22555,22555,22555,500
20211013150424,22560,22560,22560,22560,100
20211013150424,22560,22560,22560,22560,156
20211013150425,22560,22560,22560,22560,4
20211013150425,22560,22560,22560,22560,4
20211013150425,22560,22560,22560,22560,1
20211013150425,22560,22560,22560,22560,1
20211013150425,22560,22560,22560,22560,95
20211013150427,22560,22560,22560,22560,1
20211013150427,22560,22560,22560,22560,1
20211013150428,22555,22555,22555,22555,1
20211013150429,22560,22560,22560,22560,1
20211013150430,22560,22560,22560,22560,1
20211013150430,22560,22560,22560,22560,100
20211013150432,22560,22560,22560,22560,1
20211013150432,22555,22555,22555,22555,1
20211013150433,22560,22560,22560,22560,1
20211013150433,22560,22560,22560,22560,1
20211013150433,22555,22555,22555,22555,1
20211013150433,22560,22560,22560,22560,1
20211013150433,22560,22560,22560,22560,1
20211013150434,22555,22555,22555,22555,1
20211013150435,22555,22555,22555,22555,1
20211013150435,22555,22555,22555,22555,1
20211013150435,22560,22560,22560,22560,100
20211013150435,22555,22555,22555,22555,1
20211013150435,22560,22560,22560,22560,1
20211013150436,22555,22555,22555,22555,1
20211013150436,22560,22560,22560,22560,1
20211013150439,22555,22555,22555,22555,1
20211013150439,22560,22560,22560,22560,4
20211013150440,22560,22560,22560,22560,100
20211013150440,22560,22560,22560,22560,4
20211013150441,22560,22560,22560,22560,4
20211013150441,22555,22555,22555,22555,1
20211013150441,22555,22555,22555,22555,100
20211013150442,22560,22560,22560,22560,2
20211013150443,22560,22560,22560,22560,4
20211013150444,22560,22560,22560,22560,5164
20211013150445,22565,22565,22565,22565,4
20211013150445,22555,22555,22555,22555,1
20211013150445,22565,22565,22565,22565,1
20211013150445,22565,22565,22565,22565,2215
20211013150445,22565,22565,22565,22565,4
20211013150446,22565,22565,22565,22565,4
20211013150448,22560,22560,22560,22560,100
20211013150448,22560,22560,22560,22560,10
20211013150450,22560,22560,22560,22560,50
20211013150451,22565,22565,22565,22565,234
20211013150451,22560,22560,22560,22560,4391
20211013150451,22565,22565,22565,22565,27
20211013150452,22565,22565,22565,22565,5
20211013150452,22565,22565,22565,22565,5
20211013150453,22560,22560,22560,22560,5
20211013150454,22565,22565,22565,22565,1
20211013150454,22565,22565,22565,22565,2007
20211013150455,22560,22560,22560,22560,400
20211013150458,22565,22565,22565,22565,20
20211013150459,22570,22570,22570,22570,2085
20211013150459,22570,22570,22570,22570,1
20211013150459,22570,22570,22570,22570,3835
20211013150459,22575,22575,22575,22575,1
20211013150502,22575,22575,22575,22575,234
20211013150505,22575,22575,22575,22575,1
20211013150505,22575,22575,22575,22575,2085
20211013150505,22575,22575,22575,22575,914
20211013150505,22575,22575,22575,22575,1
20211013150505,22580,22580,22580,22580,1
20211013150505,22570,22570,22570,22570,30
20211013150506,22575,22575,22575,22575,20
20211013150506,22580,22580,22580,22580,6616
20211013150506,22575,22575,22575,22575,10
20211013150506,22575,22575,22575,22575,1
20211013150506,22580,22580,22580,22580,1
20211013150510,22575,22575,22575,22575,735
20211013150510,22580,22580,22580,22580,500
20211013150512,22575,22575,22575,22575,8085
20211013150512,22570,22570,22570,22570,2088
20211013150514,22570,22570,22570,22570,2085
20211013150514,22570,22570,22570,22570,221
20211013150514,22570,22570,22570,22570,1398
20211013150515,22570,22570,22570,22570,1
20211013150516,22575,22575,22575,22575,4
20211013150517,22565,22565,22565,22565,1
20211013150517,22565,22565,22565,22565,10
20211013150517,22570,22570,22570,22570,4
20211013150518,22570,22570,22570,22570,20
20211013150520,22570,22570,22570,22570,15
20211013150522,22570,22570,22570,22570,1
20211013150523,22570,22570,22570,22570,1
20211013150523,22565,22565,22565,22565,6928
20211013150523,22565,22565,22565,22565,706
20211013150523,22565,22565,22565,22565,706
20211013150523,22565,22565,22565,22565,706
20211013150523,22565,22565,22565,22565,706
20211013150523,22565,22565,22565,22565,706
20211013150523,22565,22565,22565,22565,706
20211013150523,22565,22565,22565,22565,706
20211013150523,22565,22565,22565,22565,706
20211013150523,22565,22565,22565,22565,706
20211013150523,22565,22565,22565,22565,706
20211013150523,22565,22565,22565,22565,706
20211013150523,22565,22565,22565,22565,706
20211013150523,22565,22565,22565,22565,706
20211013150523,22565,22565,22565,22565,706
20211013150523,22565,22565,22565,22565,500
20211013150524,22565,22565,22565,22565,53
20211013150525,22565,22565,22565,22565,100
20211013150526,22565,22565,22565,22565,1
20211013150527,22565,22565,22565,22565,50
20211013150528,22565,22565,22565,22565,15666
20211013150529,22560,22560,22560,22560,2037
20211013150532,22565,22565,22565,22565,8
20211013150532,22555,22555,22555,22555,453
20211013150534,22560,22560,22560,22560,1
20211013150535,22560,22560,22560,22560,3199
20211013150537,22560,22560,22560,22560,500
20211013150537,22555,22555,22555,22555,1
20211013150537,22555,22555,22555,22555,8994
20211013150539,22560,22560,22560,22560,500
20211013150541,22560,22560,22560,22560,1
20211013150545,22560,22560,22560,22560,1
20211013150545,22560,22560,22560,22560,124
20211013150545,22560,22560,22560,22560,100
20211013150545,22560,22560,22560,22560,6
20211013150547,22555,22555,22555,22555,44
20211013150549,22560,22560,22560,22560,1
20211013150549,22555,22555,22555,22555,1
20211013150549,22555,22555,22555,22555,49
20211013150553,22555,22555,22555,22555,1
20211013150553,22550,22550,22550,22550,1
20211013150553,22550,22550,22550,22550,1
20211013150553,22555,22555,22555,22555,1
20211013150554,22555,22555,22555,22555,1
20211013150556,22555,22555,22555,22555,1
20211013150556,22555,22555,22555,22555,97
20211013150556,22555,22555,22555,22555,1
20211013150557,22560,22560,22560,22560,1
20211013150557,22555,22555,22555,22555,13590
20211013150557,22550,22550,22550,22550,6986
20211013150558,22555,22555,22555,22555,3020
20211013150558,22550,22550,22550,22550,1
20211013150558,22550,22550,22550,22550,1
20211013150559,22550,22550,22550,22550,1
20211013150559,22555,22555,22555,22555,3000
20211013150559,22555,22555,22555,22555,3000
20211013150559,22555,22555,22555,22555,1577
20211013150559,22555,22555,22555,22555,394
20211013150559,22555,22555,22555,22555,1029
20211013150559,22555,22555,22555,22555,3000
20211013150559,22555,22555,22555,22555,3000
20211013150600,22555,22555,22555,22555,1
20211013150600,22555,22555,22555,22555,1
20211013150601,22550,22550,22550,22550,1
20211013150602,22550,22550,22550,22550,1
20211013150602,22555,22555,22555,22555,11
20211013150603,22555,22555,22555,22555,1
20211013150603,22555,22555,22555,22555,897
20211013150605,22555,22555,22555,22555,1
20211013150605,22555,22555,22555,22555,1
20211013150606,22550,22550,22550,22550,10
20211013150606,22550,22550,22550,22550,151
20211013150607,22550,22550,22550,22550,4
20211013150607,22550,22550,22550,22550,3488
20211013150608,22550,22550,22550,22550,1
20211013150609,22555,22555,22555,22555,244
20211013150609,22555,22555,22555,22555,756
20211013150609,22560,22560,22560,22560,4
20211013150612,22550,22550,22550,22550,10
20211013150613,22555,22555,22555,22555,5
20211013150614,22555,22555,22555,22555,3000
20211013150614,22555,22555,22555,22555,3000
20211013150614,22555,22555,22555,22555,1105
20211013150615,22555,22555,22555,22555,1895
20211013150615,22555,22555,22555,22555,3000
20211013150615,22555,22555,22555,22555,3000
20211013150615,22555,22555,22555,22555,105
20211013150615,22560,22560,22560,22560,1
20211013150616,22560,22560,22560,22560,55
20211013150617,22555,22555,22555,22555,5
20211013150618,22555,22555,22555,22555,1
20211013150618,22555,22555,22555,22555,1108
20211013150618,22555,22555,22555,22555,1
20211013150619,22550,22550,22550,22550,50
20211013150620,22550,22550,22550,22550,700
20211013150622,22550,22550,22550,22550,10
20211013150626,22550,22550,22550,22550,3415
20211013150626,22545,22545,22545,22545,385
20211013150626,22550,22550,22550,22550,2895
20211013150626,22550,22550,22550,22550,3000
20211013150626,22550,22550,22550,22550,1604
20211013150626,22550,22550,22550,22550,401
20211013150626,22550,22550,22550,22550,995
20211013150626,22550,22550,22550,22550,3000
20211013150626,22550,22550,22550,22550,3000
20211013150626,22550,22550,22550,22550,2000
20211013150627,22550,22550,22550,22550,1000
20211013150627,22550,22550,22550,22550,3000
20211013150627,22550,22550,22550,22550,3000
20211013150627,22550,22550,22550,22550,2000
20211013150627,22550,22550,22550,22550,5
20211013150627,22545,22545,22545,22545,1000
20211013150629,22550,22550,22550,22550,1000
20211013150632,22555,22555,22555,22555,1829
20211013150632,22555,22555,22555,22555,4
20211013150633,22555,22555,22555,22555,1
20211013150633,22555,22555,22555,22555,511
20211013150633,22560,22560,22560,22560,1
20211013150634,22555,22555,22555,22555,301
20211013150634,22555,22555,22555,22555,301
20211013150634,22555,22555,22555,22555,127
20211013150634,22555,22555,22555,22555,301
20211013150634,22555,22555,22555,22555,1459
20211013150636,22555,22555,22555,22555,100
20211013150636,22555,22555,22555,22555,1300
20211013150636,22555,22555,22555,22555,1700
20211013150637,22555,22555,22555,22555,3000
20211013150638,22555,22555,22555,22555,50
20211013150638,22555,22555,22555,22555,1
20211013150639,22555,22555,22555,22555,4949
20211013150639,22555,22555,22555,22555,1
20211013150641,22550,22550,22550,22550,1
20211013150641,22550,22550,22550,22550,1
20211013150643,22555,22555,22555,22555,50
20211013150644,22555,22555,22555,22555,50
20211013150644,22550,22550,22550,22550,1
20211013150646,22550,22550,22550,22550,100
20211013150648,22550,22550,22550,22550,1
20211013150648,22555,22555,22555,22555,1
20211013150649,22550,22550,22550,22550,1
20211013150651,22550,22550,22550,22550,50
20211013150652,22550,22550,22550,22550,61
20211013150655,22550,22550,22550,22550,3000
20211013150655,22550,22550,22550,22550,3000
20211013150655,22550,22550,22550,22550,3000
20211013150655,22550,22550,22550,22550,3000
20211013150655,22550,22550,22550,22550,2000
20211013150655,22550,22550,22550,22550,1000
20211013150655,22550,22550,22550,22550,3000
20211013150655,22550,22550,22550,22550,3000
20211013150655,22550,22550,22550,22550,2000
20211013150656,22550,22550,22550,22550,500
20211013150656,22550,22550,22550,22550,500
20211013150656,22550,22550,22550,22550,1000
20211013150656,22550,22550,22550,22550,11
20211013150700,22545,22545,22545,22545,500
20211013150701,22550,22550,22550,22550,1000
20211013150701,22555,22555,22555,22555,500
20211013150703,22545,22545,22545,22545,4700
20211013150703,22555,22555,22555,22555,100
20211013150706,22555,22555,22555,22555,800
20211013150706,22545,22545,22545,22545,500
20211013150707,22555,22555,22555,22555,1000
20211013150708,22555,22555,22555,22555,160
20211013150709,22550,22550,22550,22550,10
20211013150709,22550,22550,22550,22550,857
20211013150709,22545,22545,22545,22545,50
20211013150710,22555,22555,22555,22555,100
20211013150711,22550,22550,22550,22550,500
20211013150711,22550,22550,22550,22550,13
20211013150711,22555,22555,22555,22555,44
20211013150713,22555,22555,22555,22555,7
20211013150718,22545,22545,22545,22545,4918
20211013150718,22545,22545,22545,22545,1913
20211013150720,22540,22540,22540,22540,100
20211013150720,22545,22545,22545,22545,41
20211013150721,22540,22540,22540,22540,1
20211013150721,22545,22545,22545,22545,1
20211013150721,22540,22540,22540,22540,1
20211013150722,22540,22540,22540,22540,400
20211013150730,22545,22545,22545,22545,1
20211013150736,22540,22540,22540,22540,95
20211013150736,22545,22545,22545,22545,1
20211013150739,22540,22540,22540,22540,1
20211013150739,22545,22545,22545,22545,147
20211013150739,22545,22545,22545,22545,353
20211013150740,22545,22545,22545,22545,1
20211013150740,22540,22540,22540,22540,100
20211013150743,22540,22540,22540,22540,2
20211013150744,22545,22545,22545,22545,162
20211013150744,22545,22545,22545,22545,20
20211013150744,22540,22540,22540,22540,500
20211013150745,22540,22540,22540,22540,1
20211013150747,22540,22540,22540,22540,100
20211013150752,22540,22540,22540,22540,10
20211013150752,22540,22540,22540,22540,500
20211013150756,22545,22545,22545,22545,402
20211013150756,22545,22545,22545,22545,50
20211013150801,22540,22540,22540,22540,133
20211013150801,22545,22545,22545,22545,12
20211013150805,22545,22545,22545,22545,15
20211013150806,22545,22545,22545,22545,70
20211013150807,22540,22540,22540,22540,500
20211013150808,22540,22540,22540,22540,1
20211013150808,22540,22540,22540,22540,1
20211013150812,22540,22540,22540,22540,7901
20211013150814,22545,22545,22545,22545,1152
20211013150815,22535,22535,22535,22535,500
20211013150816,22535,22535,22535,22535,1
20211013150816,22535,22535,22535,22535,1
20211013150817,22535,22535,22535,22535,452
20211013150817,22535,22535,22535,22535,3533
20211013150818,22535,22535,22535,22535,30
20211013150821,22535,22535,22535,22535,200
20211013150822,22545,22545,22545,22545,414
20211013150822,22535,22535,22535,22535,1
20211013150823,22535,22535,22535,22535,50
20211013150827,22545,22545,22545,22545,150
20211013150829,22540,22540,22540,22540,200
20211013150829,22540,22540,22540,22540,50
20211013150830,22540,22540,22540,22540,54
20211013150830,22540,22540,22540,22540,20
20211013150830,22540,22540,22540,22540,30
20211013150830,22540,22540,22540,22540,2646
20211013150832,22545,22545,22545,22545,19
20211013150833,22540,22540,22540,22540,200
20211013150833,22545,22545,22545,22545,1
20211013150835,22545,22545,22545,22545,7
20211013150835,22540,22540,22540,22540,1
20211013150836,22540,22540,22540,22540,20
20211013150837,22545,22545,22545,22545,2
20211013150838,22545,22545,22545,22545,50
20211013150838,22545,22545,22545,22545,300
20211013150839,22540,22540,22540,22540,279
20211013150840,22545,22545,22545,22545,1
20211013150841,22545,22545,22545,22545,1454
20211013150846,22540,22540,22540,22540,500
20211013150849,22540,22540,22540,22540,1
20211013150850,22540,22540,22540,22540,4
20211013150850,22540,22540,22540,22540,500
20211013150855,22545,22545,22545,22545,4
20211013150856,22540,22540,22540,22540,1
20211013150858,22545,22545,22545,22545,16
20211013150858,22540,22540,22540,22540,500
20211013150900,22540,22540,22540,22540,200
20211013150900,22540,22540,22540,22540,133
20211013150903,22540,22540,22540,22540,95
20211013150907,22545,22545,22545,22545,50
20211013150909,22545,22545,22545,22545,1
20211013150911,22540,22540,22540,22540,14800
20211013150911,22540,22540,22540,22540,1
20211013150913,22535,22535,22535,22535,1
20211013150914,22540,22540,22540,22540,2070
20211013150915,22545,22545,22545,22545,114
20211013150917,22550,22550,22550,22550,1
20211013150917,22550,22550,22550,22550,1
20211013150917,22545,22545,22545,22545,1
20211013150917,22545,22545,22545,22545,1
20211013150917,22550,22550,22550,22550,1
20211013150918,22550,22550,22550,22550,4009
20211013150919,22555,22555,22555,22555,5
20211013150921,22545,22545,22545,22545,2173
20211013150922,22555,22555,22555,22555,10
20211013150924,22550,22550,22550,22550,1
20211013150924,22550,22550,22550,22550,1
20211013150924,22555,22555,22555,22555,1
20211013150925,22555,22555,22555,22555,1
20211013150926,22550,22550,22550,22550,1
20211013150926,22555,22555,22555,22555,1
20211013150926,22555,22555,22555,22555,1
20211013150927,22555,22555,22555,22555,2505
20211013150928,22550,22550,22550,22550,500
20211013150930,22555,22555,22555,22555,500
20211013150932,22555,22555,22555,22555,2316
20211013150934,22550,22550,22550,22550,500
20211013150935,22560,22560,22560,22560,1
20211013150935,22560,22560,22560,22560,1266
20211013150939,22555,22555,22555,22555,300
20211013150939,22560,22560,22560,22560,1
20211013150940,22560,22560,22560,22560,5
20211013150943,22555,22555,22555,22555,500
20211013150943,22560,22560,22560,22560,13
20211013150944,22560,22560,22560,22560,30
20211013150944,22560,22560,22560,22560,414
20211013150948,22560,22560,22560,22560,1
20211013150951,22555,22555,22555,22555,90
20211013150952,22555,22555,22555,22555,453
20211013150953,22555,22555,22555,22555,5
20211013150953,22560,22560,22560,22560,11
20211013150954,22555,22555,22555,22555,1000
20211013150955,22555,22555,22555,22555,3593
20211013150955,22550,22550,22550,22550,1667
20211013150956,22550,22550,22550,22550,10
20211013150958,22545,22545,22545,22545,663
20211013150958,22550,22550,22550,22550,1
20211013150958,22550,22550,22550,22550,505
20211013151003,22550,22550,22550,22550,5
20211013151003,22545,22545,22545,22545,1000
20211013151004,22550,22550,22550,22550,4
20211013151005,22550,22550,22550,22550,4
20211013151008,22555,22555,22555,22555,1
20211013151008,22550,22550,22550,22550,1000
20211013151009,22555,22555,22555,22555,10248
20211013151013,22560,22560,22560,22560,1
20211013151013,22560,22560,22560,22560,1976
20211013151013,22555,22555,22555,22555,3
20211013151013,22565,22565,22565,22565,200
20211013151014,22555,22555,22555,22555,1
20211013151015,22555,22555,22555,22555,1
20211013151016,22555,22555,22555,22555,1000
20211013151018,22565,22565,22565,22565,47
20211013151019,22555,22555,22555,22555,1
20211013151019,22555,22555,22555,22555,1
20211013151019,22560,22560,22560,22560,1
20211013151019,22560,22560,22560,22560,1
20211013151021,22555,22555,22555,22555,1000
20211013151022,22560,22560,22560,22560,1
20211013151024,22555,22555,22555,22555,11
20211013151028,22555,22555,22555,22555,52
20211013151035,22550,22550,22550,22550,3000
20211013151035,22550,22550,22550,22550,768
20211013151035,22550,22550,22550,22550,380
20211013151036,22550,22550,22550,22550,903
20211013151036,22555,22555,22555,22555,20
20211013151037,22550,22550,22550,22550,100
20211013151038,22545,22545,22545,22545,89
20211013151040,22550,22550,22550,22550,1
20211013151044,22550,22550,22550,22550,167
20211013151044,22545,22545,22545,22545,41
20211013151045,22550,22550,22550,22550,1
20211013151045,22550,22550,22550,22550,1
20211013151045,22545,22545,22545,22545,9
20211013151047,22545,22545,22545,22545,1
20211013151048,22545,22545,22545,22545,1
20211013151050,22550,22550,22550,22550,1
20211013151050,22545,22545,22545,22545,1
20211013151050,22545,22545,22545,22545,1
20211013151050,22550,22550,22550,22550,11
20211013151052,22550,22550,22550,22550,574
20211013151053,22550,22550,22550,22550,1
20211013151053,22550,22550,22550,22550,1
20211013151054,22550,22550,22550,22550,1
20211013151055,22555,22555,22555,22555,200
20211013151056,22550,22550,22550,22550,50
20211013151059,22555,22555,22555,22555,3
20211013151100,22560,22560,22560,22560,2
20211013151100,22560,22560,22560,22560,1783
20211013151103,22560,22560,22560,22560,1
20211013151106,22560,22560,22560,22560,50
20211013151115,22560,22560,22560,22560,5
20211013151116,22560,22560,22560,22560,1
20211013151118,22560,22560,22560,22560,526
20211013151119,22560,22560,22560,22560,40
20211013151119,22555,22555,22555,22555,60
20211013151121,22560,22560,22560,22560,1
20211013151121,22560,22560,22560,22560,56
20211013151124,22560,22560,22560,22560,1
20211013151125,22560,22560,22560,22560,1
20211013151126,22555,22555,22555,22555,1
20211013151126,22555,22555,22555,22555,245
20211013151133,22550,22550,22550,22550,3
20211013151135,22555,22555,22555,22555,10
20211013151138,22550,22550,22550,22550,103
20211013151139,22545,22545,22545,22545,193
20211013151139,22550,22550,22550,22550,140
20211013151140,22555,22555,22555,22555,2
20211013151145,22555,22555,22555,22555,1
20211013151145,22555,22555,22555,22555,1
20211013151145,22555,22555,22555,22555,26
20211013151148,22555,22555,22555,22555,1
20211013151150,22555,22555,22555,22555,1
20211013151150,22555,22555,22555,22555,1
20211013151152,22550,22550,22550,22550,300
20211013151152,22555,22555,22555,22555,99
20211013151153,22555,22555,22555,22555,50
20211013151157,22550,22550,22550,22550,40
20211013151158,22555,22555,22555,22555,1
20211013151158,22555,22555,22555,22555,1
20211013151159,22555,22555,22555,22555,1
20211013151201,22550,22550,22550,22550,15
20211013151201,22550,22550,22550,22550,85
20211013151204,22555,22555,22555,22555,20
20211013151216,22555,22555,22555,22555,2
20211013151217,22550,22550,22550,22550,3392
20211013151218,22545,22545,22545,22545,302
20211013151218,22550,22550,22550,22550,100
20211013151226,22545,22545,22545,22545,10
20211013151226,22540,22540,22540,22540,46
20211013151229,22550,22550,22550,22550,1
20211013151230,22545,22545,22545,22545,1
20211013151233,22550,22550,22550,22550,1
20211013151234,22550,22550,22550,22550,1
20211013151235,22545,22545,22545,22545,19
20211013151238,22550,22550,22550,22550,17
20211013151241,22550,22550,22550,22550,823
20211013151245,22550,22550,22550,22550,50
20211013151246,22545,22545,22545,22545,13
20211013151247,22545,22545,22545,22545,97
20211013151249,22540,22540,22540,22540,100
20211013151253,22540,22540,22540,22540,100
20211013151256,22550,22550,22550,22550,2
20211013151257,22545,22545,22545,22545,1
20211013151257,22545,22545,22545,22545,1
20211013151257,22545,22545,22545,22545,1
20211013151257,22550,22550,22550,22550,1
20211013151300,22545,22545,22545,22545,100
20211013151301,22545,22545,22545,22545,1
20211013151303,22540,22540,22540,22540,100
20211013151306,22540,22540,22540,22540,50
20211013151308,22545,22545,22545,22545,1
20211013151309,22540,22540,22540,22540,4098
20211013151310,22540,22540,22540,22540,1
20211013151310,22540,22540,22540,22540,1
20211013151310,22540,22540,22540,22540,1
20211013151310,22540,22540,22540,22540,16
20211013151311,22545,22545,22545,22545,16
20211013151311,22545,22545,22545,22545,1
20211013151311,22540,22540,22540,22540,1
20211013151314,22540,22540,22540,22540,322
20211013151314,22545,22545,22545,22545,300
20211013151315,22535,22535,22535,22535,10
20211013151315,22540,22540,22540,22540,1
20211013151318,22540,22540,22540,22540,1
20211013151320,22540,22540,22540,22540,1
20211013151322,22540,22540,22540,22540,1
20211013151325,22540,22540,22540,22540,1
20211013151326,22540,22540,22540,22540,15
20211013151326,22545,22545,22545,22545,882
20211013151329,22535,22535,22535,22535,2008
20211013151333,22530,22530,22530,22530,150
20211013151337,22535,22535,22535,22535,50
20211013151337,22540,22540,22540,22540,100
20211013151338,22540,22540,22540,22540,20
20211013151340,22540,22540,22540,22540,1
20211013151342,22545,22545,22545,22545,1
20211013151342,22545,22545,22545,22545,1
20211013151343,22545,22545,22545,22545,1
20211013151346,22545,22545,22545,22545,1
20211013151347,22545,22545,22545,22545,1
20211013151349,22545,22545,22545,22545,4
20211013151350,22540,22540,22540,22540,1
20211013151352,22540,22540,22540,22540,1
20211013151352,22545,22545,22545,22545,1
20211013151353,22540,22540,22540,22540,1
20211013151355,22545,22545,22545,22545,1
20211013151355,22545,22545,22545,22545,459
20211013151355,22545,22545,22545,22545,459
20211013151355,22545,22545,22545,22545,459
20211013151358,22545,22545,22545,22545,1
20211013151359,22550,22550,22550,22550,2729
20211013151400,22550,22550,22550,22550,3500
20211013151400,22545,22545,22545,22545,107
20211013151400,22545,22545,22545,22545,6578
20211013151402,22550,22550,22550,22550,20
20211013151402,22545,22545,22545,22545,6783
20211013151405,22545,22545,22545,22545,12
20211013151407,22545,22545,22545,22545,1
20211013151415,22550,22550,22550,22550,1
20211013151415,22550,22550,22550,22550,1
20211013151415,22550,22550,22550,22550,10294
20211013151415,22545,22545,22545,22545,225
20211013151417,22545,22545,22545,22545,3
20211013151425,22545,22545,22545,22545,44
20211013151428,22550,22550,22550,22550,1
20211013151428,22555,22555,22555,22555,1
20211013151430,22550,22550,22550,22550,1
20211013151432,22550,22550,22550,22550,1
20211013151435,22550,22550,22550,22550,1
20211013151436,22550,22550,22550,22550,500
20211013151437,22550,22550,22550,22550,100
20211013151438,22545,22545,22545,22545,1202
20211013151441,22545,22545,22545,22545,5
20211013151442,22545,22545,22545,22545,10006
20211013151443,22540,22540,22540,22540,6527
20211013151446,22535,22535,22535,22535,1
20211013151451,22535,22535,22535,22535,1155
20211013151456,22545,22545,22545,22545,100
20211013151457,22545,22545,22545,22545,1
20211013151501,22550,22550,22550,22550,1
20211013151501,22550,22550,22550,22550,1
20211013151501,22545,22545,22545,22545,1
20211013151501,22550,22550,22550,22550,1
20211013151501,22550,22550,22550,22550,1
20211013151501,22545,22545,22545,22545,1000
20211013151501,22550,22550,22550,22550,1
20211013151502,22550,22550,22550,22550,1
20211013151502,22550,22550,22550,22550,209
20211013151502,22545,22545,22545,22545,1
20211013151504,22545,22545,22545,22545,1
20211013151504,22545,22545,22545,22545,1
20211013151504,22550,22550,22550,22550,1
20211013151504,22550,22550,22550,22550,1
20211013151505,22545,22545,22545,22545,1500
20211013151506,22545,22545,22545,22545,1
20211013151506,22550,22550,22550,22550,1
20211013151507,22545,22545,22545,22545,1
20211013151508,22550,22550,22550,22550,201
20211013151511,22550,22550,22550,22550,20
20211013151511,22550,22550,22550,22550,14
20211013151512,22550,22550,22550,22550,36
20211013151514,22545,22545,22545,22545,12
20211013151515,22550,22550,22550,22550,35
20211013151517,22545,22545,22545,22545,13
20211013151517,22550,22550,22550,22550,1
20211013151521,22545,22545,22545,22545,20
20211013151523,22550,22550,22550,22550,4
20211013151525,22545,22545,22545,22545,1
20211013151526,22545,22545,22545,22545,1
20211013151526,22545,22545,22545,22545,28
20211013151528,22545,22545,22545,22545,1
20211013151531,22540,22540,22540,22540,5
20211013151531,22540,22540,22540,22540,3014
20211013151532,22535,22535,22535,22535,200
20211013151533,22545,22545,22545,22545,200
20211013151538,22545,22545,22545,22545,1
20211013151539,22545,22545,22545,22545,1
20211013151541,22540,22540,22540,22540,1
20211013151545,22540,22540,22540,22540,10
20211013151546,22540,22540,22540,22540,10
20211013151546,22535,22535,22535,22535,90
20211013151547,22540,22540,22540,22540,1
20211013151548,22540,22540,22540,22540,99
20211013151550,22545,22545,22545,22545,100
20211013151551,22545,22545,22545,22545,1
20211013151553,22545,22545,22545,22545,2
20211013151555,22545,22545,22545,22545,1
20211013151559,22540,22540,22540,22540,1
20211013151604,22535,22535,22535,22535,200
20211013151605,22535,22535,22535,22535,3
20211013151611,22540,22540,22540,22540,1017
20211013151611,22535,22535,22535,22535,1017
20211013151611,22540,22540,22540,22540,1
20211013151611,22540,22540,22540,22540,228
20211013151612,22540,22540,22540,22540,1
20211013151614,22540,22540,22540,22540,350
20211013151615,22540,22540,22540,22540,1
20211013151616,22535,22535,22535,22535,1
20211013151616,22540,22540,22540,22540,1
20211013151616,22540,22540,22540,22540,1
20211013151616,22535,22535,22535,22535,1
20211013151616,22535,22535,22535,22535,1
20211013151617,22535,22535,22535,22535,1
20211013151618,22535,22535,22535,22535,1
20211013151618,22540,22540,22540,22540,5
20211013151618,22535,22535,22535,22535,1
20211013151618,22535,22535,22535,22535,1
20211013151621,22535,22535,22535,22535,1
20211013151622,22540,22540,22540,22540,1
20211013151623,22540,22540,22540,22540,1
20211013151624,22540,22540,22540,22540,5
20211013151625,22540,22540,22540,22540,4216
20211013151627,22535,22535,22535,22535,1
20211013151628,22535,22535,22535,22535,6765
20211013151631,22535,22535,22535,22535,1
20211013151631,22540,22540,22540,22540,1
20211013151634,22540,22540,22540,22540,5
20211013151636,22540,22540,22540,22540,2999
20211013151639,22540,22540,22540,22540,26
20211013151639,22540,22540,22540,22540,610
20211013151639,22540,22540,22540,22540,2364
20211013151639,22540,22540,22540,22540,3000
20211013151639,22540,22540,22540,22540,3000
20211013151639,22540,22540,22540,22540,2000
20211013151639,22540,22540,22540,22540,78
20211013151639,22540,22540,22540,22540,922
20211013151639,22540,22540,22540,22540,3000
20211013151639,22540,22540,22540,22540,3000
20211013151639,22540,22540,22540,22540,1078
20211013151639,22545,22545,22545,22545,1922
20211013151639,22540,22540,22540,22540,3000
20211013151639,22540,22540,22540,22540,3000
20211013151639,22545,22545,22545,22545,3000
20211013151639,22545,22545,22545,22545,3000
20211013151639,22545,22545,22545,22545,3000
20211013151639,22545,22545,22545,22545,3000
20211013151639,22545,22545,22545,22545,3000
20211013151639,22545,22545,22545,22545,3000
20211013151639,22545,22545,22545,22545,3000
20211013151639,22545,22545,22545,22545,3000
20211013151639,22545,22545,22545,22545,3000
20211013151639,22545,22545,22545,22545,3000
20211013151639,22545,22545,22545,22545,3000
20211013151639,22545,22545,22545,22545,3000
20211013151639,22545,22545,22545,22545,3000
20211013151639,22545,22545,22545,22545,3000
20211013151639,22545,22545,22545,22545,3000
20211013151639,22545,22545,22545,22545,3000
20211013151639,22545,22545,22545,22545,3000
20211013151639,22545,22545,22545,22545,3000
20211013151639,22545,22545,22545,22545,3000
20211013151639,22545,22545,22545,22545,3000
20211013151639,22545,22545,22545,22545,3000
20211013151639,22545,22545,22545,22545,3000
20211013151639,22545,22545,22545,22545,3000
20211013151639,22545,22545,22545,22545,1000
20211013151642,22540,22540,22540,22540,10
20211013151644,22540,22540,22540,22540,15
20211013151644,22545,22545,22545,22545,10
20211013151645,22540,22540,22540,22540,5
20211013151646,22535,22535,22535,22535,72
20211013151646,22535,22535,22535,22535,1053
20211013151649,22535,22535,22535,22535,110
20211013151649,22535,22535,22535,22535,110
20211013151650,22535,22535,22535,22535,100
20211013151650,22535,22535,22535,22535,30
20211013151651,22535,22535,22535,22535,775
20211013151651,22535,22535,22535,22535,700
20211013151651,22535,22535,22535,22535,2000
20211013151653,22540,22540,22540,22540,50
20211013151655,22535,22535,22535,22535,101
20211013151655,22530,22530,22530,22530,99
20211013151700,22530,22530,22530,22530,4
20211013151701,22530,22530,22530,22530,3219
20211013151705,22530,22530,22530,22530,10
20211013151705,22535,22535,22535,22535,50
20211013151705,22530,22530,22530,22530,34
20211013151716,22530,22530,22530,22530,101
20211013151716,22530,22530,22530,22530,1
20211013151719,22530,22530,22530,22530,11
20211013151719,22530,22530,22530,22530,1
20211013151721,22525,22525,22525,22525,1
20211013151721,22525,22525,22525,22525,1
20211013151721,22525,22525,22525,22525,1
20211013151721,22530,22530,22530,22530,1
20211013151721,22525,22525,22525,22525,1362
20211013151722,22525,22525,22525,22525,1
20211013151723,22530,22530,22530,22530,1
20211013151726,22530,22530,22530,22530,80
20211013151728,22520,22520,22520,22520,50
20211013151730,22525,22525,22525,22525,1
20211013151733,22525,22525,22525,22525,1
20211013151734,22525,22525,22525,22525,106
20211013151734,22525,22525,22525,22525,2
20211013151736,22525,22525,22525,22525,2
20211013151736,22520,22520,22520,22520,10
20211013151741,22520,22520,22520,22520,70
20211013151745,22525,22525,22525,22525,2
20211013151746,22525,22525,22525,22525,2
20211013151749,22525,22525,22525,22525,2
20211013151751,22520,22520,22520,22520,300
20211013151752,22525,22525,22525,22525,1
20211013151753,22525,22525,22525,22525,10
20211013151754,22520,22520,22520,22520,1
20211013151754,22520,22520,22520,22520,5809
20211013151755,22520,22520,22520,22520,5
20211013151757,22520,22520,22520,22520,100
20211013151757,22515,22515,22515,22515,345
20211013151757,22515,22515,22515,22515,1200
20211013151757,22520,22520,22520,22520,11
20211013151758,22515,22515,22515,22515,2
20211013151800,22520,22520,22520,22520,355
20211013151802,22520,22520,22520,22520,10
20211013151803,22515,22515,22515,22515,1
20211013151804,22520,22520,22520,22520,2
20211013151804,22515,22515,22515,22515,155
20211013151807,22515,22515,22515,22515,50
20211013151807,22510,22510,22510,22510,800
20211013151807,22510,22510,22510,22510,4
20211013151813,22515,22515,22515,22515,100
20211013151816,22515,22515,22515,22515,1000
20211013151816,22515,22515,22515,22515,1000
20211013151817,22520,22520,22520,22520,11
20211013151823,22520,22520,22520,22520,50
20211013151826,22520,22520,22520,22520,30
20211013151828,22515,22515,22515,22515,100
20211013151828,22520,22520,22520,22520,2018
20211013151829,22525,22525,22525,22525,5325
20211013151836,22520,22520,22520,22520,8
20211013151840,22520,22520,22520,22520,50
20211013151842,22520,22520,22520,22520,15
20211013151843,22520,22520,22520,22520,5
20211013151843,22520,22520,22520,22520,45
20211013151844,22515,22515,22515,22515,1
20211013151849,22520,22520,22520,22520,50
20211013151850,22525,22525,22525,22525,18
20211013151855,22520,22520,22520,22520,100
20211013151855,22525,22525,22525,22525,4
20211013151859,22520,22520,22520,22520,1
20211013151859,22520,22520,22520,22520,1
20211013151859,22520,22520,22520,22520,112
20211013151900,22520,22520,22520,22520,1500
20211013151900,22515,22515,22515,22515,44
20211013151901,22515,22515,22515,22515,1
20211013151901,22515,22515,22515,22515,1556
20211013151905,22515,22515,22515,22515,25
20211013151909,22525,22525,22525,22525,1
20211013151910,22520,22520,22520,22520,10
20211013151911,22520,22520,22520,22520,1
20211013151911,22520,22520,22520,22520,79
20211013151914,22525,22525,22525,22525,1
20211013151915,22525,22525,22525,22525,2
20211013151916,22520,22520,22520,22520,30
20211013151916,22520,22520,22520,22520,50
20211013151917,22525,22525,22525,22525,1000
20211013151919,22520,22520,22520,22520,2
20211013151919,22520,22520,22520,22520,100
20211013151919,22520,22520,22520,22520,3
20211013151924,22520,22520,22520,22520,33
20211013151924,22520,22520,22520,22520,67
20211013151925,22520,22520,22520,22520,884
20211013151925,22525,22525,22525,22525,1
20211013151925,22520,22520,22520,22520,200
20211013151926,22520,22520,22520,22520,211
20211013151927,22520,22520,22520,22520,50
20211013151929,22520,22520,22520,22520,200
20211013151930,22525,22525,22525,22525,185
20211013151930,22525,22525,22525,22525,5
20211013151930,22520,22520,22520,22520,10
20211013151932,22525,22525,22525,22525,101
20211013151932,22525,22525,22525,22525,133
20211013151932,22520,22520,22520,22520,1470
20211013151937,22520,22520,22520,22520,350
20211013151938,22520,22520,22520,22520,500
20211013151939,22525,22525,22525,22525,1
20211013151942,22525,22525,22525,22525,65
20211013151942,22520,22520,22520,22520,10
20211013151942,22525,22525,22525,22525,6171
20211013151943,22530,22530,22530,22530,1
20211013151944,22525,22525,22525,22525,30
20211013151948,22520,22520,22520,22520,10
20211013151948,22525,22525,22525,22525,1
20211013151948,22525,22525,22525,22525,133
20211013151950,22520,22520,22520,22520,100
20211013151950,22525,22525,22525,22525,100
20211013151951,22525,22525,22525,22525,222
20211013151952,22525,22525,22525,22525,1
20211013151956,22525,22525,22525,22525,1
20211013151958,22525,22525,22525,22525,1
20211013151958,22525,22525,22525,22525,30
20211013151958,22525,22525,22525,22525,20
20211013151959,22525,22525,22525,22525,50
20211013153027,22490,22490,22490,22490,160802